 -5.548  0.2078E-06
 -5.538  0.3213E-06
 -5.528  0.4914E-06
 -5.518  0.7434E-06
 -5.508  0.1113E-05
 -5.498  0.1647E-05
 -5.488  0.2413E-05
 -5.478  0.3497E-05
 -5.468  0.5013E-05
 -5.458  0.7109E-05
 -5.448  0.9973E-05
 -5.438  0.1384E-04
 -5.428  0.1901E-04
 -5.418  0.2582E-04
 -5.408  0.3470E-04
 -5.398  0.4614E-04
 -5.388  0.6070E-04
 -5.378  0.7901E-04
 -5.368  0.1017E-03
 -5.358  0.1296E-03
 -5.348  0.1634E-03
 -5.338  0.2039E-03
 -5.328  0.2517E-03
 -5.318  0.3075E-03
 -5.308  0.3718E-03
 -5.298  0.4449E-03
 -5.288  0.5271E-03
 -5.278  0.6181E-03
 -5.268  0.7177E-03
 -5.258  0.8253E-03
 -5.248  0.9399E-03
 -5.238  0.1061E-02
 -5.228  0.1186E-02
 -5.218  0.1314E-02
 -5.208  0.1445E-02
 -5.198  0.1575E-02
 -5.188  0.1705E-02
 -5.178  0.1833E-02
 -5.168  0.1958E-02
 -5.158  0.2080E-02
 -5.148  0.2199E-02
 -5.138  0.2315E-02
 -5.128  0.2430E-02
 -5.118  0.2546E-02
 -5.108  0.2663E-02
 -5.098  0.2785E-02
 -5.088  0.2914E-02
 -5.078  0.3052E-02
 -5.068  0.3201E-02
 -5.058  0.3364E-02
 -5.048  0.3541E-02
 -5.038  0.3736E-02
 -5.028  0.3947E-02
 -5.018  0.4176E-02
 -5.008  0.4421E-02
 -4.998  0.4681E-02
 -4.988  0.4954E-02
 -4.978  0.5238E-02
 -4.968  0.5528E-02
 -4.958  0.5821E-02
 -4.948  0.6113E-02
 -4.938  0.6398E-02
 -4.928  0.6672E-02
 -4.918  0.6930E-02
 -4.908  0.7167E-02
 -4.898  0.7379E-02
 -4.888  0.7561E-02
 -4.878  0.7711E-02
 -4.868  0.7825E-02
 -4.858  0.7902E-02
 -4.848  0.7939E-02
 -4.838  0.7936E-02
 -4.828  0.7894E-02
 -4.818  0.7813E-02
 -4.808  0.7694E-02
 -4.798  0.7538E-02
 -4.788  0.7348E-02
 -4.778  0.7126E-02
 -4.768  0.6874E-02
 -4.758  0.6596E-02
 -4.748  0.6294E-02
 -4.738  0.5972E-02
 -4.728  0.5633E-02
 -4.718  0.5280E-02
 -4.708  0.4918E-02
 -4.698  0.4551E-02
 -4.688  0.4182E-02
 -4.678  0.3815E-02
 -4.668  0.3454E-02
 -4.658  0.3104E-02
 -4.648  0.2766E-02
 -4.638  0.2445E-02
 -4.628  0.2143E-02
 -4.618  0.1862E-02
 -4.608  0.1603E-02
 -4.598  0.1368E-02
 -4.588  0.1157E-02
 -4.578  0.9685E-03
 -4.568  0.8032E-03
 -4.558  0.6596E-03
 -4.548  0.5364E-03
 -4.538  0.4319E-03
 -4.528  0.3442E-03
 -4.518  0.2716E-03
 -4.508  0.2121E-03
 -4.498  0.1639E-03
 -4.488  0.1254E-03
 -4.478  0.9493E-04
 -4.468  0.7112E-04
 -4.458  0.5272E-04
 -4.448  0.3867E-04
 -4.438  0.2807E-04
 -4.428  0.2016E-04
 -4.418  0.1432E-04
 -4.408  0.1007E-04
 -4.398  0.7003E-05
 -4.388  0.4819E-05
 -4.378  0.3281E-05
 -4.368  0.2210E-05
 -4.358  0.1473E-05
 -4.348  0.9710E-06
 -4.338  0.6333E-06
 -4.328  0.4087E-06
 -4.318  0.2609E-06
 -4.308  0.1647E-06
 -4.298  0.1029E-06
 -4.288  0.6361E-07
 -4.278  0.3890E-07
 -4.268  0.2353E-07
 -4.258  0.1408E-07
 -4.248  0.8334E-08
 -4.238  0.4880E-08
 -4.228  0.2827E-08
 -4.218  0.1620E-08
 -4.208  0.9187E-09
 -4.198  0.5153E-09
 -4.188  0.2859E-09
 -4.178  0.1569E-09
 -4.168  0.8521E-10
 -4.158  0.4577E-10
 -4.148  0.2432E-10
 -4.138  0.1279E-10
 -4.128  0.6650E-11
 -4.118  0.3421E-11
 -4.108  0.1741E-11
 -4.098  0.8766E-12
 -4.088  0.4366E-12
 -4.078  0.2151E-12
 -4.068  0.1048E-12
 -4.058  0.5055E-13
 -4.048  0.2411E-13
 -4.038  0.1138E-13
 -4.028  0.5311E-14
 -4.018  0.2453E-14
 -4.008  0.1120E-14
 -3.998  0.5063E-15
 -3.988  0.2263E-15
 -3.978  0.1001E-15
 -3.968  0.4379E-16
 -3.958  0.1895E-16
 -3.948  0.8115E-17
 -3.938  0.3437E-17
 -3.928  0.1440E-17
 -3.918  0.5969E-18
 -3.908  0.2447E-18
 -3.898  0.9928E-19
 -3.888  0.3984E-19
 -3.878  0.1581E-19
 -3.868  0.6210E-20
 -3.858  0.2412E-20
 -3.848  0.9271E-21
 -3.838  0.3525E-21
 -3.828  0.1326E-21
 -3.818  0.4932E-22
 -3.808  0.1815E-22
 -3.798  0.6609E-23
 -3.788  0.2380E-23
 -3.778  0.8481E-24
 -3.768  0.2989E-24
 -3.758  0.1042E-24
 -3.748  0.3596E-25
 -3.738  0.1227E-25
 -3.728  0.4142E-26
 -3.718  0.1383E-26
 -3.708  0.4570E-27
 -3.698  0.1493E-27
 -3.688  0.4828E-28
 -3.678  0.1544E-28
 -3.668  0.4885E-29
 -3.658  0.1529E-29
 -3.648  0.4734E-30
 -3.638  0.1450E-30
 -3.628  0.4394E-31
 -3.618  0.1317E-31
 -3.608  0.3905E-32
 -3.598  0.1146E-32
 -3.588  0.3324E-33
 -3.578  0.9543E-34
 -3.568  0.2710E-34
 -3.558  0.7613E-35
 -3.548  0.2116E-35
 -3.538  0.5817E-36
 -3.528  0.1582E-36
 -3.518  0.4257E-37
 -3.508  0.1133E-37
 -3.498  0.2983E-38
 -3.488  0.7770E-39
 -3.478  0.2002E-39
 -3.468  0.5103E-40
 -3.458  0.1287E-40
 -3.448  0.3210E-41
 -3.438  0.7922E-42
 -3.428  0.1934E-42
 -3.418  0.4670E-43
 -3.408  0.1116E-43
 -3.398  0.2637E-44
 -3.388  0.6165E-45
 -3.378  0.1426E-45
 -3.368  0.3263E-46
 -3.358  0.7384E-47
 -3.348  0.1653E-47
 -3.338  0.3662E-48
 -3.328  0.8025E-49
 -3.318  0.1740E-49
 -3.308  0.3730E-50
 -3.298  0.7913E-51
 -3.288  0.1661E-51
 -3.278  0.3448E-52
 -3.268  0.7080E-53
 -3.258  0.1438E-53
 -3.248  0.2891E-54
 -3.238  0.5748E-55
 -3.228  0.1130E-55
 -3.218  0.2200E-56
 -3.208  0.4234E-57
 -3.198  0.8061E-58
 -3.188  0.1518E-58
 -3.178  0.2830E-59
 -3.168  0.5216E-60
 -3.158  0.9511E-61
 -3.148  0.1716E-61
 -3.138  0.3062E-62
 -3.128  0.5406E-63
 -3.118  0.9441E-64
 -3.108  0.1631E-64
 -3.098  0.2788E-65
 -3.088  0.4713E-66
 -3.078  0.7883E-67
 -3.068  0.1304E-67
 -3.058  0.2135E-68
 -3.048  0.3457E-69
 -3.038  0.5538E-70
 -3.028  0.8775E-71
 -3.018  0.1376E-71
 -3.008  0.2133E-72
 -2.998  0.3278E-73
 -2.988  0.5322E-74
 -2.978  0.3104E-74
 -2.968  0.1558E-73
 -2.958  0.1004E-72
 -2.948  0.6440E-72
 -2.938  0.4089E-71
 -2.928  0.2568E-70
 -2.918  0.1596E-69
 -2.908  0.9809E-69
 -2.898  0.5965E-68
 -2.888  0.3588E-67
 -2.878  0.2135E-66
 -2.868  0.1257E-65
 -2.858  0.7320E-65
 -2.848  0.4217E-64
 -2.838  0.2404E-63
 -2.828  0.1355E-62
 -2.818  0.7558E-62
 -2.808  0.4170E-61
 -2.798  0.2276E-60
 -2.788  0.1229E-59
 -2.778  0.6564E-59
 -2.768  0.3468E-58
 -2.758  0.1813E-57
 -2.748  0.9375E-57
 -2.738  0.4796E-56
 -2.728  0.2427E-55
 -2.718  0.1215E-54
 -2.708  0.6017E-54
 -2.698  0.2948E-53
 -2.688  0.1429E-52
 -2.678  0.6850E-52
 -2.668  0.3249E-51
 -2.658  0.1524E-50
 -2.648  0.7075E-50
 -2.638  0.3249E-49
 -2.628  0.1476E-48
 -2.618  0.6630E-48
 -2.608  0.2947E-47
 -2.598  0.1296E-46
 -2.588  0.5638E-46
 -2.578  0.2426E-45
 -2.568  0.1033E-44
 -2.558  0.4350E-44
 -2.548  0.1812E-43
 -2.538  0.7469E-43
 -2.528  0.3045E-42
 -2.518  0.1228E-41
 -2.508  0.4901E-41
 -2.498  0.1934E-40
 -2.488  0.7553E-40
 -2.478  0.2918E-39
 -2.468  0.1115E-38
 -2.458  0.4214E-38
 -2.448  0.1576E-37
 -2.438  0.5830E-37
 -2.428  0.2133E-36
 -2.418  0.7724E-36
 -2.408  0.2766E-35
 -2.398  0.9800E-35
 -2.388  0.3435E-34
 -2.378  0.1191E-33
 -2.368  0.4085E-33
 -2.358  0.1386E-32
 -2.348  0.4652E-32
 -2.338  0.1545E-31
 -2.328  0.5074E-31
 -2.318  0.1649E-30
 -2.308  0.5300E-30
 -2.298  0.1685E-29
 -2.288  0.5302E-29
 -2.278  0.1650E-28
 -2.268  0.5080E-28
 -2.258  0.1547E-27
 -2.248  0.4661E-27
 -2.238  0.1389E-26
 -2.228  0.4096E-26
 -2.218  0.1195E-25
 -2.208  0.3447E-25
 -2.198  0.9840E-25
 -2.188  0.2779E-24
 -2.178  0.7762E-24
 -2.168  0.2145E-23
 -2.158  0.5863E-23
 -2.148  0.1586E-22
 -2.138  0.4242E-22
 -2.128  0.1123E-21
 -2.118  0.2939E-21
 -2.108  0.7612E-21
 -2.098  0.1950E-20
 -2.088  0.4943E-20
 -2.078  0.1239E-19
 -2.068  0.3074E-19
 -2.058  0.7544E-19
 -2.048  0.1831E-18
 -2.038  0.4397E-18
 -2.028  0.1045E-17
 -2.018  0.2455E-17
 -2.008  0.5707E-17
 -1.998  0.1313E-16
 -1.988  0.2986E-16
 -1.978  0.6721E-16
 -1.968  0.1497E-15
 -1.958  0.3296E-15
 -1.948  0.7183E-15
 -1.938  0.1548E-14
 -1.928  0.3302E-14
 -1.918  0.6966E-14
 -1.908  0.1454E-13
 -1.898  0.3002E-13
 -1.888  0.6131E-13
 -1.878  0.1239E-12
 -1.868  0.2476E-12
 -1.858  0.4897E-12
 -1.848  0.9581E-12
 -1.838  0.1854E-11
 -1.828  0.3551E-11
 -1.818  0.6726E-11
 -1.808  0.1260E-10
 -1.798  0.2337E-10
 -1.788  0.4287E-10
 -1.778  0.7779E-10
 -1.768  0.1397E-09
 -1.758  0.2481E-09
 -1.748  0.4361E-09
 -1.738  0.7583E-09
 -1.728  0.1305E-08
 -1.718  0.2221E-08
 -1.708  0.3740E-08
 -1.698  0.6234E-08
 -1.688  0.1028E-07
 -1.678  0.1678E-07
 -1.668  0.2709E-07
 -1.658  0.4330E-07
 -1.648  0.6847E-07
 -1.638  0.1072E-06
 -1.628  0.1660E-06
 -1.618  0.2546E-06
 -1.608  0.3864E-06
 -1.598  0.5806E-06
 -1.588  0.8636E-06
 -1.578  0.1272E-05
 -1.568  0.1854E-05
 -1.558  0.2678E-05
 -1.548  0.3829E-05
 -1.538  0.5423E-05
 -1.528  0.7609E-05
 -1.518  0.1058E-04
 -1.508  0.1456E-04
 -1.498  0.1988E-04
 -1.488  0.2688E-04
 -1.478  0.3604E-04
 -1.468  0.4790E-04
 -1.458  0.6312E-04
 -1.448  0.8249E-04
 -1.438  0.1069E-03
 -1.428  0.1375E-03
 -1.418  0.1753E-03
 -1.408  0.2219E-03
 -1.398  0.2787E-03
 -1.388  0.3473E-03
 -1.378  0.4296E-03
 -1.368  0.5275E-03
 -1.358  0.6428E-03
 -1.348  0.7775E-03
 -1.338  0.9334E-03
 -1.328  0.1112E-02
 -1.318  0.1315E-02
 -1.308  0.1544E-02
 -1.298  0.1798E-02
 -1.288  0.2078E-02
 -1.278  0.2382E-02
 -1.268  0.2710E-02
 -1.258  0.3056E-02
 -1.248  0.3419E-02
 -1.238  0.3793E-02
 -1.228  0.4171E-02
 -1.218  0.4546E-02
 -1.208  0.4912E-02
 -1.198  0.5259E-02
 -1.188  0.5579E-02
 -1.178  0.5864E-02
 -1.168  0.6105E-02
 -1.158  0.6296E-02
 -1.148  0.6430E-02
 -1.138  0.6503E-02
 -1.128  0.6512E-02
 -1.118  0.6457E-02
 -1.108  0.6339E-02
 -1.098  0.6160E-02
 -1.088  0.5926E-02
 -1.078  0.5643E-02
 -1.068  0.5318E-02
 -1.058  0.4961E-02
 -1.048  0.4580E-02
 -1.038  0.4184E-02
 -1.028  0.3783E-02
 -1.018  0.3385E-02
 -1.008  0.2998E-02
 -0.998  0.2627E-02
 -0.988  0.2279E-02
 -0.978  0.1957E-02
 -0.968  0.1664E-02
 -0.958  0.1401E-02
 -0.948  0.1171E-02
 -0.938  0.9712E-03
 -0.928  0.8022E-03
 -0.918  0.6624E-03
 -0.908  0.5503E-03
 -0.898  0.4645E-03
 -0.888  0.4032E-03
 -0.878  0.3653E-03
 -0.868  0.3498E-03
 -0.858  0.3559E-03
 -0.848  0.3833E-03
 -0.838  0.4320E-03
 -0.828  0.5023E-03
 -0.818  0.5948E-03
 -0.808  0.7100E-03
 -0.798  0.8487E-03
 -0.788  0.1011E-02
 -0.778  0.1198E-02
 -0.768  0.1409E-02
 -0.758  0.1644E-02
 -0.748  0.1901E-02
 -0.738  0.2179E-02
 -0.728  0.2476E-02
 -0.718  0.2790E-02
 -0.708  0.3117E-02
 -0.698  0.3454E-02
 -0.688  0.3799E-02
 -0.678  0.4147E-02
 -0.668  0.4497E-02
 -0.658  0.4848E-02
 -0.648  0.5197E-02
 -0.638  0.5546E-02
 -0.628  0.5895E-02
 -0.618  0.6248E-02
 -0.608  0.6607E-02
 -0.598  0.6978E-02
 -0.588  0.7364E-02
 -0.578  0.7772E-02
 -0.568  0.8207E-02
 -0.558  0.8671E-02
 -0.548  0.9167E-02
 -0.538  0.9696E-02
 -0.528  0.1026E-01
 -0.518  0.1084E-01
 -0.508  0.1145E-01
 -0.498  0.1206E-01
 -0.488  0.1268E-01
 -0.478  0.1327E-01
 -0.468  0.1383E-01
 -0.458  0.1434E-01
 -0.448  0.1479E-01
 -0.438  0.1515E-01
 -0.428  0.1541E-01
 -0.418  0.1557E-01
 -0.408  0.1561E-01
 -0.398  0.1553E-01
 -0.388  0.1533E-01
 -0.378  0.1501E-01
 -0.368  0.1459E-01
 -0.358  0.1407E-01
 -0.348  0.1347E-01
 -0.338  0.1280E-01
 -0.328  0.1209E-01
 -0.318  0.1135E-01
 -0.308  0.1060E-01
 -0.298  0.9854E-02
 -0.288  0.9133E-02
 -0.278  0.8447E-02
 -0.268  0.7807E-02
 -0.258  0.7220E-02
 -0.248  0.6690E-02
 -0.238  0.6219E-02
 -0.228  0.5804E-02
 -0.218  0.5442E-02
 -0.208  0.5128E-02
 -0.198  0.4854E-02
 -0.188  0.4614E-02
 -0.178  0.4400E-02
 -0.168  0.4206E-02
 -0.158  0.4025E-02
 -0.148  0.3851E-02
 -0.138  0.3683E-02
 -0.128  0.3518E-02
 -0.118  0.3356E-02
 -0.108  0.3198E-02
 -0.098  0.3047E-02
 -0.088  0.2907E-02
 -0.078  0.2783E-02
 -0.068  0.2681E-02
 -0.058  0.2607E-02
 -0.048  0.2567E-02
 -0.038  0.2565E-02
 -0.028  0.2608E-02
 -0.018  0.2700E-02
 -0.008  0.2844E-02
  0.002  0.3041E-02
  0.012  0.3293E-02
  0.022  0.3599E-02
  0.032  0.3956E-02
  0.042  0.4361E-02
  0.052  0.4808E-02
  0.062  0.5291E-02
  0.072  0.5801E-02
  0.082  0.6331E-02
  0.092  0.6870E-02
  0.102  0.7408E-02
  0.112  0.7936E-02
  0.122  0.8441E-02
  0.132  0.8915E-02
  0.142  0.9347E-02
  0.152  0.9728E-02
  0.162  0.1005E-01
  0.172  0.1031E-01
  0.182  0.1050E-01
  0.192  0.1062E-01
  0.202  0.1066E-01
  0.212  0.1064E-01
  0.222  0.1054E-01
  0.232  0.1038E-01
  0.242  0.1015E-01
  0.252  0.9879E-02
  0.262  0.9560E-02
  0.272  0.9206E-02
  0.282  0.8828E-02
  0.292  0.8433E-02
  0.302  0.8031E-02
  0.312  0.7631E-02
  0.322  0.7238E-02
  0.332  0.6859E-02
  0.342  0.6498E-02
  0.352  0.6157E-02
  0.362  0.5837E-02
  0.372  0.5537E-02
  0.382  0.5256E-02
  0.392  0.4991E-02
  0.402  0.4739E-02
  0.412  0.4497E-02
  0.422  0.4261E-02
  0.432  0.4028E-02
  0.442  0.3796E-02
  0.452  0.3564E-02
  0.462  0.3329E-02
  0.472  0.3092E-02
  0.482  0.2854E-02
  0.492  0.2616E-02
  0.502  0.2380E-02
  0.512  0.2147E-02
  0.522  0.1921E-02
  0.532  0.1704E-02
  0.542  0.1497E-02
  0.552  0.1303E-02
  0.562  0.1123E-02
  0.572  0.9591E-03
  0.582  0.8106E-03
  0.592  0.6783E-03
  0.602  0.5618E-03
  0.612  0.4605E-03
  0.622  0.3736E-03
  0.632  0.3000E-03
  0.642  0.2384E-03
  0.652  0.1874E-03
  0.662  0.1458E-03
  0.672  0.1123E-03
  0.682  0.8552E-04
  0.692  0.6446E-04
  0.702  0.4807E-04
  0.712  0.3547E-04
  0.722  0.2590E-04
  0.732  0.1871E-04
  0.742  0.1337E-04
  0.752  0.9456E-05
  0.762  0.6616E-05
  0.772  0.4580E-05
  0.782  0.3137E-05
  0.792  0.2125E-05
  0.802  0.1425E-05
  0.812  0.9452E-06
  0.822  0.6203E-06
  0.832  0.4028E-06
  0.842  0.2588E-06
