 -5.548  0.1338E-09
 -5.538  0.2069E-09
 -5.528  0.3164E-09
 -5.518  0.4787E-09
 -5.508  0.7166E-09
 -5.498  0.1061E-08
 -5.488  0.1555E-08
 -5.478  0.2254E-08
 -5.468  0.3232E-08
 -5.458  0.4585E-08
 -5.448  0.6435E-08
 -5.438  0.8936E-08
 -5.428  0.1228E-07
 -5.418  0.1669E-07
 -5.408  0.2245E-07
 -5.398  0.2988E-07
 -5.388  0.3936E-07
 -5.378  0.5130E-07
 -5.368  0.6617E-07
 -5.358  0.8447E-07
 -5.348  0.1067E-06
 -5.338  0.1335E-06
 -5.328  0.1654E-06
 -5.318  0.2028E-06
 -5.308  0.2463E-06
 -5.298  0.2963E-06
 -5.288  0.3532E-06
 -5.278  0.4171E-06
 -5.268  0.4884E-06
 -5.258  0.5670E-06
 -5.248  0.6530E-06
 -5.238  0.7463E-06
 -5.228  0.8468E-06
 -5.218  0.9542E-06
 -5.208  0.1069E-05
 -5.198  0.1190E-05
 -5.188  0.1318E-05
 -5.178  0.1452E-05
 -5.168  0.1594E-05
 -5.158  0.1742E-05
 -5.148  0.1898E-05
 -5.138  0.2060E-05
 -5.128  0.2230E-05
 -5.118  0.2406E-05
 -5.108  0.2589E-05
 -5.098  0.2776E-05
 -5.088  0.2966E-05
 -5.078  0.3158E-05
 -5.068  0.3349E-05
 -5.058  0.3536E-05
 -5.048  0.3715E-05
 -5.038  0.3884E-05
 -5.028  0.4038E-05
 -5.018  0.4174E-05
 -5.008  0.4290E-05
 -4.998  0.4381E-05
 -4.988  0.4448E-05
 -4.978  0.4487E-05
 -4.968  0.4500E-05
 -4.958  0.4487E-05
 -4.948  0.4449E-05
 -4.938  0.4390E-05
 -4.928  0.4311E-05
 -4.918  0.4218E-05
 -4.908  0.4114E-05
 -4.898  0.4003E-05
 -4.888  0.3890E-05
 -4.878  0.3776E-05
 -4.868  0.3667E-05
 -4.858  0.3564E-05
 -4.848  0.3468E-05
 -4.838  0.3381E-05
 -4.828  0.3302E-05
 -4.818  0.3230E-05
 -4.808  0.3165E-05
 -4.798  0.3102E-05
 -4.788  0.3042E-05
 -4.778  0.2979E-05
 -4.768  0.2913E-05
 -4.758  0.2841E-05
 -4.748  0.2760E-05
 -4.738  0.2670E-05
 -4.728  0.2569E-05
 -4.718  0.2456E-05
 -4.708  0.2333E-05
 -4.698  0.2200E-05
 -4.688  0.2058E-05
 -4.678  0.1909E-05
 -4.668  0.1756E-05
 -4.658  0.1601E-05
 -4.648  0.1446E-05
 -4.638  0.1294E-05
 -4.628  0.1147E-05
 -4.618  0.1006E-05
 -4.608  0.8744E-06
 -4.598  0.7520E-06
 -4.588  0.6403E-06
 -4.578  0.5396E-06
 -4.568  0.4500E-06
 -4.558  0.3715E-06
 -4.548  0.3034E-06
 -4.538  0.2452E-06
 -4.528  0.1961E-06
 -4.518  0.1552E-06
 -4.508  0.1215E-06
 -4.498  0.9416E-07
 -4.488  0.7218E-07
 -4.478  0.5474E-07
 -4.468  0.4107E-07
 -4.458  0.3049E-07
 -4.448  0.2239E-07
 -4.438  0.1627E-07
 -4.428  0.1169E-07
 -4.418  0.8315E-08
 -4.408  0.5850E-08
 -4.398  0.4071E-08
 -4.388  0.2803E-08
 -4.378  0.1909E-08
 -4.368  0.1287E-08
 -4.358  0.8578E-09
 -4.348  0.5657E-09
 -4.338  0.3690E-09
 -4.328  0.2382E-09
 -4.318  0.1521E-09
 -4.308  0.9605E-10
 -4.298  0.6002E-10
 -4.288  0.3710E-10
 -4.278  0.2269E-10
 -4.268  0.1372E-10
 -4.258  0.8213E-11
 -4.248  0.4862E-11
 -4.238  0.2847E-11
 -4.228  0.1650E-11
 -4.218  0.9455E-12
 -4.208  0.5361E-12
 -4.198  0.3007E-12
 -4.188  0.1668E-12
 -4.178  0.9157E-13
 -4.168  0.4972E-13
 -4.158  0.2671E-13
 -4.148  0.1419E-13
 -4.138  0.7461E-14
 -4.128  0.3880E-14
 -4.118  0.1996E-14
 -4.108  0.1016E-14
 -4.098  0.5114E-15
 -4.088  0.2547E-15
 -4.078  0.1255E-15
 -4.068  0.6117E-16
 -4.058  0.2949E-16
 -4.048  0.1407E-16
 -4.038  0.6638E-17
 -4.028  0.3099E-17
 -4.018  0.1431E-17
 -4.008  0.6536E-18
 -3.998  0.2954E-18
 -3.988  0.1320E-18
 -3.978  0.5839E-19
 -3.968  0.2555E-19
 -3.958  0.1106E-19
 -3.948  0.4733E-20
 -3.938  0.2005E-20
 -3.928  0.8400E-21
 -3.918  0.3482E-21
 -3.908  0.1428E-21
 -3.898  0.5790E-22
 -3.888  0.2323E-22
 -3.878  0.9223E-23
 -3.868  0.3622E-23
 -3.858  0.1407E-23
 -3.848  0.5407E-24
 -3.838  0.2055E-24
 -3.828  0.7730E-25
 -3.818  0.2876E-25
 -3.808  0.1058E-25
 -3.798  0.3854E-26
 -3.788  0.1388E-26
 -3.778  0.4945E-27
 -3.768  0.1743E-27
 -3.758  0.6078E-28
 -3.748  0.2097E-28
 -3.738  0.7154E-29
 -3.728  0.2415E-29
 -3.718  0.8064E-30
 -3.708  0.2664E-30
 -3.698  0.8706E-31
 -3.688  0.2815E-31
 -3.678  0.9002E-32
 -3.668  0.2848E-32
 -3.658  0.8913E-33
 -3.648  0.2760E-33
 -3.638  0.8453E-34
 -3.628  0.2561E-34
 -3.618  0.7677E-35
 -3.608  0.2276E-35
 -3.598  0.6677E-36
 -3.588  0.1938E-36
 -3.578  0.5562E-37
 -3.568  0.1579E-37
 -3.558  0.4437E-38
 -3.548  0.1233E-38
 -3.538  0.3390E-39
 -3.528  0.9220E-40
 -3.518  0.2481E-40
 -3.508  0.6602E-41
 -3.498  0.1738E-41
 -3.488  0.4528E-42
 -3.478  0.1167E-42
 -3.468  0.2974E-43
 -3.458  0.7499E-44
 -3.448  0.1871E-44
 -3.438  0.4616E-45
 -3.428  0.1127E-45
 -3.418  0.2721E-46
 -3.408  0.6501E-47
 -3.398  0.1536E-47
 -3.388  0.3592E-48
 -3.378  0.8307E-49
 -3.368  0.1901E-49
 -3.358  0.4302E-50
 -3.348  0.9632E-51
 -3.338  0.2134E-51
 -3.328  0.4675E-52
 -3.318  0.1013E-52
 -3.308  0.2173E-53
 -3.298  0.4609E-54
 -3.288  0.9673E-55
 -3.278  0.2008E-55
 -3.268  0.4124E-56
 -3.258  0.8378E-57
 -3.248  0.1684E-57
 -3.238  0.3348E-58
 -3.228  0.6584E-59
 -3.218  0.1281E-59
 -3.208  0.2466E-60
 -3.198  0.4695E-61
 -3.188  0.8843E-62
 -3.178  0.1648E-62
 -3.168  0.3037E-63
 -3.158  0.5539E-64
 -3.148  0.9992E-65
 -3.138  0.1783E-65
 -3.128  0.3148E-66
 -3.118  0.5497E-67
 -3.108  0.9497E-68
 -3.098  0.1623E-68
 -3.088  0.2744E-69
 -3.078  0.4590E-70
 -3.068  0.7594E-71
 -3.058  0.1243E-71
 -3.048  0.2013E-72
 -3.038  0.3224E-73
 -3.028  0.5109E-74
 -3.018  0.8008E-75
 -3.008  0.1244E-75
 -2.998  0.2021E-76
 -2.988  0.1068E-76
 -2.978  0.5208E-76
 -2.968  0.3388E-75
 -2.958  0.2198E-74
 -2.948  0.1411E-73
 -2.938  0.8956E-73
 -2.928  0.5626E-72
 -2.918  0.3496E-71
 -2.908  0.2149E-70
 -2.898  0.1307E-69
 -2.888  0.7860E-69
 -2.878  0.4677E-68
 -2.868  0.2753E-67
 -2.858  0.1603E-66
 -2.848  0.9238E-66
 -2.838  0.5265E-65
 -2.828  0.2968E-64
 -2.818  0.1655E-63
 -2.808  0.9134E-63
 -2.798  0.4985E-62
 -2.788  0.2692E-61
 -2.778  0.1438E-60
 -2.768  0.7597E-60
 -2.758  0.3971E-59
 -2.748  0.2054E-58
 -2.738  0.1051E-57
 -2.728  0.5316E-57
 -2.718  0.2661E-56
 -2.708  0.1318E-55
 -2.698  0.6457E-55
 -2.688  0.3129E-54
 -2.678  0.1500E-53
 -2.668  0.7116E-53
 -2.658  0.3339E-52
 -2.648  0.1550E-51
 -2.638  0.7116E-51
 -2.628  0.3232E-50
 -2.618  0.1452E-49
 -2.608  0.6456E-49
 -2.598  0.2839E-48
 -2.588  0.1235E-47
 -2.578  0.5315E-47
 -2.568  0.2263E-46
 -2.558  0.9529E-46
 -2.548  0.3970E-45
 -2.538  0.1636E-44
 -2.528  0.6671E-44
 -2.518  0.2690E-43
 -2.508  0.1073E-42
 -2.498  0.4237E-42
 -2.488  0.1654E-41
 -2.478  0.6391E-41
 -2.468  0.2442E-40
 -2.458  0.9231E-40
 -2.448  0.3452E-39
 -2.438  0.1277E-38
 -2.428  0.4673E-38
 -2.418  0.1692E-37
 -2.408  0.6059E-37
 -2.398  0.2147E-36
 -2.388  0.7524E-36
 -2.378  0.2609E-35
 -2.368  0.8947E-35
 -2.358  0.3036E-34
 -2.348  0.1019E-33
 -2.338  0.3383E-33
 -2.328  0.1111E-32
 -2.318  0.3611E-32
 -2.308  0.1161E-31
 -2.298  0.3692E-31
 -2.288  0.1161E-30
 -2.278  0.3614E-30
 -2.268  0.1113E-29
 -2.258  0.3389E-29
 -2.248  0.1021E-28
 -2.238  0.3043E-28
 -2.228  0.8972E-28
 -2.218  0.2617E-27
 -2.208  0.7551E-27
 -2.198  0.2155E-26
 -2.188  0.6086E-26
 -2.178  0.1700E-25
 -2.168  0.4698E-25
 -2.158  0.1284E-24
 -2.148  0.3473E-24
 -2.138  0.9291E-24
 -2.128  0.2459E-23
 -2.118  0.6437E-23
 -2.108  0.1667E-22
 -2.098  0.4271E-22
 -2.088  0.1083E-21
 -2.078  0.2714E-21
 -2.068  0.6733E-21
 -2.058  0.1652E-20
 -2.048  0.4010E-20
 -2.038  0.9629E-20
 -2.028  0.2287E-19
 -2.018  0.5375E-19
 -2.008  0.1250E-18
 -1.998  0.2874E-18
 -1.988  0.6538E-18
 -1.978  0.1471E-17
 -1.968  0.3276E-17
 -1.958  0.7215E-17
 -1.948  0.1572E-16
 -1.938  0.3388E-16
 -1.928  0.7225E-16
 -1.918  0.1524E-15
 -1.908  0.3180E-15
 -1.898  0.6565E-15
 -1.888  0.1341E-14
 -1.878  0.2708E-14
 -1.868  0.5413E-14
 -1.858  0.1070E-13
 -1.848  0.2093E-13
 -1.838  0.4050E-13
 -1.828  0.7752E-13
 -1.818  0.1468E-12
 -1.808  0.2750E-12
 -1.798  0.5095E-12
 -1.788  0.9341E-12
 -1.778  0.1694E-11
 -1.768  0.3040E-11
 -1.758  0.5395E-11
 -1.748  0.9474E-11
 -1.738  0.1646E-10
 -1.728  0.2828E-10
 -1.718  0.4809E-10
 -1.708  0.8089E-10
 -1.698  0.1346E-09
 -1.688  0.2216E-09
 -1.678  0.3609E-09
 -1.668  0.5816E-09
 -1.658  0.9273E-09
 -1.648  0.1463E-08
 -1.638  0.2283E-08
 -1.628  0.3524E-08
 -1.618  0.5384E-08
 -1.608  0.8138E-08
 -1.598  0.1217E-07
 -1.588  0.1801E-07
 -1.578  0.2638E-07
 -1.568  0.3822E-07
 -1.558  0.5481E-07
 -1.548  0.7778E-07
 -1.538  0.1092E-06
 -1.528  0.1518E-06
 -1.518  0.2089E-06
 -1.508  0.2844E-06
 -1.498  0.3833E-06
 -1.488  0.5114E-06
 -1.478  0.6756E-06
 -1.468  0.8835E-06
 -1.458  0.1144E-05
 -1.448  0.1467E-05
 -1.438  0.1863E-05
 -1.428  0.2344E-05
 -1.418  0.2921E-05
 -1.408  0.3606E-05
 -1.398  0.4410E-05
 -1.388  0.5346E-05
 -1.378  0.6423E-05
 -1.368  0.7649E-05
 -1.358  0.9031E-05
 -1.348  0.1057E-04
 -1.338  0.1228E-04
 -1.328  0.1414E-04
 -1.318  0.1615E-04
 -1.308  0.1830E-04
 -1.298  0.2058E-04
 -1.288  0.2297E-04
 -1.278  0.2544E-04
 -1.268  0.2797E-04
 -1.258  0.3052E-04
 -1.248  0.3305E-04
 -1.238  0.3554E-04
 -1.228  0.3792E-04
 -1.218  0.4016E-04
 -1.208  0.4222E-04
 -1.198  0.4405E-04
 -1.188  0.4560E-04
 -1.178  0.4685E-04
 -1.168  0.4774E-04
 -1.158  0.4826E-04
 -1.148  0.4839E-04
 -1.138  0.4812E-04
 -1.128  0.4744E-04
 -1.118  0.4637E-04
 -1.108  0.4493E-04
 -1.098  0.4314E-04
 -1.088  0.4105E-04
 -1.078  0.3870E-04
 -1.068  0.3615E-04
 -1.058  0.3345E-04
 -1.048  0.3066E-04
 -1.038  0.2783E-04
 -1.028  0.2502E-04
 -1.018  0.2227E-04
 -1.008  0.1964E-04
 -0.998  0.1715E-04
 -0.988  0.1484E-04
 -0.978  0.1272E-04
 -0.968  0.1082E-04
 -0.958  0.9148E-05
 -0.948  0.7702E-05
 -0.938  0.6486E-05
 -0.928  0.5498E-05
 -0.918  0.4736E-05
 -0.908  0.4199E-05
 -0.898  0.3886E-05
 -0.888  0.3800E-05
 -0.878  0.3947E-05
 -0.868  0.4337E-05
 -0.858  0.4982E-05
 -0.848  0.5900E-05
 -0.838  0.7111E-05
 -0.828  0.8636E-05
 -0.818  0.1050E-04
 -0.808  0.1271E-04
 -0.798  0.1530E-04
 -0.788  0.1827E-04
 -0.778  0.2162E-04
 -0.768  0.2535E-04
 -0.758  0.2944E-04
 -0.748  0.3386E-04
 -0.738  0.3857E-04
 -0.728  0.4350E-04
 -0.718  0.4859E-04
 -0.708  0.5377E-04
 -0.698  0.5894E-04
 -0.688  0.6401E-04
 -0.678  0.6891E-04
 -0.668  0.7354E-04
 -0.658  0.7783E-04
 -0.648  0.8173E-04
 -0.638  0.8519E-04
 -0.628  0.8820E-04
 -0.618  0.9075E-04
 -0.608  0.9288E-04
 -0.598  0.9462E-04
 -0.588  0.9605E-04
 -0.578  0.9725E-04
 -0.568  0.9831E-04
 -0.558  0.9933E-04
 -0.548  0.1004E-03
 -0.538  0.1016E-03
 -0.528  0.1030E-03
 -0.518  0.1046E-03
 -0.508  0.1065E-03
 -0.498  0.1086E-03
 -0.488  0.1109E-03
 -0.478  0.1134E-03
 -0.468  0.1160E-03
 -0.458  0.1185E-03
 -0.448  0.1208E-03
 -0.438  0.1229E-03
 -0.428  0.1246E-03
 -0.418  0.1257E-03
 -0.408  0.1262E-03
 -0.398  0.1260E-03
 -0.388  0.1250E-03
 -0.378  0.1233E-03
 -0.368  0.1208E-03
 -0.358  0.1175E-03
 -0.348  0.1136E-03
 -0.338  0.1090E-03
 -0.328  0.1040E-03
 -0.318  0.9859E-04
 -0.308  0.9295E-04
 -0.298  0.8719E-04
 -0.288  0.8143E-04
 -0.278  0.7578E-04
 -0.268  0.7034E-04
 -0.258  0.6518E-04
 -0.248  0.6036E-04
 -0.238  0.5592E-04
 -0.228  0.5188E-04
 -0.218  0.4823E-04
 -0.208  0.4497E-04
 -0.198  0.4206E-04
 -0.188  0.3948E-04
 -0.178  0.3718E-04
 -0.168  0.3514E-04
 -0.158  0.3333E-04
 -0.148  0.3171E-04
 -0.138  0.3029E-04
 -0.128  0.2907E-04
 -0.118  0.2806E-04
 -0.108  0.2731E-04
 -0.098  0.2685E-04
 -0.088  0.2675E-04
 -0.078  0.2708E-04
 -0.068  0.2792E-04
 -0.058  0.2937E-04
 -0.048  0.3151E-04
 -0.038  0.3444E-04
 -0.028  0.3824E-04
 -0.018  0.4300E-04
 -0.008  0.4878E-04
  0.002  0.5565E-04
  0.012  0.6363E-04
  0.022  0.7275E-04
  0.032  0.8299E-04
  0.042  0.9432E-04
  0.052  0.1067E-03
  0.062  0.1200E-03
  0.072  0.1341E-03
  0.082  0.1489E-03
  0.092  0.1642E-03
  0.102  0.1798E-03
  0.112  0.1955E-03
  0.122  0.2112E-03
  0.132  0.2265E-03
  0.142  0.2413E-03
  0.152  0.2554E-03
  0.162  0.2686E-03
  0.172  0.2808E-03
  0.182  0.2918E-03
  0.192  0.3018E-03
  0.202  0.3106E-03
  0.212  0.3183E-03
  0.222  0.3250E-03
  0.232  0.3309E-03
  0.242  0.3361E-03
  0.252  0.3410E-03
  0.262  0.3457E-03
  0.272  0.3505E-03
  0.282  0.3556E-03
  0.292  0.3610E-03
  0.302  0.3670E-03
  0.312  0.3735E-03
  0.322  0.3804E-03
  0.332  0.3876E-03
  0.342  0.3949E-03
  0.352  0.4020E-03
  0.362  0.4084E-03
  0.372  0.4138E-03
  0.382  0.4178E-03
  0.392  0.4198E-03
  0.402  0.4196E-03
  0.412  0.4168E-03
  0.422  0.4112E-03
  0.432  0.4027E-03
  0.442  0.3912E-03
  0.452  0.3769E-03
  0.462  0.3599E-03
  0.472  0.3405E-03
  0.482  0.3192E-03
  0.492  0.2964E-03
  0.502  0.2725E-03
  0.512  0.2480E-03
  0.522  0.2235E-03
  0.532  0.1993E-03
  0.542  0.1760E-03
  0.552  0.1538E-03
  0.562  0.1330E-03
  0.572  0.1138E-03
  0.582  0.9633E-04
  0.592  0.8071E-04
  0.602  0.6691E-04
  0.612  0.5489E-04
  0.622  0.4455E-04
  0.632  0.3578E-04
  0.642  0.2843E-04
  0.652  0.2235E-04
  0.662  0.1739E-04
  0.672  0.1338E-04
  0.682  0.1019E-04
  0.692  0.7676E-05
  0.702  0.5722E-05
  0.712  0.4220E-05
  0.722  0.3079E-05
  0.732  0.2223E-05
  0.742  0.1587E-05
  0.752  0.1122E-05
  0.762  0.7843E-06
  0.772  0.5425E-06
  0.782  0.3713E-06
  0.792  0.2514E-06
  0.802  0.1684E-06
  0.812  0.1116E-06
  0.822  0.7319E-07
  0.832  0.4748E-07
  0.842  0.3048E-07
