 -5.548  0.4999E-06
 -5.538  0.7729E-06
 -5.528  0.1182E-05
 -5.518  0.1789E-05
 -5.508  0.2677E-05
 -5.498  0.3964E-05
 -5.488  0.5807E-05
 -5.478  0.8416E-05
 -5.468  0.1207E-04
 -5.458  0.1711E-04
 -5.448  0.2402E-04
 -5.438  0.3334E-04
 -5.428  0.4579E-04
 -5.418  0.6223E-04
 -5.408  0.8367E-04
 -5.398  0.1113E-03
 -5.388  0.1465E-03
 -5.378  0.1908E-03
 -5.368  0.2459E-03
 -5.358  0.3135E-03
 -5.348  0.3957E-03
 -5.338  0.4943E-03
 -5.328  0.6111E-03
 -5.318  0.7478E-03
 -5.308  0.9060E-03
 -5.298  0.1087E-02
 -5.288  0.1291E-02
 -5.278  0.1519E-02
 -5.268  0.1771E-02
 -5.258  0.2045E-02
 -5.248  0.2342E-02
 -5.238  0.2659E-02
 -5.228  0.2994E-02
 -5.218  0.3345E-02
 -5.208  0.3711E-02
 -5.198  0.4089E-02
 -5.188  0.4478E-02
 -5.178  0.4877E-02
 -5.168  0.5285E-02
 -5.158  0.5702E-02
 -5.148  0.6130E-02
 -5.138  0.6570E-02
 -5.128  0.7023E-02
 -5.118  0.7493E-02
 -5.108  0.7982E-02
 -5.098  0.8492E-02
 -5.088  0.9024E-02
 -5.078  0.9581E-02
 -5.068  0.1016E-01
 -5.058  0.1077E-01
 -5.048  0.1139E-01
 -5.038  0.1203E-01
 -5.028  0.1269E-01
 -5.018  0.1336E-01
 -5.008  0.1402E-01
 -4.998  0.1468E-01
 -4.988  0.1533E-01
 -4.978  0.1595E-01
 -4.968  0.1655E-01
 -4.958  0.1711E-01
 -4.948  0.1763E-01
 -4.938  0.1809E-01
 -4.928  0.1850E-01
 -4.918  0.1885E-01
 -4.908  0.1913E-01
 -4.898  0.1934E-01
 -4.888  0.1949E-01
 -4.878  0.1955E-01
 -4.868  0.1955E-01
 -4.858  0.1947E-01
 -4.848  0.1932E-01
 -4.838  0.1910E-01
 -4.828  0.1881E-01
 -4.818  0.1845E-01
 -4.808  0.1802E-01
 -4.798  0.1754E-01
 -4.788  0.1700E-01
 -4.778  0.1641E-01
 -4.768  0.1577E-01
 -4.758  0.1508E-01
 -4.748  0.1435E-01
 -4.738  0.1359E-01
 -4.728  0.1279E-01
 -4.718  0.1198E-01
 -4.708  0.1115E-01
 -4.698  0.1031E-01
 -4.688  0.9466E-02
 -4.678  0.8633E-02
 -4.668  0.7816E-02
 -4.658  0.7022E-02
 -4.648  0.6259E-02
 -4.638  0.5533E-02
 -4.628  0.4850E-02
 -4.618  0.4214E-02
 -4.608  0.3629E-02
 -4.598  0.3097E-02
 -4.588  0.2618E-02
 -4.578  0.2193E-02
 -4.568  0.1819E-02
 -4.558  0.1494E-02
 -4.548  0.1215E-02
 -4.538  0.9784E-03
 -4.528  0.7799E-03
 -4.518  0.6154E-03
 -4.508  0.4806E-03
 -4.498  0.3715E-03
 -4.488  0.2842E-03
 -4.478  0.2152E-03
 -4.468  0.1612E-03
 -4.458  0.1195E-03
 -4.448  0.8766E-04
 -4.438  0.6362E-04
 -4.428  0.4569E-04
 -4.418  0.3247E-04
 -4.408  0.2283E-04
 -4.398  0.1588E-04
 -4.388  0.1093E-04
 -4.378  0.7439E-05
 -4.368  0.5011E-05
 -4.358  0.3339E-05
 -4.348  0.2202E-05
 -4.338  0.1436E-05
 -4.328  0.9266E-06
 -4.318  0.5915E-06
 -4.308  0.3735E-06
 -4.298  0.2334E-06
 -4.288  0.1442E-06
 -4.278  0.8819E-07
 -4.268  0.5334E-07
 -4.258  0.3192E-07
 -4.248  0.1890E-07
 -4.238  0.1107E-07
 -4.228  0.6411E-08
 -4.218  0.3674E-08
 -4.208  0.2083E-08
 -4.198  0.1168E-08
 -4.188  0.6483E-09
 -4.178  0.3558E-09
 -4.168  0.1932E-09
 -4.158  0.1038E-09
 -4.148  0.5515E-10
 -4.138  0.2899E-10
 -4.128  0.1508E-10
 -4.118  0.7757E-11
 -4.108  0.3948E-11
 -4.098  0.1988E-11
 -4.088  0.9899E-12
 -4.078  0.4877E-12
 -4.068  0.2377E-12
 -4.058  0.1146E-12
 -4.048  0.5467E-13
 -4.038  0.2580E-13
 -4.028  0.1204E-13
 -4.018  0.5561E-14
 -4.008  0.2540E-14
 -3.998  0.1148E-14
 -3.988  0.5132E-15
 -3.978  0.2270E-15
 -3.968  0.9930E-16
 -3.958  0.4297E-16
 -3.948  0.1840E-16
 -3.938  0.7793E-17
 -3.928  0.3265E-17
 -3.918  0.1353E-17
 -3.908  0.5549E-18
 -3.898  0.2251E-18
 -3.888  0.9033E-19
 -3.878  0.3586E-19
 -3.868  0.1408E-19
 -3.858  0.5470E-20
 -3.848  0.2102E-20
 -3.838  0.7992E-21
 -3.828  0.3006E-21
 -3.818  0.1118E-21
 -3.808  0.4115E-22
 -3.798  0.1498E-22
 -3.788  0.5397E-23
 -3.778  0.1923E-23
 -3.768  0.6778E-24
 -3.758  0.2364E-24
 -3.748  0.8153E-25
 -3.738  0.2782E-25
 -3.728  0.9392E-26
 -3.718  0.3136E-26
 -3.708  0.1036E-26
 -3.698  0.3386E-27
 -3.688  0.1095E-27
 -3.678  0.3501E-28
 -3.668  0.1108E-28
 -3.658  0.3467E-29
 -3.648  0.1073E-29
 -3.638  0.3288E-30
 -3.628  0.9962E-31
 -3.618  0.2986E-31
 -3.608  0.8855E-32
 -3.598  0.2597E-32
 -3.588  0.7537E-33
 -3.578  0.2164E-33
 -3.568  0.6145E-34
 -3.558  0.1726E-34
 -3.548  0.4797E-35
 -3.538  0.1319E-35
 -3.528  0.3587E-36
 -3.518  0.9651E-37
 -3.508  0.2569E-37
 -3.498  0.6764E-38
 -3.488  0.1762E-38
 -3.478  0.4540E-39
 -3.468  0.1157E-39
 -3.458  0.2918E-40
 -3.448  0.7279E-41
 -3.438  0.1796E-41
 -3.428  0.4385E-42
 -3.418  0.1059E-42
 -3.408  0.2530E-43
 -3.398  0.5979E-44
 -3.388  0.1398E-44
 -3.378  0.3233E-45
 -3.368  0.7397E-46
 -3.358  0.1674E-46
 -3.348  0.3749E-47
 -3.338  0.8304E-48
 -3.328  0.1820E-48
 -3.318  0.3944E-49
 -3.308  0.8458E-50
 -3.298  0.1794E-50
 -3.288  0.3765E-51
 -3.278  0.7817E-52
 -3.268  0.1605E-52
 -3.258  0.3261E-53
 -3.248  0.6555E-54
 -3.238  0.1303E-54
 -3.228  0.2563E-55
 -3.218  0.4987E-56
 -3.208  0.9599E-57
 -3.198  0.1828E-57
 -3.188  0.3443E-58
 -3.178  0.6415E-59
 -3.168  0.1183E-59
 -3.158  0.2157E-60
 -3.148  0.3890E-61
 -3.138  0.6943E-62
 -3.128  0.1226E-62
 -3.118  0.2141E-63
 -3.108  0.3698E-64
 -3.098  0.6321E-65
 -3.088  0.1069E-65
 -3.078  0.1787E-66
 -3.068  0.2957E-67
 -3.058  0.4841E-68
 -3.048  0.7838E-69
 -3.038  0.1256E-69
 -3.028  0.1990E-70
 -3.018  0.3119E-71
 -3.008  0.4837E-72
 -2.998  0.7437E-73
 -2.988  0.1239E-73
 -2.978  0.9149E-74
 -2.968  0.4917E-73
 -2.958  0.3174E-72
 -2.948  0.2037E-71
 -2.938  0.1293E-70
 -2.928  0.8124E-70
 -2.918  0.5048E-69
 -2.908  0.3103E-68
 -2.898  0.1887E-67
 -2.888  0.1135E-66
 -2.878  0.6754E-66
 -2.868  0.3976E-65
 -2.858  0.2315E-64
 -2.848  0.1334E-63
 -2.838  0.7602E-63
 -2.828  0.4286E-62
 -2.818  0.2391E-61
 -2.808  0.1319E-60
 -2.798  0.7199E-60
 -2.788  0.3887E-59
 -2.778  0.2076E-58
 -2.768  0.1097E-57
 -2.758  0.5735E-57
 -2.748  0.2965E-56
 -2.738  0.1517E-55
 -2.728  0.7677E-55
 -2.718  0.3843E-54
 -2.708  0.1903E-53
 -2.698  0.9324E-53
 -2.688  0.4519E-52
 -2.678  0.2167E-51
 -2.668  0.1028E-50
 -2.658  0.4821E-50
 -2.648  0.2238E-49
 -2.638  0.1028E-48
 -2.628  0.4667E-48
 -2.618  0.2097E-47
 -2.608  0.9323E-47
 -2.598  0.4100E-46
 -2.588  0.1783E-45
 -2.578  0.7675E-45
 -2.568  0.3267E-44
 -2.558  0.1376E-43
 -2.548  0.5733E-43
 -2.538  0.2363E-42
 -2.528  0.9633E-42
 -2.518  0.3885E-41
 -2.508  0.1550E-40
 -2.498  0.6119E-40
 -2.488  0.2389E-39
 -2.478  0.9228E-39
 -2.468  0.3526E-38
 -2.458  0.1333E-37
 -2.448  0.4985E-37
 -2.438  0.1844E-36
 -2.428  0.6748E-36
 -2.418  0.2443E-35
 -2.408  0.8750E-35
 -2.398  0.3100E-34
 -2.388  0.1086E-33
 -2.378  0.3767E-33
 -2.368  0.1292E-32
 -2.358  0.4384E-32
 -2.348  0.1471E-31
 -2.338  0.4886E-31
 -2.328  0.1605E-30
 -2.318  0.5215E-30
 -2.308  0.1676E-29
 -2.298  0.5331E-29
 -2.288  0.1677E-28
 -2.278  0.5219E-28
 -2.268  0.1607E-27
 -2.258  0.4894E-27
 -2.248  0.1474E-26
 -2.238  0.4394E-26
 -2.228  0.1296E-25
 -2.218  0.3779E-25
 -2.208  0.1090E-24
 -2.198  0.3112E-24
 -2.188  0.8789E-24
 -2.178  0.2455E-23
 -2.168  0.6784E-23
 -2.158  0.1855E-22
 -2.148  0.5015E-22
 -2.138  0.1342E-21
 -2.128  0.3551E-21
 -2.118  0.9296E-21
 -2.108  0.2408E-20
 -2.098  0.6169E-20
 -2.088  0.1564E-19
 -2.078  0.3920E-19
 -2.068  0.9724E-19
 -2.058  0.2386E-18
 -2.048  0.5792E-18
 -2.038  0.1391E-17
 -2.028  0.3304E-17
 -2.018  0.7765E-17
 -2.008  0.1805E-16
 -1.998  0.4152E-16
 -1.988  0.9445E-16
 -1.978  0.2126E-15
 -1.968  0.4733E-15
 -1.958  0.1043E-14
 -1.948  0.2272E-14
 -1.938  0.4897E-14
 -1.928  0.1044E-13
 -1.918  0.2203E-13
 -1.908  0.4598E-13
 -1.898  0.9492E-13
 -1.888  0.1939E-12
 -1.878  0.3917E-12
 -1.868  0.7830E-12
 -1.858  0.1548E-11
 -1.848  0.3029E-11
 -1.838  0.5862E-11
 -1.828  0.1122E-10
 -1.818  0.2126E-10
 -1.808  0.3984E-10
 -1.798  0.7386E-10
 -1.788  0.1355E-09
 -1.778  0.2458E-09
 -1.768  0.4412E-09
 -1.758  0.7837E-09
 -1.748  0.1377E-08
 -1.738  0.2394E-08
 -1.728  0.4118E-08
 -1.718  0.7008E-08
 -1.708  0.1180E-07
 -1.698  0.1966E-07
 -1.688  0.3241E-07
 -1.678  0.5286E-07
 -1.668  0.8532E-07
 -1.658  0.1363E-06
 -1.648  0.2154E-06
 -1.638  0.3368E-06
 -1.628  0.5214E-06
 -1.618  0.7987E-06
 -1.608  0.1211E-05
 -1.598  0.1817E-05
 -1.588  0.2700E-05
 -1.578  0.3970E-05
 -1.568  0.5780E-05
 -1.558  0.8330E-05
 -1.548  0.1189E-04
 -1.538  0.1680E-04
 -1.528  0.2351E-04
 -1.518  0.3259E-04
 -1.508  0.4474E-04
 -1.498  0.6085E-04
 -1.488  0.8200E-04
 -1.478  0.1095E-03
 -1.468  0.1449E-03
 -1.458  0.1900E-03
 -1.448  0.2471E-03
 -1.438  0.3185E-03
 -1.428  0.4070E-03
 -1.418  0.5159E-03
 -1.408  0.6486E-03
 -1.398  0.8088E-03
 -1.388  0.1001E-02
 -1.378  0.1228E-02
 -1.368  0.1496E-02
 -1.358  0.1808E-02
 -1.348  0.2169E-02
 -1.338  0.2581E-02
 -1.328  0.3049E-02
 -1.318  0.3575E-02
 -1.308  0.4159E-02
 -1.298  0.4801E-02
 -1.288  0.5500E-02
 -1.278  0.6252E-02
 -1.268  0.7051E-02
 -1.258  0.7887E-02
 -1.248  0.8752E-02
 -1.238  0.9632E-02
 -1.228  0.1051E-01
 -1.218  0.1137E-01
 -1.208  0.1220E-01
 -1.198  0.1297E-01
 -1.188  0.1367E-01
 -1.178  0.1427E-01
 -1.168  0.1477E-01
 -1.158  0.1514E-01
 -1.148  0.1537E-01
 -1.138  0.1546E-01
 -1.128  0.1540E-01
 -1.118  0.1520E-01
 -1.108  0.1484E-01
 -1.098  0.1435E-01
 -1.088  0.1374E-01
 -1.078  0.1303E-01
 -1.068  0.1222E-01
 -1.058  0.1135E-01
 -1.048  0.1044E-01
 -1.038  0.9498E-02
 -1.028  0.8553E-02
 -1.018  0.7624E-02
 -1.008  0.6725E-02
 -0.998  0.5872E-02
 -0.988  0.5075E-02
 -0.978  0.4343E-02
 -0.968  0.3681E-02
 -0.958  0.3092E-02
 -0.948  0.2577E-02
 -0.938  0.2135E-02
 -0.928  0.1764E-02
 -0.918  0.1461E-02
 -0.908  0.1222E-02
 -0.898  0.1043E-02
 -0.888  0.9218E-03
 -0.878  0.8551E-03
 -0.868  0.8411E-03
 -0.858  0.8785E-03
 -0.848  0.9670E-03
 -0.838  0.1107E-02
 -0.828  0.1299E-02
 -0.818  0.1545E-02
 -0.808  0.1845E-02
 -0.798  0.2201E-02
 -0.788  0.2614E-02
 -0.778  0.3082E-02
 -0.768  0.3604E-02
 -0.758  0.4177E-02
 -0.748  0.4797E-02
 -0.738  0.5457E-02
 -0.728  0.6150E-02
 -0.718  0.6866E-02
 -0.708  0.7597E-02
 -0.698  0.8331E-02
 -0.688  0.9059E-02
 -0.678  0.9771E-02
 -0.668  0.1046E-01
 -0.658  0.1112E-01
 -0.648  0.1174E-01
 -0.638  0.1233E-01
 -0.628  0.1290E-01
 -0.618  0.1344E-01
 -0.608  0.1396E-01
 -0.598  0.1449E-01
 -0.588  0.1503E-01
 -0.578  0.1561E-01
 -0.568  0.1623E-01
 -0.558  0.1691E-01
 -0.548  0.1767E-01
 -0.538  0.1851E-01
 -0.528  0.1944E-01
 -0.518  0.2045E-01
 -0.508  0.2154E-01
 -0.498  0.2269E-01
 -0.488  0.2387E-01
 -0.478  0.2507E-01
 -0.468  0.2626E-01
 -0.458  0.2738E-01
 -0.448  0.2842E-01
 -0.438  0.2933E-01
 -0.428  0.3008E-01
 -0.418  0.3064E-01
 -0.408  0.3100E-01
 -0.398  0.3112E-01
 -0.388  0.3101E-01
 -0.378  0.3066E-01
 -0.368  0.3008E-01
 -0.358  0.2930E-01
 -0.348  0.2833E-01
 -0.338  0.2721E-01
 -0.328  0.2596E-01
 -0.318  0.2464E-01
 -0.308  0.2326E-01
 -0.298  0.2188E-01
 -0.288  0.2052E-01
 -0.278  0.1921E-01
 -0.268  0.1797E-01
 -0.258  0.1683E-01
 -0.248  0.1578E-01
 -0.238  0.1485E-01
 -0.228  0.1402E-01
 -0.218  0.1328E-01
 -0.208  0.1264E-01
 -0.198  0.1207E-01
 -0.188  0.1156E-01
 -0.178  0.1108E-01
 -0.168  0.1064E-01
 -0.158  0.1021E-01
 -0.148  0.9784E-02
 -0.138  0.9352E-02
 -0.128  0.8911E-02
 -0.118  0.8460E-02
 -0.108  0.8001E-02
 -0.098  0.7541E-02
 -0.088  0.7087E-02
 -0.078  0.6650E-02
 -0.068  0.6241E-02
 -0.058  0.5873E-02
 -0.048  0.5557E-02
 -0.038  0.5305E-02
 -0.028  0.5127E-02
 -0.018  0.5032E-02
 -0.008  0.5026E-02
  0.002  0.5113E-02
  0.012  0.5297E-02
  0.022  0.5575E-02
  0.032  0.5945E-02
  0.042  0.6401E-02
  0.052  0.6936E-02
  0.062  0.7541E-02
  0.072  0.8204E-02
  0.082  0.8912E-02
  0.092  0.9651E-02
  0.102  0.1041E-01
  0.112  0.1116E-01
  0.122  0.1191E-01
  0.132  0.1262E-01
  0.142  0.1329E-01
  0.152  0.1391E-01
  0.162  0.1445E-01
  0.172  0.1492E-01
  0.182  0.1530E-01
  0.192  0.1558E-01
  0.202  0.1577E-01
  0.212  0.1586E-01
  0.222  0.1586E-01
  0.232  0.1576E-01
  0.242  0.1559E-01
  0.252  0.1533E-01
  0.262  0.1502E-01
  0.272  0.1465E-01
  0.282  0.1425E-01
  0.292  0.1382E-01
  0.302  0.1338E-01
  0.312  0.1293E-01
  0.322  0.1249E-01
  0.332  0.1206E-01
  0.342  0.1165E-01
  0.352  0.1126E-01
  0.362  0.1089E-01
  0.372  0.1053E-01
  0.382  0.1019E-01
  0.392  0.9848E-02
  0.402  0.9507E-02
  0.412  0.9159E-02
  0.422  0.8799E-02
  0.432  0.8421E-02
  0.442  0.8022E-02
  0.452  0.7602E-02
  0.462  0.7160E-02
  0.472  0.6698E-02
  0.482  0.6221E-02
  0.492  0.5732E-02
  0.502  0.5237E-02
  0.512  0.4744E-02
  0.522  0.4259E-02
  0.532  0.3788E-02
  0.542  0.3337E-02
  0.552  0.2911E-02
  0.562  0.2515E-02
  0.572  0.2150E-02
  0.582  0.1820E-02
  0.592  0.1525E-02
  0.602  0.1265E-02
  0.612  0.1038E-02
  0.622  0.8433E-03
  0.632  0.6778E-03
  0.642  0.5391E-03
  0.652  0.4243E-03
  0.662  0.3304E-03
  0.672  0.2546E-03
  0.682  0.1941E-03
  0.692  0.1464E-03
  0.702  0.1093E-03
  0.712  0.8071E-04
  0.722  0.5898E-04
  0.732  0.4264E-04
  0.742  0.3050E-04
  0.752  0.2158E-04
  0.762  0.1511E-04
  0.772  0.1047E-04
  0.782  0.7176E-05
  0.792  0.4866E-05
  0.802  0.3265E-05
  0.812  0.2167E-05
  0.822  0.1423E-05
  0.832  0.9249E-06
  0.842  0.5946E-06
