 -5.548  0.2509E-06
 -5.538  0.3878E-06
 -5.528  0.5932E-06
 -5.518  0.8975E-06
 -5.508  0.1343E-05
 -5.498  0.1989E-05
 -5.488  0.2914E-05
 -5.478  0.4223E-05
 -5.468  0.6055E-05
 -5.458  0.8588E-05
 -5.448  0.1205E-04
 -5.438  0.1673E-04
 -5.428  0.2298E-04
 -5.418  0.3123E-04
 -5.408  0.4199E-04
 -5.398  0.5585E-04
 -5.388  0.7352E-04
 -5.378  0.9575E-04
 -5.368  0.1234E-03
 -5.358  0.1574E-03
 -5.348  0.1986E-03
 -5.338  0.2481E-03
 -5.328  0.3068E-03
 -5.318  0.3755E-03
 -5.308  0.4549E-03
 -5.298  0.5458E-03
 -5.288  0.6485E-03
 -5.278  0.7631E-03
 -5.268  0.8897E-03
 -5.258  0.1028E-02
 -5.248  0.1177E-02
 -5.238  0.1337E-02
 -5.228  0.1506E-02
 -5.218  0.1683E-02
 -5.208  0.1867E-02
 -5.198  0.2058E-02
 -5.188  0.2255E-02
 -5.178  0.2457E-02
 -5.168  0.2663E-02
 -5.158  0.2874E-02
 -5.148  0.3090E-02
 -5.138  0.3312E-02
 -5.128  0.3540E-02
 -5.118  0.3776E-02
 -5.108  0.4021E-02
 -5.098  0.4275E-02
 -5.088  0.4539E-02
 -5.078  0.4813E-02
 -5.068  0.5098E-02
 -5.058  0.5393E-02
 -5.048  0.5696E-02
 -5.038  0.6007E-02
 -5.028  0.6324E-02
 -5.018  0.6645E-02
 -5.008  0.6968E-02
 -4.998  0.7290E-02
 -4.988  0.7611E-02
 -4.978  0.7928E-02
 -4.968  0.8240E-02
 -4.958  0.8547E-02
 -4.948  0.8849E-02
 -4.938  0.9145E-02
 -4.928  0.9437E-02
 -4.918  0.9724E-02
 -4.908  0.1001E-01
 -4.898  0.1029E-01
 -4.888  0.1056E-01
 -4.878  0.1083E-01
 -4.868  0.1110E-01
 -4.858  0.1135E-01
 -4.848  0.1159E-01
 -4.838  0.1182E-01
 -4.828  0.1202E-01
 -4.818  0.1219E-01
 -4.808  0.1232E-01
 -4.798  0.1241E-01
 -4.788  0.1245E-01
 -4.778  0.1242E-01
 -4.768  0.1234E-01
 -4.758  0.1218E-01
 -4.748  0.1194E-01
 -4.738  0.1164E-01
 -4.728  0.1126E-01
 -4.718  0.1081E-01
 -4.708  0.1029E-01
 -4.698  0.9726E-02
 -4.688  0.9111E-02
 -4.678  0.8459E-02
 -4.668  0.7784E-02
 -4.658  0.7097E-02
 -4.648  0.6410E-02
 -4.638  0.5734E-02
 -4.628  0.5080E-02
 -4.618  0.4456E-02
 -4.608  0.3870E-02
 -4.598  0.3327E-02
 -4.588  0.2832E-02
 -4.578  0.2386E-02
 -4.568  0.1989E-02
 -4.558  0.1641E-02
 -4.548  0.1340E-02
 -4.538  0.1083E-02
 -4.528  0.8659E-03
 -4.518  0.6851E-03
 -4.508  0.5364E-03
 -4.498  0.4155E-03
 -4.488  0.3184E-03
 -4.478  0.2415E-03
 -4.468  0.1811E-03
 -4.458  0.1345E-03
 -4.448  0.9874E-04
 -4.438  0.7173E-04
 -4.428  0.5156E-04
 -4.418  0.3666E-04
 -4.408  0.2579E-04
 -4.398  0.1795E-04
 -4.388  0.1236E-04
 -4.378  0.8418E-05
 -4.368  0.5673E-05
 -4.358  0.3781E-05
 -4.348  0.2494E-05
 -4.338  0.1627E-05
 -4.328  0.1050E-05
 -4.318  0.6704E-06
 -4.308  0.4235E-06
 -4.298  0.2646E-06
 -4.288  0.1636E-06
 -4.278  0.1000E-06
 -4.268  0.6050E-07
 -4.258  0.3621E-07
 -4.248  0.2144E-07
 -4.238  0.1255E-07
 -4.228  0.7273E-08
 -4.218  0.4169E-08
 -4.208  0.2364E-08
 -4.198  0.1326E-08
 -4.188  0.7356E-09
 -4.178  0.4038E-09
 -4.168  0.2193E-09
 -4.158  0.1178E-09
 -4.148  0.6259E-10
 -4.138  0.3290E-10
 -4.128  0.1711E-10
 -4.118  0.8803E-11
 -4.108  0.4480E-11
 -4.098  0.2256E-11
 -4.088  0.1123E-11
 -4.078  0.5535E-12
 -4.068  0.2698E-12
 -4.058  0.1301E-12
 -4.048  0.6205E-13
 -4.038  0.2928E-13
 -4.028  0.1367E-13
 -4.018  0.6311E-14
 -4.008  0.2883E-14
 -3.998  0.1303E-14
 -3.988  0.5825E-15
 -3.978  0.2576E-15
 -3.968  0.1127E-15
 -3.958  0.4878E-16
 -3.948  0.2088E-16
 -3.938  0.8845E-17
 -3.928  0.3706E-17
 -3.918  0.1536E-17
 -3.908  0.6299E-18
 -3.898  0.2555E-18
 -3.888  0.1025E-18
 -3.878  0.4070E-19
 -3.868  0.1598E-19
 -3.858  0.6209E-20
 -3.848  0.2386E-20
 -3.838  0.9071E-21
 -3.828  0.3411E-21
 -3.818  0.1269E-21
 -3.808  0.4671E-22
 -3.798  0.1701E-22
 -3.788  0.6126E-23
 -3.778  0.2183E-23
 -3.768  0.7693E-24
 -3.758  0.2683E-24
 -3.748  0.9254E-25
 -3.738  0.3158E-25
 -3.728  0.1066E-25
 -3.718  0.3560E-26
 -3.708  0.1176E-26
 -3.698  0.3843E-27
 -3.688  0.1242E-27
 -3.678  0.3974E-28
 -3.668  0.1257E-28
 -3.658  0.3935E-29
 -3.648  0.1218E-29
 -3.638  0.3732E-30
 -3.628  0.1131E-30
 -3.618  0.3389E-31
 -3.608  0.1005E-31
 -3.598  0.2948E-32
 -3.588  0.8555E-33
 -3.578  0.2456E-33
 -3.568  0.6974E-34
 -3.558  0.1959E-34
 -3.548  0.5445E-35
 -3.538  0.1497E-35
 -3.528  0.4072E-36
 -3.518  0.1095E-36
 -3.508  0.2916E-37
 -3.498  0.7677E-38
 -3.488  0.2000E-38
 -3.478  0.5153E-39
 -3.468  0.1313E-39
 -3.458  0.3312E-40
 -3.448  0.8262E-41
 -3.438  0.2039E-41
 -3.428  0.4977E-42
 -3.418  0.1202E-42
 -3.408  0.2872E-43
 -3.398  0.6787E-44
 -3.388  0.1587E-44
 -3.378  0.3670E-45
 -3.368  0.8396E-46
 -3.358  0.1900E-46
 -3.348  0.4255E-47
 -3.338  0.9426E-48
 -3.328  0.2065E-48
 -3.318  0.4477E-49
 -3.308  0.9600E-50
 -3.298  0.2037E-50
 -3.288  0.4274E-51
 -3.278  0.8873E-52
 -3.268  0.1822E-52
 -3.258  0.3702E-53
 -3.248  0.7440E-54
 -3.238  0.1479E-54
 -3.228  0.2909E-55
 -3.218  0.5661E-56
 -3.208  0.1090E-56
 -3.198  0.2075E-57
 -3.188  0.3908E-58
 -3.178  0.7282E-59
 -3.168  0.1342E-59
 -3.158  0.2448E-60
 -3.148  0.4416E-61
 -3.138  0.7881E-62
 -3.128  0.1391E-62
 -3.118  0.2430E-63
 -3.108  0.4198E-64
 -3.098  0.7174E-65
 -3.088  0.1213E-65
 -3.078  0.2029E-66
 -3.068  0.3357E-67
 -3.058  0.5495E-68
 -3.048  0.8897E-69
 -3.038  0.1425E-69
 -3.028  0.2258E-70
 -3.018  0.3540E-71
 -3.008  0.5491E-72
 -2.998  0.8455E-73
 -2.988  0.1495E-73
 -2.978  0.1628E-73
 -2.968  0.9446E-73
 -2.958  0.6111E-72
 -2.948  0.3922E-71
 -2.938  0.2490E-70
 -2.928  0.1564E-69
 -2.918  0.9719E-69
 -2.908  0.5974E-68
 -2.898  0.3633E-67
 -2.888  0.2185E-66
 -2.878  0.1300E-65
 -2.868  0.7655E-65
 -2.858  0.4458E-64
 -2.848  0.2568E-63
 -2.838  0.1464E-62
 -2.828  0.8253E-62
 -2.818  0.4603E-61
 -2.808  0.2539E-60
 -2.798  0.1386E-59
 -2.788  0.7484E-59
 -2.778  0.3998E-58
 -2.768  0.2112E-57
 -2.758  0.1104E-56
 -2.748  0.5710E-56
 -2.738  0.2921E-55
 -2.728  0.1478E-54
 -2.718  0.7399E-54
 -2.708  0.3664E-53
 -2.698  0.1795E-52
 -2.688  0.8701E-52
 -2.678  0.4172E-51
 -2.668  0.1978E-50
 -2.658  0.9283E-50
 -2.648  0.4309E-49
 -2.638  0.1978E-48
 -2.628  0.8986E-48
 -2.618  0.4038E-47
 -2.608  0.1795E-46
 -2.598  0.7893E-46
 -2.588  0.3434E-45
 -2.578  0.1478E-44
 -2.568  0.6291E-44
 -2.558  0.2649E-43
 -2.548  0.1104E-42
 -2.538  0.4549E-42
 -2.528  0.1855E-41
 -2.518  0.7480E-41
 -2.508  0.2985E-40
 -2.498  0.1178E-39
 -2.488  0.4600E-39
 -2.478  0.1777E-38
 -2.468  0.6790E-38
 -2.458  0.2567E-37
 -2.448  0.9598E-37
 -2.438  0.3550E-36
 -2.428  0.1299E-35
 -2.418  0.4704E-35
 -2.408  0.1685E-34
 -2.398  0.5968E-34
 -2.388  0.2092E-33
 -2.378  0.7253E-33
 -2.368  0.2488E-32
 -2.358  0.8440E-32
 -2.348  0.2833E-31
 -2.338  0.9407E-31
 -2.328  0.3090E-30
 -2.318  0.1004E-29
 -2.308  0.3228E-29
 -2.298  0.1026E-28
 -2.288  0.3229E-28
 -2.278  0.1005E-27
 -2.268  0.3094E-27
 -2.258  0.9422E-27
 -2.248  0.2839E-26
 -2.238  0.8461E-26
 -2.228  0.2495E-25
 -2.218  0.7276E-25
 -2.208  0.2099E-24
 -2.198  0.5993E-24
 -2.188  0.1692E-23
 -2.178  0.4727E-23
 -2.168  0.1306E-22
 -2.158  0.3571E-22
 -2.148  0.9656E-22
 -2.138  0.2583E-21
 -2.128  0.6837E-21
 -2.118  0.1790E-20
 -2.108  0.4636E-20
 -2.098  0.1188E-19
 -2.088  0.3010E-19
 -2.078  0.7548E-19
 -2.068  0.1872E-18
 -2.058  0.4594E-18
 -2.048  0.1115E-17
 -2.038  0.2678E-17
 -2.028  0.6361E-17
 -2.018  0.1495E-16
 -2.008  0.3475E-16
 -1.998  0.7993E-16
 -1.988  0.1818E-15
 -1.978  0.4093E-15
 -1.968  0.9113E-15
 -1.958  0.2007E-14
 -1.948  0.4374E-14
 -1.938  0.9428E-14
 -1.928  0.2010E-13
 -1.918  0.4241E-13
 -1.908  0.8851E-13
 -1.898  0.1827E-12
 -1.888  0.3732E-12
 -1.878  0.7541E-12
 -1.868  0.1507E-11
 -1.858  0.2981E-11
 -1.848  0.5831E-11
 -1.838  0.1128E-10
 -1.828  0.2160E-10
 -1.818  0.4092E-10
 -1.808  0.7668E-10
 -1.798  0.1422E-09
 -1.788  0.2607E-09
 -1.778  0.4730E-09
 -1.768  0.8492E-09
 -1.758  0.1508E-08
 -1.748  0.2650E-08
 -1.738  0.4607E-08
 -1.728  0.7923E-08
 -1.718  0.1348E-07
 -1.708  0.2270E-07
 -1.698  0.3782E-07
 -1.688  0.6234E-07
 -1.678  0.1017E-06
 -1.668  0.1641E-06
 -1.658  0.2621E-06
 -1.648  0.4142E-06
 -1.638  0.6478E-06
 -1.628  0.1003E-05
 -1.618  0.1536E-05
 -1.608  0.2329E-05
 -1.598  0.3495E-05
 -1.588  0.5191E-05
 -1.578  0.7633E-05
 -1.568  0.1111E-04
 -1.558  0.1602E-04
 -1.548  0.2286E-04
 -1.538  0.3230E-04
 -1.528  0.4521E-04
 -1.518  0.6267E-04
 -1.508  0.8605E-04
 -1.498  0.1171E-03
 -1.488  0.1578E-03
 -1.478  0.2107E-03
 -1.468  0.2790E-03
 -1.458  0.3660E-03
 -1.448  0.4762E-03
 -1.438  0.6142E-03
 -1.428  0.7856E-03
 -1.418  0.9966E-03
 -1.408  0.1254E-02
 -1.398  0.1566E-02
 -1.388  0.1939E-02
 -1.378  0.2384E-02
 -1.368  0.2908E-02
 -1.358  0.3520E-02
 -1.348  0.4230E-02
 -1.338  0.5044E-02
 -1.328  0.5971E-02
 -1.318  0.7016E-02
 -1.308  0.8181E-02
 -1.298  0.9469E-02
 -1.288  0.1088E-01
 -1.278  0.1240E-01
 -1.268  0.1402E-01
 -1.258  0.1573E-01
 -1.248  0.1750E-01
 -1.238  0.1932E-01
 -1.228  0.2115E-01
 -1.218  0.2295E-01
 -1.208  0.2469E-01
 -1.198  0.2634E-01
 -1.188  0.2784E-01
 -1.178  0.2917E-01
 -1.168  0.3027E-01
 -1.158  0.3113E-01
 -1.148  0.3171E-01
 -1.138  0.3200E-01
 -1.128  0.3197E-01
 -1.118  0.3164E-01
 -1.108  0.3100E-01
 -1.098  0.3007E-01
 -1.088  0.2888E-01
 -1.078  0.2746E-01
 -1.068  0.2584E-01
 -1.058  0.2408E-01
 -1.048  0.2220E-01
 -1.038  0.2026E-01
 -1.028  0.1830E-01
 -1.018  0.1636E-01
 -1.008  0.1447E-01
 -0.998  0.1267E-01
 -0.988  0.1098E-01
 -0.978  0.9414E-02
 -0.968  0.7992E-02
 -0.958  0.6719E-02
 -0.948  0.5596E-02
 -0.938  0.4621E-02
 -0.928  0.3789E-02
 -0.918  0.3093E-02
 -0.908  0.2522E-02
 -0.898  0.2068E-02
 -0.888  0.1720E-02
 -0.878  0.1468E-02
 -0.868  0.1305E-02
 -0.858  0.1223E-02
 -0.848  0.1216E-02
 -0.838  0.1279E-02
 -0.828  0.1409E-02
 -0.818  0.1602E-02
 -0.808  0.1856E-02
 -0.798  0.2170E-02
 -0.788  0.2541E-02
 -0.778  0.2966E-02
 -0.768  0.3442E-02
 -0.758  0.3963E-02
 -0.748  0.4522E-02
 -0.738  0.5113E-02
 -0.728  0.5726E-02
 -0.718  0.6350E-02
 -0.708  0.6974E-02
 -0.698  0.7586E-02
 -0.688  0.8175E-02
 -0.678  0.8729E-02
 -0.668  0.9239E-02
 -0.658  0.9696E-02
 -0.648  0.1010E-01
 -0.638  0.1043E-01
 -0.628  0.1071E-01
 -0.618  0.1094E-01
 -0.608  0.1111E-01
 -0.598  0.1125E-01
 -0.588  0.1136E-01
 -0.578  0.1146E-01
 -0.568  0.1156E-01
 -0.558  0.1167E-01
 -0.548  0.1182E-01
 -0.538  0.1202E-01
 -0.528  0.1227E-01
 -0.518  0.1257E-01
 -0.508  0.1295E-01
 -0.498  0.1338E-01
 -0.488  0.1386E-01
 -0.478  0.1439E-01
 -0.468  0.1496E-01
 -0.458  0.1553E-01
 -0.448  0.1611E-01
 -0.438  0.1666E-01
 -0.428  0.1716E-01
 -0.418  0.1761E-01
 -0.408  0.1797E-01
 -0.398  0.1824E-01
 -0.388  0.1840E-01
 -0.378  0.1845E-01
 -0.368  0.1837E-01
 -0.358  0.1818E-01
 -0.348  0.1788E-01
 -0.338  0.1748E-01
 -0.328  0.1698E-01
 -0.318  0.1641E-01
 -0.308  0.1577E-01
 -0.298  0.1510E-01
 -0.288  0.1439E-01
 -0.278  0.1368E-01
 -0.268  0.1298E-01
 -0.258  0.1230E-01
 -0.248  0.1164E-01
 -0.238  0.1102E-01
 -0.228  0.1044E-01
 -0.218  0.9898E-02
 -0.208  0.9398E-02
 -0.198  0.8934E-02
 -0.188  0.8501E-02
 -0.178  0.8094E-02
 -0.168  0.7707E-02
 -0.158  0.7334E-02
 -0.148  0.6972E-02
 -0.138  0.6618E-02
 -0.128  0.6270E-02
 -0.118  0.5929E-02
 -0.108  0.5598E-02
 -0.098  0.5281E-02
 -0.088  0.4983E-02
 -0.078  0.4713E-02
 -0.068  0.4477E-02
 -0.058  0.4284E-02
 -0.048  0.4141E-02
 -0.038  0.4055E-02
 -0.028  0.4033E-02
 -0.018  0.4079E-02
 -0.008  0.4197E-02
  0.002  0.4386E-02
  0.012  0.4645E-02
  0.022  0.4972E-02
  0.032  0.5359E-02
  0.042  0.5800E-02
  0.052  0.6285E-02
  0.062  0.6802E-02
  0.072  0.7338E-02
  0.082  0.7882E-02
  0.092  0.8418E-02
  0.102  0.8935E-02
  0.112  0.9419E-02
  0.122  0.9858E-02
  0.132  0.1024E-01
  0.142  0.1057E-01
  0.152  0.1082E-01
  0.162  0.1101E-01
  0.172  0.1112E-01
  0.182  0.1116E-01
  0.192  0.1113E-01
  0.202  0.1105E-01
  0.212  0.1091E-01
  0.222  0.1072E-01
  0.232  0.1051E-01
  0.242  0.1027E-01
  0.252  0.1003E-01
  0.262  0.9781E-02
  0.272  0.9547E-02
  0.282  0.9334E-02
  0.292  0.9149E-02
  0.302  0.8995E-02
  0.312  0.8876E-02
  0.322  0.8792E-02
  0.332  0.8740E-02
  0.342  0.8716E-02
  0.352  0.8712E-02
  0.362  0.8720E-02
  0.372  0.8730E-02
  0.382  0.8731E-02
  0.392  0.8713E-02
  0.402  0.8665E-02
  0.412  0.8580E-02
  0.422  0.8450E-02
  0.432  0.8271E-02
  0.442  0.8038E-02
  0.452  0.7753E-02
  0.462  0.7417E-02
  0.472  0.7034E-02
  0.482  0.6612E-02
  0.492  0.6158E-02
  0.502  0.5680E-02
  0.512  0.5189E-02
  0.522  0.4693E-02
  0.532  0.4202E-02
  0.542  0.3724E-02
  0.552  0.3267E-02
  0.562  0.2836E-02
  0.572  0.2437E-02
  0.582  0.2072E-02
  0.592  0.1743E-02
  0.602  0.1452E-02
  0.612  0.1196E-02
  0.622  0.9747E-03
  0.632  0.7862E-03
  0.642  0.6274E-03
  0.652  0.4953E-03
  0.662  0.3870E-03
  0.672  0.2991E-03
  0.682  0.2287E-03
  0.692  0.1731E-03
  0.702  0.1295E-03
  0.712  0.9595E-04
  0.722  0.7031E-04
  0.732  0.5097E-04
  0.742  0.3656E-04
  0.752  0.2594E-04
  0.762  0.1822E-04
  0.772  0.1265E-04
  0.782  0.8696E-05
  0.792  0.5913E-05
  0.802  0.3977E-05
  0.812  0.2647E-05
  0.822  0.1743E-05
  0.832  0.1136E-05
  0.842  0.7319E-06
