 -5.548  0.4260E-08
 -5.538  0.6588E-08
 -5.528  0.1008E-07
 -5.518  0.1525E-07
 -5.508  0.2284E-07
 -5.498  0.3383E-07
 -5.488  0.4958E-07
 -5.478  0.7190E-07
 -5.468  0.1032E-06
 -5.458  0.1464E-06
 -5.448  0.2057E-06
 -5.438  0.2859E-06
 -5.428  0.3932E-06
 -5.418  0.5352E-06
 -5.408  0.7209E-06
 -5.398  0.9612E-06
 -5.388  0.1269E-05
 -5.378  0.1657E-05
 -5.368  0.2144E-05
 -5.358  0.2746E-05
 -5.348  0.3484E-05
 -5.338  0.4378E-05
 -5.328  0.5451E-05
 -5.318  0.6727E-05
 -5.308  0.8230E-05
 -5.298  0.9985E-05
 -5.288  0.1202E-04
 -5.278  0.1436E-04
 -5.268  0.1703E-04
 -5.258  0.2006E-04
 -5.248  0.2349E-04
 -5.238  0.2736E-04
 -5.228  0.3169E-04
 -5.218  0.3654E-04
 -5.208  0.4196E-04
 -5.198  0.4800E-04
 -5.188  0.5472E-04
 -5.178  0.6218E-04
 -5.168  0.7043E-04
 -5.158  0.7954E-04
 -5.148  0.8954E-04
 -5.138  0.1005E-03
 -5.128  0.1123E-03
 -5.118  0.1251E-03
 -5.108  0.1387E-03
 -5.098  0.1531E-03
 -5.088  0.1682E-03
 -5.078  0.1837E-03
 -5.068  0.1995E-03
 -5.058  0.2154E-03
 -5.048  0.2310E-03
 -5.038  0.2461E-03
 -5.028  0.2604E-03
 -5.018  0.2737E-03
 -5.008  0.2856E-03
 -4.998  0.2960E-03
 -4.988  0.3047E-03
 -4.978  0.3115E-03
 -4.968  0.3164E-03
 -4.958  0.3194E-03
 -4.948  0.3206E-03
 -4.938  0.3200E-03
 -4.928  0.3177E-03
 -4.918  0.3141E-03
 -4.908  0.3092E-03
 -4.898  0.3034E-03
 -4.888  0.2969E-03
 -4.878  0.2897E-03
 -4.868  0.2823E-03
 -4.858  0.2747E-03
 -4.848  0.2670E-03
 -4.838  0.2593E-03
 -4.828  0.2518E-03
 -4.818  0.2443E-03
 -4.808  0.2369E-03
 -4.798  0.2295E-03
 -4.788  0.2221E-03
 -4.778  0.2146E-03
 -4.768  0.2068E-03
 -4.758  0.1988E-03
 -4.748  0.1904E-03
 -4.738  0.1817E-03
 -4.728  0.1725E-03
 -4.718  0.1629E-03
 -4.708  0.1529E-03
 -4.698  0.1427E-03
 -4.688  0.1322E-03
 -4.678  0.1216E-03
 -4.668  0.1109E-03
 -4.658  0.1004E-03
 -4.648  0.9009E-04
 -4.638  0.8015E-04
 -4.628  0.7066E-04
 -4.618  0.6172E-04
 -4.608  0.5341E-04
 -4.598  0.4578E-04
 -4.588  0.3885E-04
 -4.578  0.3265E-04
 -4.568  0.2717E-04
 -4.558  0.2237E-04
 -4.548  0.1824E-04
 -4.538  0.1472E-04
 -4.528  0.1176E-04
 -4.518  0.9291E-05
 -4.508  0.7267E-05
 -4.498  0.5625E-05
 -4.488  0.4308E-05
 -4.478  0.3265E-05
 -4.468  0.2448E-05
 -4.458  0.1816E-05
 -4.448  0.1333E-05
 -4.438  0.9682E-06
 -4.428  0.6957E-06
 -4.418  0.4946E-06
 -4.408  0.3478E-06
 -4.398  0.2420E-06
 -4.388  0.1666E-06
 -4.378  0.1135E-06
 -4.368  0.7645E-07
 -4.358  0.5096E-07
 -4.348  0.3360E-07
 -4.338  0.2192E-07
 -4.328  0.1415E-07
 -4.318  0.9031E-08
 -4.308  0.5704E-08
 -4.298  0.3564E-08
 -4.288  0.2203E-08
 -4.278  0.1347E-08
 -4.268  0.8148E-09
 -4.258  0.4876E-09
 -4.248  0.2887E-09
 -4.238  0.1691E-09
 -4.228  0.9794E-10
 -4.218  0.5613E-10
 -4.208  0.3183E-10
 -4.198  0.1785E-10
 -4.188  0.9905E-11
 -4.178  0.5437E-11
 -4.168  0.2952E-11
 -4.158  0.1586E-11
 -4.148  0.8427E-12
 -4.138  0.4430E-12
 -4.128  0.2304E-12
 -4.118  0.1185E-12
 -4.108  0.6032E-13
 -4.098  0.3037E-13
 -4.088  0.1513E-13
 -4.078  0.7452E-14
 -4.068  0.3632E-14
 -4.058  0.1751E-14
 -4.048  0.8354E-15
 -4.038  0.3942E-15
 -4.028  0.1840E-15
 -4.018  0.8497E-16
 -4.008  0.3882E-16
 -3.998  0.1754E-16
 -3.988  0.7842E-17
 -3.978  0.3468E-17
 -3.968  0.1517E-17
 -3.958  0.6567E-18
 -3.948  0.2812E-18
 -3.938  0.1191E-18
 -3.928  0.4989E-19
 -3.918  0.2068E-19
 -3.908  0.8480E-20
 -3.898  0.3440E-20
 -3.888  0.1380E-20
 -3.878  0.5479E-21
 -3.868  0.2152E-21
 -3.858  0.8358E-22
 -3.848  0.3212E-22
 -3.838  0.1221E-22
 -3.828  0.4593E-23
 -3.818  0.1709E-23
 -3.808  0.6289E-24
 -3.798  0.2290E-24
 -3.788  0.8247E-25
 -3.778  0.2938E-25
 -3.768  0.1036E-25
 -3.758  0.3612E-26
 -3.748  0.1246E-26
 -3.738  0.4251E-27
 -3.728  0.1435E-27
 -3.718  0.4792E-28
 -3.708  0.1583E-28
 -3.698  0.5174E-29
 -3.688  0.1673E-29
 -3.678  0.5350E-30
 -3.668  0.1693E-30
 -3.658  0.5297E-31
 -3.648  0.1640E-31
 -3.638  0.5024E-32
 -3.628  0.1522E-32
 -3.618  0.4563E-33
 -3.608  0.1353E-33
 -3.598  0.3969E-34
 -3.588  0.1152E-34
 -3.578  0.3306E-35
 -3.568  0.9389E-36
 -3.558  0.2638E-36
 -3.548  0.7330E-37
 -3.538  0.2015E-37
 -3.528  0.5481E-38
 -3.518  0.1475E-38
 -3.508  0.3925E-39
 -3.498  0.1033E-39
 -3.488  0.2692E-40
 -3.478  0.6936E-41
 -3.468  0.1768E-41
 -3.458  0.4458E-42
 -3.448  0.1112E-42
 -3.438  0.2745E-43
 -3.428  0.6700E-44
 -3.418  0.1618E-44
 -3.408  0.3866E-45
 -3.398  0.9136E-46
 -3.388  0.2136E-46
 -3.378  0.4940E-47
 -3.368  0.1130E-47
 -3.358  0.2558E-48
 -3.348  0.5728E-49
 -3.338  0.1269E-49
 -3.328  0.2780E-50
 -3.318  0.6027E-51
 -3.308  0.1292E-51
 -3.298  0.2741E-52
 -3.288  0.5753E-53
 -3.278  0.1194E-53
 -3.268  0.2453E-54
 -3.258  0.4983E-55
 -3.248  0.1001E-55
 -3.238  0.1991E-56
 -3.228  0.3916E-57
 -3.218  0.7620E-58
 -3.208  0.1467E-58
 -3.198  0.2793E-59
 -3.188  0.5260E-60
 -3.178  0.9802E-61
 -3.168  0.1807E-61
 -3.158  0.3295E-62
 -3.148  0.5944E-63
 -3.138  0.1061E-63
 -3.128  0.1873E-64
 -3.118  0.3271E-65
 -3.108  0.5650E-66
 -3.098  0.9657E-67
 -3.088  0.1633E-67
 -3.078  0.2731E-68
 -3.068  0.4519E-69
 -3.058  0.7396E-70
 -3.048  0.1198E-70
 -3.038  0.1918E-71
 -3.028  0.3040E-72
 -3.018  0.4765E-73
 -3.008  0.7391E-74
 -2.998  0.1145E-74
 -2.988  0.2467E-75
 -2.978  0.5206E-75
 -2.968  0.3249E-74
 -2.958  0.2106E-73
 -2.948  0.1351E-72
 -2.938  0.8581E-72
 -2.928  0.5390E-71
 -2.918  0.3349E-70
 -2.908  0.2059E-69
 -2.898  0.1252E-68
 -2.888  0.7530E-68
 -2.878  0.4481E-67
 -2.868  0.2638E-66
 -2.858  0.1536E-65
 -2.848  0.8850E-65
 -2.838  0.5044E-64
 -2.828  0.2844E-63
 -2.818  0.1586E-62
 -2.808  0.8751E-62
 -2.798  0.4776E-61
 -2.788  0.2579E-60
 -2.778  0.1378E-59
 -2.768  0.7279E-59
 -2.758  0.3805E-58
 -2.748  0.1967E-57
 -2.738  0.1006E-56
 -2.728  0.5093E-56
 -2.718  0.2550E-55
 -2.708  0.1263E-54
 -2.698  0.6186E-54
 -2.688  0.2998E-53
 -2.678  0.1437E-52
 -2.668  0.6818E-52
 -2.658  0.3199E-51
 -2.648  0.1485E-50
 -2.638  0.6817E-50
 -2.628  0.3097E-49
 -2.618  0.1391E-48
 -2.608  0.6185E-48
 -2.598  0.2720E-47
 -2.588  0.1183E-46
 -2.578  0.5092E-46
 -2.568  0.2168E-45
 -2.558  0.9129E-45
 -2.548  0.3803E-44
 -2.538  0.1567E-43
 -2.528  0.6391E-43
 -2.518  0.2578E-42
 -2.508  0.1028E-41
 -2.498  0.4059E-41
 -2.488  0.1585E-40
 -2.478  0.6123E-40
 -2.468  0.2340E-39
 -2.458  0.8844E-39
 -2.448  0.3307E-38
 -2.438  0.1223E-37
 -2.428  0.4477E-37
 -2.418  0.1621E-36
 -2.408  0.5805E-36
 -2.398  0.2057E-35
 -2.388  0.7208E-35
 -2.378  0.2499E-34
 -2.368  0.8572E-34
 -2.358  0.2908E-33
 -2.348  0.9762E-33
 -2.338  0.3242E-32
 -2.328  0.1065E-31
 -2.318  0.3460E-31
 -2.308  0.1112E-30
 -2.298  0.3537E-30
 -2.288  0.1113E-29
 -2.278  0.3463E-29
 -2.268  0.1066E-28
 -2.258  0.3247E-28
 -2.248  0.9782E-28
 -2.238  0.2915E-27
 -2.228  0.8596E-27
 -2.218  0.2507E-26
 -2.208  0.7234E-26
 -2.198  0.2065E-25
 -2.188  0.5831E-25
 -2.178  0.1629E-24
 -2.168  0.4501E-24
 -2.158  0.1230E-23
 -2.148  0.3327E-23
 -2.138  0.8901E-23
 -2.128  0.2356E-22
 -2.118  0.6167E-22
 -2.108  0.1597E-21
 -2.098  0.4092E-21
 -2.088  0.1037E-20
 -2.078  0.2601E-20
 -2.068  0.6451E-20
 -2.058  0.1583E-19
 -2.048  0.3842E-19
 -2.038  0.9226E-19
 -2.028  0.2192E-18
 -2.018  0.5151E-18
 -2.008  0.1197E-17
 -1.998  0.2754E-17
 -1.988  0.6265E-17
 -1.978  0.1410E-16
 -1.968  0.3139E-16
 -1.958  0.6914E-16
 -1.948  0.1507E-15
 -1.938  0.3247E-15
 -1.928  0.6924E-15
 -1.918  0.1461E-14
 -1.908  0.3048E-14
 -1.898  0.6293E-14
 -1.888  0.1285E-13
 -1.878  0.2596E-13
 -1.868  0.5189E-13
 -1.858  0.1026E-12
 -1.848  0.2007E-12
 -1.838  0.3884E-12
 -1.828  0.7434E-12
 -1.818  0.1408E-11
 -1.808  0.2638E-11
 -1.798  0.4889E-11
 -1.788  0.8964E-11
 -1.778  0.1626E-10
 -1.768  0.2918E-10
 -1.758  0.5181E-10
 -1.748  0.9100E-10
 -1.738  0.1581E-09
 -1.728  0.2719E-09
 -1.718  0.4624E-09
 -1.708  0.7781E-09
 -1.698  0.1295E-08
 -1.688  0.2134E-08
 -1.678  0.3477E-08
 -1.668  0.5607E-08
 -1.658  0.8946E-08
 -1.648  0.1412E-07
 -1.638  0.2206E-07
 -1.628  0.3410E-07
 -1.618  0.5215E-07
 -1.608  0.7892E-07
 -1.598  0.1182E-06
 -1.588  0.1752E-06
 -1.578  0.2570E-06
 -1.568  0.3732E-06
 -1.558  0.5363E-06
 -1.548  0.7628E-06
 -1.538  0.1074E-05
 -1.528  0.1497E-05
 -1.518  0.2067E-05
 -1.508  0.2824E-05
 -1.498  0.3821E-05
 -1.488  0.5121E-05
 -1.478  0.6797E-05
 -1.468  0.8936E-05
 -1.458  0.1164E-04
 -1.448  0.1502E-04
 -1.438  0.1921E-04
 -1.428  0.2434E-04
 -1.418  0.3057E-04
 -1.408  0.3807E-04
 -1.398  0.4700E-04
 -1.388  0.5755E-04
 -1.378  0.6987E-04
 -1.368  0.8416E-04
 -1.358  0.1006E-03
 -1.348  0.1192E-03
 -1.338  0.1402E-03
 -1.328  0.1637E-03
 -1.318  0.1896E-03
 -1.308  0.2180E-03
 -1.298  0.2488E-03
 -1.288  0.2818E-03
 -1.278  0.3168E-03
 -1.268  0.3534E-03
 -1.258  0.3914E-03
 -1.248  0.4301E-03
 -1.238  0.4690E-03
 -1.228  0.5075E-03
 -1.218  0.5448E-03
 -1.208  0.5801E-03
 -1.198  0.6127E-03
 -1.188  0.6417E-03
 -1.178  0.6664E-03
 -1.168  0.6861E-03
 -1.158  0.7003E-03
 -1.148  0.7084E-03
 -1.138  0.7102E-03
 -1.128  0.7054E-03
 -1.118  0.6942E-03
 -1.108  0.6767E-03
 -1.098  0.6535E-03
 -1.088  0.6249E-03
 -1.078  0.5918E-03
 -1.068  0.5550E-03
 -1.058  0.5154E-03
 -1.048  0.4738E-03
 -1.038  0.4312E-03
 -1.028  0.3885E-03
 -1.018  0.3465E-03
 -1.008  0.3060E-03
 -0.998  0.2675E-03
 -0.988  0.2316E-03
 -0.978  0.1987E-03
 -0.968  0.1690E-03
 -0.958  0.1427E-03
 -0.948  0.1198E-03
 -0.938  0.1004E-03
 -0.928  0.8443E-04
 -0.918  0.7183E-04
 -0.908  0.6254E-04
 -0.898  0.5649E-04
 -0.888  0.5366E-04
 -0.878  0.5406E-04
 -0.868  0.5776E-04
 -0.858  0.6486E-04
 -0.848  0.7553E-04
 -0.838  0.8994E-04
 -0.828  0.1083E-03
 -0.818  0.1309E-03
 -0.808  0.1578E-03
 -0.798  0.1892E-03
 -0.788  0.2253E-03
 -0.778  0.2659E-03
 -0.768  0.3110E-03
 -0.758  0.3603E-03
 -0.748  0.4134E-03
 -0.738  0.4697E-03
 -0.728  0.5285E-03
 -0.718  0.5889E-03
 -0.708  0.6500E-03
 -0.698  0.7109E-03
 -0.688  0.7705E-03
 -0.678  0.8278E-03
 -0.668  0.8821E-03
 -0.658  0.9325E-03
 -0.648  0.9785E-03
 -0.638  0.1020E-02
 -0.628  0.1057E-02
 -0.618  0.1089E-02
 -0.608  0.1118E-02
 -0.598  0.1144E-02
 -0.588  0.1167E-02
 -0.578  0.1190E-02
 -0.568  0.1213E-02
 -0.558  0.1237E-02
 -0.548  0.1263E-02
 -0.538  0.1293E-02
 -0.528  0.1325E-02
 -0.518  0.1362E-02
 -0.508  0.1402E-02
 -0.498  0.1444E-02
 -0.488  0.1489E-02
 -0.478  0.1533E-02
 -0.468  0.1577E-02
 -0.458  0.1617E-02
 -0.448  0.1653E-02
 -0.438  0.1682E-02
 -0.428  0.1702E-02
 -0.418  0.1713E-02
 -0.408  0.1712E-02
 -0.398  0.1699E-02
 -0.388  0.1675E-02
 -0.378  0.1638E-02
 -0.368  0.1589E-02
 -0.358  0.1530E-02
 -0.348  0.1461E-02
 -0.338  0.1384E-02
 -0.328  0.1302E-02
 -0.318  0.1216E-02
 -0.308  0.1127E-02
 -0.298  0.1038E-02
 -0.288  0.9512E-03
 -0.278  0.8670E-03
 -0.268  0.7871E-03
 -0.258  0.7124E-03
 -0.248  0.6437E-03
 -0.238  0.5813E-03
 -0.228  0.5254E-03
 -0.218  0.4759E-03
 -0.208  0.4323E-03
 -0.198  0.3944E-03
 -0.188  0.3614E-03
 -0.178  0.3328E-03
 -0.168  0.3080E-03
 -0.158  0.2865E-03
 -0.148  0.2677E-03
 -0.138  0.2512E-03
 -0.128  0.2369E-03
 -0.118  0.2245E-03
 -0.108  0.2141E-03
 -0.098  0.2057E-03
 -0.088  0.1997E-03
 -0.078  0.1963E-03
 -0.068  0.1960E-03
 -0.058  0.1992E-03
 -0.048  0.2063E-03
 -0.038  0.2180E-03
 -0.028  0.2347E-03
 -0.018  0.2567E-03
 -0.008  0.2844E-03
  0.002  0.3181E-03
  0.012  0.3579E-03
  0.022  0.4037E-03
  0.032  0.4555E-03
  0.042  0.5129E-03
  0.052  0.5755E-03
  0.062  0.6426E-03
  0.072  0.7136E-03
  0.082  0.7875E-03
  0.092  0.8633E-03
  0.102  0.9398E-03
  0.112  0.1016E-02
  0.122  0.1091E-02
  0.132  0.1162E-02
  0.142  0.1230E-02
  0.152  0.1293E-02
  0.162  0.1349E-02
  0.172  0.1399E-02
  0.182  0.1441E-02
  0.192  0.1475E-02
  0.202  0.1501E-02
  0.212  0.1518E-02
  0.222  0.1529E-02
  0.232  0.1532E-02
  0.242  0.1529E-02
  0.252  0.1520E-02
  0.262  0.1508E-02
  0.272  0.1493E-02
  0.282  0.1476E-02
  0.292  0.1459E-02
  0.302  0.1442E-02
  0.312  0.1426E-02
  0.322  0.1412E-02
  0.332  0.1399E-02
  0.342  0.1389E-02
  0.352  0.1379E-02
  0.362  0.1370E-02
  0.372  0.1360E-02
  0.382  0.1349E-02
  0.392  0.1335E-02
  0.402  0.1317E-02
  0.412  0.1294E-02
  0.422  0.1266E-02
  0.432  0.1231E-02
  0.442  0.1189E-02
  0.452  0.1141E-02
  0.462  0.1086E-02
  0.472  0.1026E-02
  0.482  0.9605E-03
  0.492  0.8914E-03
  0.502  0.8197E-03
  0.512  0.7466E-03
  0.522  0.6735E-03
  0.532  0.6016E-03
  0.542  0.5320E-03
  0.552  0.4657E-03
  0.562  0.4035E-03
  0.572  0.3461E-03
  0.582  0.2937E-03
  0.592  0.2467E-03
  0.602  0.2051E-03
  0.612  0.1687E-03
  0.622  0.1373E-03
  0.632  0.1105E-03
  0.642  0.8807E-04
  0.652  0.6944E-04
  0.662  0.5416E-04
  0.672  0.4180E-04
  0.682  0.3192E-04
  0.692  0.2412E-04
  0.702  0.1803E-04
  0.712  0.1333E-04
  0.722  0.9757E-05
  0.732  0.7064E-05
  0.742  0.5060E-05
  0.752  0.3586E-05
  0.762  0.2514E-05
  0.772  0.1744E-05
  0.782  0.1197E-05
  0.792  0.8128E-06
  0.802  0.5460E-06
  0.812  0.3629E-06
  0.822  0.2387E-06
  0.832  0.1553E-06
  0.842  0.9995E-07
