 -5.548  0.3264E-06
 -5.538  0.5047E-06
 -5.528  0.7718E-06
 -5.518  0.1168E-05
 -5.508  0.1748E-05
 -5.498  0.2588E-05
 -5.488  0.3791E-05
 -5.478  0.5493E-05
 -5.468  0.7874E-05
 -5.458  0.1117E-04
 -5.448  0.1567E-04
 -5.438  0.2175E-04
 -5.428  0.2986E-04
 -5.418  0.4057E-04
 -5.408  0.5453E-04
 -5.398  0.7251E-04
 -5.388  0.9539E-04
 -5.378  0.1242E-03
 -5.368  0.1599E-03
 -5.358  0.2038E-03
 -5.348  0.2570E-03
 -5.338  0.3206E-03
 -5.328  0.3959E-03
 -5.318  0.4838E-03
 -5.308  0.5851E-03
 -5.298  0.7005E-03
 -5.288  0.8302E-03
 -5.278  0.9741E-03
 -5.268  0.1132E-02
 -5.258  0.1302E-02
 -5.248  0.1485E-02
 -5.238  0.1677E-02
 -5.228  0.1877E-02
 -5.218  0.2084E-02
 -5.208  0.2294E-02
 -5.198  0.2506E-02
 -5.188  0.2719E-02
 -5.178  0.2930E-02
 -5.168  0.3139E-02
 -5.158  0.3345E-02
 -5.148  0.3550E-02
 -5.138  0.3754E-02
 -5.128  0.3959E-02
 -5.118  0.4169E-02
 -5.108  0.4385E-02
 -5.098  0.4612E-02
 -5.088  0.4854E-02
 -5.078  0.5114E-02
 -5.068  0.5397E-02
 -5.058  0.5704E-02
 -5.048  0.6040E-02
 -5.038  0.6405E-02
 -5.028  0.6800E-02
 -5.018  0.7225E-02
 -5.008  0.7677E-02
 -4.998  0.8155E-02
 -4.988  0.8652E-02
 -4.978  0.9165E-02
 -4.968  0.9686E-02
 -4.958  0.1021E-01
 -4.948  0.1072E-01
 -4.938  0.1122E-01
 -4.928  0.1169E-01
 -4.918  0.1212E-01
 -4.908  0.1251E-01
 -4.898  0.1285E-01
 -4.888  0.1313E-01
 -4.878  0.1334E-01
 -4.868  0.1348E-01
 -4.858  0.1355E-01
 -4.848  0.1355E-01
 -4.838  0.1347E-01
 -4.828  0.1331E-01
 -4.818  0.1309E-01
 -4.808  0.1280E-01
 -4.798  0.1246E-01
 -4.788  0.1205E-01
 -4.778  0.1160E-01
 -4.768  0.1110E-01
 -4.758  0.1057E-01
 -4.748  0.1001E-01
 -4.738  0.9427E-02
 -4.728  0.8827E-02
 -4.718  0.8215E-02
 -4.708  0.7600E-02
 -4.698  0.6986E-02
 -4.688  0.6380E-02
 -4.678  0.5787E-02
 -4.668  0.5212E-02
 -4.658  0.4659E-02
 -4.648  0.4134E-02
 -4.638  0.3639E-02
 -4.628  0.3177E-02
 -4.618  0.2751E-02
 -4.608  0.2361E-02
 -4.598  0.2009E-02
 -4.588  0.1694E-02
 -4.578  0.1416E-02
 -4.568  0.1172E-02
 -4.558  0.9605E-03
 -4.548  0.7799E-03
 -4.538  0.6270E-03
 -4.528  0.4992E-03
 -4.518  0.3934E-03
 -4.508  0.3069E-03
 -4.498  0.2370E-03
 -4.488  0.1812E-03
 -4.478  0.1371E-03
 -4.468  0.1026E-03
 -4.458  0.7604E-04
 -4.448  0.5575E-04
 -4.438  0.4045E-04
 -4.428  0.2904E-04
 -4.418  0.2063E-04
 -4.408  0.1450E-04
 -4.398  0.1008E-04
 -4.388  0.6936E-05
 -4.378  0.4722E-05
 -4.368  0.3180E-05
 -4.358  0.2119E-05
 -4.348  0.1397E-05
 -4.338  0.9109E-06
 -4.328  0.5877E-06
 -4.318  0.3751E-06
 -4.308  0.2369E-06
 -4.298  0.1480E-06
 -4.288  0.9146E-07
 -4.278  0.5592E-07
 -4.268  0.3382E-07
 -4.258  0.2024E-07
 -4.248  0.1198E-07
 -4.238  0.7016E-08
 -4.228  0.4064E-08
 -4.218  0.2329E-08
 -4.208  0.1321E-08
 -4.198  0.7407E-09
 -4.188  0.4110E-09
 -4.178  0.2256E-09
 -4.168  0.1225E-09
 -4.158  0.6579E-10
 -4.148  0.3496E-10
 -4.138  0.1838E-10
 -4.128  0.9558E-11
 -4.118  0.4917E-11
 -4.108  0.2502E-11
 -4.098  0.1260E-11
 -4.088  0.6275E-12
 -4.078  0.3091E-12
 -4.068  0.1507E-12
 -4.058  0.7265E-13
 -4.048  0.3465E-13
 -4.038  0.1635E-13
 -4.028  0.7633E-14
 -4.018  0.3525E-14
 -4.008  0.1610E-14
 -3.998  0.7277E-15
 -3.988  0.3253E-15
 -3.978  0.1439E-15
 -3.968  0.6294E-16
 -3.958  0.2724E-16
 -3.948  0.1166E-16
 -3.938  0.4940E-17
 -3.928  0.2070E-17
 -3.918  0.8579E-18
 -3.908  0.3518E-18
 -3.898  0.1427E-18
 -3.888  0.5725E-19
 -3.878  0.2273E-19
 -3.868  0.8925E-20
 -3.858  0.3467E-20
 -3.848  0.1332E-20
 -3.838  0.5066E-21
 -3.828  0.1905E-21
 -3.818  0.7088E-22
 -3.808  0.2609E-22
 -3.798  0.9498E-23
 -3.788  0.3421E-23
 -3.778  0.1219E-23
 -3.768  0.4296E-24
 -3.758  0.1498E-24
 -3.748  0.5168E-25
 -3.738  0.1763E-25
 -3.728  0.5953E-26
 -3.718  0.1988E-26
 -3.708  0.6567E-27
 -3.698  0.2146E-27
 -3.688  0.6939E-28
 -3.678  0.2219E-28
 -3.668  0.7021E-29
 -3.658  0.2197E-29
 -3.648  0.6804E-30
 -3.638  0.2084E-30
 -3.628  0.6314E-31
 -3.618  0.1893E-31
 -3.608  0.5612E-32
 -3.598  0.1646E-32
 -3.588  0.4778E-33
 -3.578  0.1371E-33
 -3.568  0.3895E-34
 -3.558  0.1094E-34
 -3.548  0.3041E-35
 -3.538  0.8360E-36
 -3.528  0.2274E-36
 -3.518  0.6118E-37
 -3.508  0.1628E-37
 -3.498  0.4287E-38
 -3.488  0.1117E-38
 -3.478  0.2877E-39
 -3.468  0.7335E-40
 -3.458  0.1850E-40
 -3.448  0.4614E-41
 -3.438  0.1139E-41
 -3.428  0.2779E-42
 -3.418  0.6712E-43
 -3.408  0.1604E-43
 -3.398  0.3790E-44
 -3.388  0.8861E-45
 -3.378  0.2049E-45
 -3.368  0.4689E-46
 -3.358  0.1061E-46
 -3.348  0.2376E-47
 -3.338  0.5263E-48
 -3.328  0.1153E-48
 -3.318  0.2500E-49
 -3.308  0.5361E-50
 -3.298  0.1137E-50
 -3.288  0.2387E-51
 -3.278  0.4955E-52
 -3.268  0.1018E-52
 -3.258  0.2067E-53
 -3.248  0.4155E-54
 -3.238  0.8260E-55
 -3.228  0.1625E-55
 -3.218  0.3161E-56
 -3.208  0.6084E-57
 -3.198  0.1159E-57
 -3.188  0.2182E-58
 -3.178  0.4066E-59
 -3.168  0.7496E-60
 -3.158  0.1367E-60
 -3.148  0.2466E-61
 -3.138  0.4401E-62
 -3.128  0.7769E-63
 -3.118  0.1357E-63
 -3.108  0.2344E-64
 -3.098  0.4006E-65
 -3.088  0.6774E-66
 -3.078  0.1133E-66
 -3.068  0.1875E-67
 -3.058  0.3068E-68
 -3.048  0.4968E-69
 -3.038  0.7959E-70
 -3.028  0.1261E-70
 -3.018  0.1977E-71
 -3.008  0.3066E-72
 -2.998  0.4714E-73
 -2.988  0.7892E-74
 -2.978  0.6076E-74
 -2.968  0.3298E-73
 -2.958  0.2130E-72
 -2.948  0.1367E-71
 -2.938  0.8678E-71
 -2.928  0.5451E-70
 -2.918  0.3387E-69
 -2.908  0.2082E-68
 -2.898  0.1266E-67
 -2.888  0.7616E-67
 -2.878  0.4532E-66
 -2.868  0.2668E-65
 -2.858  0.1554E-64
 -2.848  0.8951E-64
 -2.838  0.5101E-63
 -2.828  0.2876E-62
 -2.818  0.1604E-61
 -2.808  0.8850E-61
 -2.798  0.4831E-60
 -2.788  0.2608E-59
 -2.778  0.1393E-58
 -2.768  0.7362E-58
 -2.758  0.3848E-57
 -2.748  0.1990E-56
 -2.738  0.1018E-55
 -2.728  0.5151E-55
 -2.718  0.2579E-54
 -2.708  0.1277E-53
 -2.698  0.6257E-53
 -2.688  0.3032E-52
 -2.678  0.1454E-51
 -2.668  0.6895E-51
 -2.658  0.3235E-50
 -2.648  0.1502E-49
 -2.638  0.6895E-49
 -2.628  0.3132E-48
 -2.618  0.1407E-47
 -2.608  0.6256E-47
 -2.598  0.2751E-46
 -2.588  0.1197E-45
 -2.578  0.5150E-45
 -2.568  0.2192E-44
 -2.558  0.9233E-44
 -2.548  0.3847E-43
 -2.538  0.1585E-42
 -2.528  0.6464E-42
 -2.518  0.2607E-41
 -2.508  0.1040E-40
 -2.498  0.4106E-40
 -2.488  0.1603E-39
 -2.478  0.6192E-39
 -2.468  0.2366E-38
 -2.458  0.8945E-38
 -2.448  0.3345E-37
 -2.438  0.1237E-36
 -2.428  0.4528E-36
 -2.418  0.1639E-35
 -2.408  0.5871E-35
 -2.398  0.2080E-34
 -2.388  0.7290E-34
 -2.378  0.2528E-33
 -2.368  0.8669E-33
 -2.358  0.2942E-32
 -2.348  0.9873E-32
 -2.338  0.3278E-31
 -2.328  0.1077E-30
 -2.318  0.3499E-30
 -2.308  0.1125E-29
 -2.298  0.3577E-29
 -2.288  0.1125E-28
 -2.278  0.3502E-28
 -2.268  0.1078E-27
 -2.258  0.3284E-27
 -2.248  0.9893E-27
 -2.238  0.2949E-26
 -2.228  0.8694E-26
 -2.218  0.2536E-25
 -2.208  0.7317E-25
 -2.198  0.2088E-24
 -2.188  0.5897E-24
 -2.178  0.1647E-23
 -2.168  0.4552E-23
 -2.158  0.1244E-22
 -2.148  0.3365E-22
 -2.138  0.9003E-22
 -2.128  0.2383E-21
 -2.118  0.6238E-21
 -2.108  0.1616E-20
 -2.098  0.4139E-20
 -2.088  0.1049E-19
 -2.078  0.2631E-19
 -2.068  0.6525E-19
 -2.058  0.1601E-18
 -2.048  0.3886E-18
 -2.038  0.9332E-18
 -2.028  0.2217E-17
 -2.018  0.5210E-17
 -2.008  0.1211E-16
 -1.998  0.2785E-16
 -1.988  0.6337E-16
 -1.978  0.1426E-15
 -1.968  0.3176E-15
 -1.958  0.6995E-15
 -1.948  0.1524E-14
 -1.938  0.3285E-14
 -1.928  0.7006E-14
 -1.918  0.1478E-13
 -1.908  0.3084E-13
 -1.898  0.6368E-13
 -1.888  0.1300E-12
 -1.878  0.2628E-12
 -1.868  0.5252E-12
 -1.858  0.1039E-11
 -1.848  0.2032E-11
 -1.838  0.3932E-11
 -1.828  0.7527E-11
 -1.818  0.1426E-10
 -1.808  0.2671E-10
 -1.798  0.4952E-10
 -1.788  0.9082E-10
 -1.778  0.1648E-09
 -1.768  0.2958E-09
 -1.758  0.5253E-09
 -1.748  0.9229E-09
 -1.738  0.1604E-08
 -1.728  0.2759E-08
 -1.718  0.4694E-08
 -1.708  0.7903E-08
 -1.698  0.1316E-07
 -1.688  0.2170E-07
 -1.678  0.3538E-07
 -1.668  0.5709E-07
 -1.658  0.9115E-07
 -1.648  0.1440E-06
 -1.638  0.2252E-06
 -1.628  0.3484E-06
 -1.618  0.5335E-06
 -1.608  0.8086E-06
 -1.598  0.1213E-05
 -1.588  0.1801E-05
 -1.578  0.2647E-05
 -1.568  0.3850E-05
 -1.558  0.5546E-05
 -1.548  0.7908E-05
 -1.538  0.1117E-04
 -1.528  0.1561E-04
 -1.518  0.2162E-04
 -1.508  0.2966E-04
 -1.498  0.4029E-04
 -1.488  0.5423E-04
 -1.478  0.7233E-04
 -1.468  0.9560E-04
 -1.458  0.1252E-03
 -1.448  0.1626E-03
 -1.438  0.2093E-03
 -1.428  0.2671E-03
 -1.418  0.3381E-03
 -1.408  0.4244E-03
 -1.398  0.5284E-03
 -1.388  0.6528E-03
 -1.378  0.8001E-03
 -1.368  0.9731E-03
 -1.358  0.1174E-02
 -1.348  0.1407E-02
 -1.338  0.1672E-02
 -1.328  0.1973E-02
 -1.318  0.2311E-02
 -1.308  0.2686E-02
 -1.298  0.3099E-02
 -1.288  0.3548E-02
 -1.278  0.4032E-02
 -1.268  0.4545E-02
 -1.258  0.5084E-02
 -1.248  0.5642E-02
 -1.238  0.6210E-02
 -1.228  0.6780E-02
 -1.218  0.7340E-02
 -1.208  0.7878E-02
 -1.198  0.8383E-02
 -1.188  0.8842E-02
 -1.178  0.9243E-02
 -1.168  0.9575E-02
 -1.158  0.9827E-02
 -1.148  0.9993E-02
 -1.138  0.1007E-01
 -1.128  0.1004E-01
 -1.118  0.9921E-02
 -1.108  0.9707E-02
 -1.098  0.9404E-02
 -1.088  0.9020E-02
 -1.078  0.8565E-02
 -1.068  0.8052E-02
 -1.058  0.7493E-02
 -1.048  0.6902E-02
 -1.038  0.6292E-02
 -1.028  0.5678E-02
 -1.018  0.5071E-02
 -1.008  0.4482E-02
 -0.998  0.3922E-02
 -0.988  0.3396E-02
 -0.978  0.2912E-02
 -0.968  0.2473E-02
 -0.958  0.2081E-02
 -0.948  0.1737E-02
 -0.938  0.1440E-02
 -0.928  0.1190E-02
 -0.918  0.9847E-03
 -0.908  0.8211E-03
 -0.898  0.6974E-03
 -0.888  0.6114E-03
 -0.878  0.5613E-03
 -0.868  0.5459E-03
 -0.858  0.5642E-03
 -0.848  0.6163E-03
 -0.838  0.7024E-03
 -0.828  0.8233E-03
 -0.818  0.9801E-03
 -0.808  0.1174E-02
 -0.798  0.1407E-02
 -0.788  0.1679E-02
 -0.778  0.1991E-02
 -0.768  0.2343E-02
 -0.758  0.2734E-02
 -0.748  0.3164E-02
 -0.738  0.3628E-02
 -0.728  0.4124E-02
 -0.718  0.4647E-02
 -0.708  0.5192E-02
 -0.698  0.5754E-02
 -0.688  0.6327E-02
 -0.678  0.6906E-02
 -0.668  0.7487E-02
 -0.658  0.8066E-02
 -0.648  0.8642E-02
 -0.638  0.9213E-02
 -0.628  0.9783E-02
 -0.618  0.1035E-01
 -0.608  0.1093E-01
 -0.598  0.1153E-01
 -0.588  0.1214E-01
 -0.578  0.1279E-01
 -0.568  0.1347E-01
 -0.558  0.1420E-01
 -0.548  0.1498E-01
 -0.538  0.1582E-01
 -0.528  0.1669E-01
 -0.518  0.1762E-01
 -0.508  0.1857E-01
 -0.498  0.1954E-01
 -0.488  0.2050E-01
 -0.478  0.2144E-01
 -0.468  0.2232E-01
 -0.458  0.2313E-01
 -0.448  0.2383E-01
 -0.438  0.2440E-01
 -0.428  0.2481E-01
 -0.418  0.2505E-01
 -0.408  0.2511E-01
 -0.398  0.2497E-01
 -0.388  0.2465E-01
 -0.378  0.2413E-01
 -0.368  0.2345E-01
 -0.358  0.2261E-01
 -0.348  0.2164E-01
 -0.338  0.2056E-01
 -0.328  0.1941E-01
 -0.318  0.1822E-01
 -0.308  0.1702E-01
 -0.298  0.1583E-01
 -0.288  0.1468E-01
 -0.278  0.1359E-01
 -0.268  0.1258E-01
 -0.258  0.1166E-01
 -0.248  0.1083E-01
 -0.238  0.1009E-01
 -0.228  0.9447E-02
 -0.218  0.8889E-02
 -0.208  0.8406E-02
 -0.198  0.7987E-02
 -0.188  0.7619E-02
 -0.178  0.7290E-02
 -0.168  0.6989E-02
 -0.158  0.6704E-02
 -0.148  0.6427E-02
 -0.138  0.6154E-02
 -0.128  0.5879E-02
 -0.118  0.5604E-02
 -0.108  0.5330E-02
 -0.098  0.5061E-02
 -0.088  0.4803E-02
 -0.078  0.4565E-02
 -0.068  0.4355E-02
 -0.058  0.4181E-02
 -0.048  0.4054E-02
 -0.038  0.3981E-02
 -0.028  0.3971E-02
 -0.018  0.4028E-02
 -0.008  0.4159E-02
  0.002  0.4364E-02
  0.012  0.4645E-02
  0.022  0.5000E-02
  0.032  0.5425E-02
  0.042  0.5914E-02
  0.052  0.6459E-02
  0.062  0.7050E-02
  0.072  0.7675E-02
  0.082  0.8324E-02
  0.092  0.8981E-02
  0.102  0.9634E-02
  0.112  0.1027E-01
  0.122  0.1087E-01
  0.132  0.1143E-01
  0.142  0.1193E-01
  0.152  0.1237E-01
  0.162  0.1273E-01
  0.172  0.1302E-01
  0.182  0.1322E-01
  0.192  0.1333E-01
  0.202  0.1336E-01
  0.212  0.1330E-01
  0.222  0.1317E-01
  0.232  0.1296E-01
  0.242  0.1270E-01
  0.252  0.1238E-01
  0.262  0.1202E-01
  0.272  0.1164E-01
  0.282  0.1123E-01
  0.292  0.1082E-01
  0.302  0.1041E-01
  0.312  0.1000E-01
  0.322  0.9619E-02
  0.332  0.9254E-02
  0.342  0.8912E-02
  0.352  0.8592E-02
  0.362  0.8294E-02
  0.372  0.8012E-02
  0.382  0.7744E-02
  0.392  0.7484E-02
  0.402  0.7225E-02
  0.412  0.6962E-02
  0.422  0.6690E-02
  0.432  0.6405E-02
  0.442  0.6105E-02
  0.452  0.5787E-02
  0.462  0.5452E-02
  0.472  0.5102E-02
  0.482  0.4739E-02
  0.492  0.4366E-02
  0.502  0.3990E-02
  0.512  0.3614E-02
  0.522  0.3244E-02
  0.532  0.2884E-02
  0.542  0.2540E-02
  0.552  0.2215E-02
  0.562  0.1913E-02
  0.572  0.1635E-02
  0.582  0.1384E-02
  0.592  0.1159E-02
  0.602  0.9608E-03
  0.612  0.7882E-03
  0.622  0.6399E-03
  0.632  0.5140E-03
  0.642  0.4086E-03
  0.652  0.3214E-03
  0.662  0.2502E-03
  0.672  0.1927E-03
  0.682  0.1468E-03
  0.692  0.1107E-03
  0.702  0.8257E-04
  0.712  0.6095E-04
  0.722  0.4451E-04
  0.732  0.3216E-04
  0.742  0.2299E-04
  0.752  0.1626E-04
  0.762  0.1138E-04
  0.772  0.7878E-05
  0.782  0.5397E-05
  0.792  0.3658E-05
  0.802  0.2453E-05
  0.812  0.1627E-05
  0.822  0.1068E-05
  0.832  0.6937E-06
  0.842  0.4457E-06
