 -5.548  0.4213E-06
 -5.538  0.6514E-06
 -5.528  0.9963E-06
 -5.518  0.1507E-05
 -5.508  0.2256E-05
 -5.498  0.3341E-05
 -5.488  0.4894E-05
 -5.478  0.7093E-05
 -5.468  0.1017E-04
 -5.458  0.1442E-04
 -5.448  0.2024E-04
 -5.438  0.2810E-04
 -5.428  0.3859E-04
 -5.418  0.5244E-04
 -5.408  0.7051E-04
 -5.398  0.9379E-04
 -5.388  0.1234E-03
 -5.378  0.1608E-03
 -5.368  0.2072E-03
 -5.358  0.2642E-03
 -5.348  0.3334E-03
 -5.338  0.4165E-03
 -5.328  0.5148E-03
 -5.318  0.6300E-03
 -5.308  0.7632E-03
 -5.298  0.9155E-03
 -5.288  0.1087E-02
 -5.278  0.1279E-02
 -5.268  0.1491E-02
 -5.258  0.1722E-02
 -5.248  0.1971E-02
 -5.238  0.2237E-02
 -5.228  0.2518E-02
 -5.218  0.2812E-02
 -5.208  0.3118E-02
 -5.198  0.3433E-02
 -5.188  0.3756E-02
 -5.178  0.4087E-02
 -5.168  0.4424E-02
 -5.158  0.4766E-02
 -5.148  0.5116E-02
 -5.138  0.5472E-02
 -5.128  0.5837E-02
 -5.118  0.6213E-02
 -5.108  0.6599E-02
 -5.098  0.6999E-02
 -5.088  0.7412E-02
 -5.078  0.7839E-02
 -5.068  0.8281E-02
 -5.058  0.8737E-02
 -5.048  0.9204E-02
 -5.038  0.9680E-02
 -5.028  0.1016E-01
 -5.018  0.1065E-01
 -5.008  0.1114E-01
 -4.998  0.1163E-01
 -4.988  0.1211E-01
 -4.978  0.1258E-01
 -4.968  0.1305E-01
 -4.958  0.1350E-01
 -4.948  0.1395E-01
 -4.938  0.1439E-01
 -4.928  0.1483E-01
 -4.918  0.1526E-01
 -4.908  0.1569E-01
 -4.898  0.1611E-01
 -4.888  0.1654E-01
 -4.878  0.1696E-01
 -4.868  0.1737E-01
 -4.858  0.1778E-01
 -4.848  0.1817E-01
 -4.838  0.1854E-01
 -4.828  0.1887E-01
 -4.818  0.1916E-01
 -4.808  0.1940E-01
 -4.798  0.1956E-01
 -4.788  0.1965E-01
 -4.778  0.1964E-01
 -4.768  0.1952E-01
 -4.758  0.1930E-01
 -4.748  0.1895E-01
 -4.738  0.1849E-01
 -4.728  0.1790E-01
 -4.718  0.1721E-01
 -4.708  0.1641E-01
 -4.698  0.1551E-01
 -4.688  0.1454E-01
 -4.678  0.1351E-01
 -4.668  0.1244E-01
 -4.658  0.1135E-01
 -4.648  0.1026E-01
 -4.638  0.9179E-02
 -4.628  0.8135E-02
 -4.618  0.7138E-02
 -4.608  0.6202E-02
 -4.598  0.5333E-02
 -4.588  0.4540E-02
 -4.578  0.3825E-02
 -4.568  0.3190E-02
 -4.558  0.2633E-02
 -4.548  0.2150E-02
 -4.538  0.1738E-02
 -4.528  0.1390E-02
 -4.518  0.1100E-02
 -4.508  0.8609E-03
 -4.498  0.6669E-03
 -4.488  0.5112E-03
 -4.478  0.3876E-03
 -4.468  0.2908E-03
 -4.458  0.2159E-03
 -4.448  0.1585E-03
 -4.438  0.1152E-03
 -4.428  0.8279E-04
 -4.418  0.5887E-04
 -4.408  0.4142E-04
 -4.398  0.2883E-04
 -4.388  0.1985E-04
 -4.378  0.1352E-04
 -4.368  0.9110E-05
 -4.358  0.6073E-05
 -4.348  0.4005E-05
 -4.338  0.2613E-05
 -4.328  0.1686E-05
 -4.318  0.1077E-05
 -4.308  0.6801E-06
 -4.298  0.4249E-06
 -4.288  0.2627E-06
 -4.278  0.1606E-06
 -4.268  0.9717E-07
 -4.258  0.5815E-07
 -4.248  0.3443E-07
 -4.238  0.2016E-07
 -4.228  0.1168E-07
 -4.218  0.6695E-08
 -4.208  0.3796E-08
 -4.198  0.2129E-08
 -4.188  0.1181E-08
 -4.178  0.6485E-09
 -4.168  0.3521E-09
 -4.158  0.1892E-09
 -4.148  0.1005E-09
 -4.138  0.5284E-10
 -4.128  0.2748E-10
 -4.118  0.1414E-10
 -4.108  0.7195E-11
 -4.098  0.3623E-11
 -4.088  0.1804E-11
 -4.078  0.8890E-12
 -4.068  0.4333E-12
 -4.058  0.2089E-12
 -4.048  0.9966E-13
 -4.038  0.4702E-13
 -4.028  0.2195E-13
 -4.018  0.1014E-13
 -4.008  0.4631E-14
 -3.998  0.2093E-14
 -3.988  0.9355E-15
 -3.978  0.4137E-15
 -3.968  0.1810E-15
 -3.958  0.7834E-16
 -3.948  0.3354E-16
 -3.938  0.1421E-16
 -3.928  0.5952E-17
 -3.918  0.2467E-17
 -3.908  0.1012E-17
 -3.898  0.4103E-18
 -3.888  0.1647E-18
 -3.878  0.6536E-19
 -3.868  0.2567E-19
 -3.858  0.9971E-20
 -3.848  0.3832E-20
 -3.838  0.1457E-20
 -3.828  0.5479E-21
 -3.818  0.2038E-21
 -3.808  0.7502E-22
 -3.798  0.2731E-22
 -3.788  0.9838E-23
 -3.778  0.3505E-23
 -3.768  0.1236E-23
 -3.758  0.4308E-24
 -3.748  0.1486E-24
 -3.738  0.5071E-25
 -3.728  0.1712E-25
 -3.718  0.5717E-26
 -3.708  0.1889E-26
 -3.698  0.6172E-27
 -3.688  0.1996E-27
 -3.678  0.6382E-28
 -3.668  0.2019E-28
 -3.658  0.6320E-29
 -3.648  0.1957E-29
 -3.638  0.5993E-30
 -3.628  0.1816E-30
 -3.618  0.5443E-31
 -3.608  0.1614E-31
 -3.598  0.4735E-32
 -3.588  0.1374E-32
 -3.578  0.3944E-33
 -3.568  0.1120E-33
 -3.558  0.3147E-34
 -3.548  0.8746E-35
 -3.538  0.2404E-35
 -3.528  0.6539E-36
 -3.518  0.1759E-36
 -3.508  0.4683E-37
 -3.498  0.1233E-37
 -3.488  0.3212E-38
 -3.478  0.8275E-39
 -3.468  0.2109E-39
 -3.458  0.5319E-40
 -3.448  0.1327E-40
 -3.438  0.3274E-41
 -3.428  0.7994E-42
 -3.418  0.1930E-42
 -3.408  0.4612E-43
 -3.398  0.1090E-43
 -3.388  0.2548E-44
 -3.378  0.5894E-45
 -3.368  0.1349E-45
 -3.358  0.3052E-46
 -3.348  0.6834E-47
 -3.338  0.1514E-47
 -3.328  0.3317E-48
 -3.318  0.7190E-49
 -3.308  0.1542E-49
 -3.298  0.3271E-50
 -3.288  0.6864E-51
 -3.278  0.1425E-51
 -3.268  0.2926E-52
 -3.258  0.5945E-53
 -3.248  0.1195E-53
 -3.238  0.2376E-54
 -3.228  0.4673E-55
 -3.218  0.9092E-56
 -3.208  0.1750E-56
 -3.198  0.3332E-57
 -3.188  0.6276E-58
 -3.178  0.1170E-58
 -3.168  0.2156E-59
 -3.158  0.3931E-60
 -3.148  0.7092E-61
 -3.138  0.1266E-61
 -3.128  0.2234E-62
 -3.118  0.3902E-63
 -3.108  0.6742E-64
 -3.098  0.1152E-64
 -3.088  0.1948E-65
 -3.078  0.3258E-66
 -3.068  0.5392E-67
 -3.058  0.8825E-68
 -3.048  0.1429E-68
 -3.038  0.2289E-69
 -3.028  0.3627E-70
 -3.018  0.5686E-71
 -3.008  0.8818E-72
 -2.998  0.1358E-72
 -2.988  0.2393E-73
 -2.978  0.2561E-73
 -2.968  0.1482E-72
 -2.958  0.9588E-72
 -2.948  0.6153E-71
 -2.938  0.3907E-70
 -2.928  0.2454E-69
 -2.918  0.1525E-68
 -2.908  0.9373E-68
 -2.898  0.5700E-67
 -2.888  0.3429E-66
 -2.878  0.2040E-65
 -2.868  0.1201E-64
 -2.858  0.6995E-64
 -2.848  0.4030E-63
 -2.838  0.2297E-62
 -2.828  0.1295E-61
 -2.818  0.7222E-61
 -2.808  0.3984E-60
 -2.798  0.2175E-59
 -2.788  0.1174E-58
 -2.778  0.6272E-58
 -2.768  0.3314E-57
 -2.758  0.1732E-56
 -2.748  0.8958E-56
 -2.738  0.4583E-55
 -2.728  0.2319E-54
 -2.718  0.1161E-53
 -2.708  0.5749E-53
 -2.698  0.2817E-52
 -2.688  0.1365E-51
 -2.678  0.6545E-51
 -2.668  0.3104E-50
 -2.658  0.1456E-49
 -2.648  0.6760E-49
 -2.638  0.3104E-48
 -2.628  0.1410E-47
 -2.618  0.6336E-47
 -2.608  0.2816E-46
 -2.598  0.1238E-45
 -2.588  0.5387E-45
 -2.578  0.2318E-44
 -2.568  0.9870E-44
 -2.558  0.4157E-43
 -2.548  0.1732E-42
 -2.538  0.7137E-42
 -2.528  0.2910E-41
 -2.518  0.1174E-40
 -2.508  0.4683E-40
 -2.498  0.1848E-39
 -2.488  0.7217E-39
 -2.478  0.2788E-38
 -2.468  0.1065E-37
 -2.458  0.4027E-37
 -2.448  0.1506E-36
 -2.438  0.5571E-36
 -2.428  0.2039E-35
 -2.418  0.7380E-35
 -2.408  0.2643E-34
 -2.398  0.9364E-34
 -2.388  0.3282E-33
 -2.378  0.1138E-32
 -2.368  0.3903E-32
 -2.358  0.1324E-31
 -2.348  0.4445E-31
 -2.338  0.1476E-30
 -2.328  0.4848E-30
 -2.318  0.1575E-29
 -2.308  0.5064E-29
 -2.298  0.1610E-28
 -2.288  0.5066E-28
 -2.278  0.1577E-27
 -2.268  0.4854E-27
 -2.258  0.1478E-26
 -2.248  0.4454E-26
 -2.238  0.1327E-25
 -2.228  0.3914E-25
 -2.218  0.1142E-24
 -2.208  0.3294E-24
 -2.198  0.9402E-24
 -2.188  0.2655E-23
 -2.178  0.7416E-23
 -2.168  0.2049E-22
 -2.158  0.5602E-22
 -2.148  0.1515E-21
 -2.138  0.4053E-21
 -2.128  0.1073E-20
 -2.118  0.2808E-20
 -2.108  0.7272E-20
 -2.098  0.1863E-19
 -2.088  0.4723E-19
 -2.078  0.1184E-18
 -2.068  0.2937E-18
 -2.058  0.7206E-18
 -2.048  0.1749E-17
 -2.038  0.4200E-17
 -2.028  0.9978E-17
 -2.018  0.2345E-16
 -2.008  0.5451E-16
 -1.998  0.1254E-15
 -1.988  0.2852E-15
 -1.978  0.6418E-15
 -1.968  0.1429E-14
 -1.958  0.3147E-14
 -1.948  0.6858E-14
 -1.938  0.1478E-13
 -1.928  0.3152E-13
 -1.918  0.6648E-13
 -1.908  0.1387E-12
 -1.898  0.2864E-12
 -1.888  0.5848E-12
 -1.878  0.1181E-11
 -1.868  0.2361E-11
 -1.858  0.4668E-11
 -1.848  0.9130E-11
 -1.838  0.1766E-10
 -1.828  0.3381E-10
 -1.818  0.6402E-10
 -1.808  0.1199E-09
 -1.798  0.2222E-09
 -1.788  0.4074E-09
 -1.778  0.7389E-09
 -1.768  0.1326E-08
 -1.758  0.2353E-08
 -1.748  0.4132E-08
 -1.738  0.7178E-08
 -1.728  0.1234E-07
 -1.718  0.2097E-07
 -1.708  0.3528E-07
 -1.698  0.5870E-07
 -1.688  0.9664E-07
 -1.678  0.1574E-06
 -1.668  0.2536E-06
 -1.658  0.4043E-06
 -1.648  0.6377E-06
 -1.638  0.9952E-06
 -1.628  0.1537E-05
 -1.618  0.2347E-05
 -1.608  0.3548E-05
 -1.598  0.5306E-05
 -1.588  0.7852E-05
 -1.578  0.1150E-04
 -1.568  0.1666E-04
 -1.558  0.2389E-04
 -1.548  0.3390E-04
 -1.538  0.4760E-04
 -1.528  0.6616E-04
 -1.518  0.9100E-04
 -1.508  0.1239E-03
 -1.498  0.1670E-03
 -1.488  0.2228E-03
 -1.478  0.2943E-03
 -1.468  0.3849E-03
 -1.458  0.4984E-03
 -1.448  0.6391E-03
 -1.438  0.8117E-03
 -1.428  0.1021E-02
 -1.418  0.1272E-02
 -1.408  0.1571E-02
 -1.398  0.1922E-02
 -1.388  0.2330E-02
 -1.378  0.2800E-02
 -1.368  0.3336E-02
 -1.358  0.3940E-02
 -1.348  0.4615E-02
 -1.338  0.5361E-02
 -1.328  0.6178E-02
 -1.318  0.7062E-02
 -1.308  0.8011E-02
 -1.298  0.9018E-02
 -1.288  0.1007E-01
 -1.278  0.1117E-01
 -1.268  0.1230E-01
 -1.258  0.1343E-01
 -1.248  0.1457E-01
 -1.238  0.1569E-01
 -1.228  0.1677E-01
 -1.218  0.1779E-01
 -1.208  0.1874E-01
 -1.198  0.1959E-01
 -1.188  0.2032E-01
 -1.178  0.2092E-01
 -1.168  0.2136E-01
 -1.158  0.2164E-01
 -1.148  0.2175E-01
 -1.138  0.2167E-01
 -1.128  0.2142E-01
 -1.118  0.2098E-01
 -1.108  0.2037E-01
 -1.098  0.1961E-01
 -1.088  0.1870E-01
 -1.078  0.1767E-01
 -1.068  0.1654E-01
 -1.058  0.1534E-01
 -1.048  0.1409E-01
 -1.038  0.1281E-01
 -1.028  0.1154E-01
 -1.018  0.1029E-01
 -1.008  0.9093E-02
 -0.998  0.7953E-02
 -0.988  0.6888E-02
 -0.978  0.5909E-02
 -0.968  0.5024E-02
 -0.958  0.4236E-02
 -0.948  0.3546E-02
 -0.938  0.2955E-02
 -0.928  0.2458E-02
 -0.918  0.2055E-02
 -0.908  0.1739E-02
 -0.898  0.1508E-02
 -0.888  0.1359E-02
 -0.878  0.1288E-02
 -0.868  0.1294E-02
 -0.858  0.1377E-02
 -0.848  0.1536E-02
 -0.838  0.1774E-02
 -0.828  0.2091E-02
 -0.818  0.2489E-02
 -0.808  0.2971E-02
 -0.798  0.3537E-02
 -0.788  0.4188E-02
 -0.778  0.4920E-02
 -0.768  0.5731E-02
 -0.758  0.6614E-02
 -0.748  0.7560E-02
 -0.738  0.8557E-02
 -0.728  0.9592E-02
 -0.718  0.1065E-01
 -0.708  0.1171E-01
 -0.698  0.1276E-01
 -0.688  0.1377E-01
 -0.678  0.1474E-01
 -0.668  0.1565E-01
 -0.658  0.1649E-01
 -0.648  0.1725E-01
 -0.638  0.1792E-01
 -0.628  0.1852E-01
 -0.618  0.1905E-01
 -0.608  0.1952E-01
 -0.598  0.1995E-01
 -0.588  0.2036E-01
 -0.578  0.2076E-01
 -0.568  0.2117E-01
 -0.558  0.2161E-01
 -0.548  0.2210E-01
 -0.538  0.2263E-01
 -0.528  0.2322E-01
 -0.518  0.2385E-01
 -0.508  0.2453E-01
 -0.498  0.2522E-01
 -0.488  0.2591E-01
 -0.478  0.2658E-01
 -0.468  0.2718E-01
 -0.458  0.2769E-01
 -0.448  0.2808E-01
 -0.438  0.2832E-01
 -0.428  0.2838E-01
 -0.418  0.2825E-01
 -0.408  0.2793E-01
 -0.398  0.2739E-01
 -0.388  0.2666E-01
 -0.378  0.2574E-01
 -0.368  0.2465E-01
 -0.358  0.2341E-01
 -0.348  0.2206E-01
 -0.338  0.2063E-01
 -0.328  0.1915E-01
 -0.318  0.1766E-01
 -0.308  0.1618E-01
 -0.298  0.1474E-01
 -0.288  0.1337E-01
 -0.278  0.1209E-01
 -0.268  0.1092E-01
 -0.258  0.9850E-02
 -0.248  0.8899E-02
 -0.238  0.8063E-02
 -0.228  0.7337E-02
 -0.218  0.6713E-02
 -0.208  0.6181E-02
 -0.198  0.5730E-02
 -0.188  0.5345E-02
 -0.178  0.5017E-02
 -0.168  0.4731E-02
 -0.158  0.4479E-02
 -0.148  0.4252E-02
 -0.138  0.4044E-02
 -0.128  0.3850E-02
 -0.118  0.3669E-02
 -0.108  0.3501E-02
 -0.098  0.3348E-02
 -0.088  0.3214E-02
 -0.078  0.3105E-02
 -0.068  0.3026E-02
 -0.058  0.2984E-02
 -0.048  0.2986E-02
 -0.038  0.3039E-02
 -0.028  0.3149E-02
 -0.018  0.3320E-02
 -0.008  0.3556E-02
  0.002  0.3860E-02
  0.012  0.4232E-02
  0.022  0.4671E-02
  0.032  0.5173E-02
  0.042  0.5734E-02
  0.052  0.6348E-02
  0.062  0.7004E-02
  0.072  0.7694E-02
  0.082  0.8405E-02
  0.092  0.9126E-02
  0.102  0.9843E-02
  0.112  0.1054E-01
  0.122  0.1121E-01
  0.132  0.1184E-01
  0.142  0.1240E-01
  0.152  0.1291E-01
  0.162  0.1333E-01
  0.172  0.1367E-01
  0.182  0.1391E-01
  0.192  0.1406E-01
  0.202  0.1412E-01
  0.212  0.1408E-01
  0.222  0.1395E-01
  0.232  0.1374E-01
  0.242  0.1344E-01
  0.252  0.1308E-01
  0.262  0.1267E-01
  0.272  0.1221E-01
  0.282  0.1172E-01
  0.292  0.1120E-01
  0.302  0.1069E-01
  0.312  0.1017E-01
  0.322  0.9671E-02
  0.332  0.9189E-02
  0.342  0.8732E-02
  0.352  0.8303E-02
  0.362  0.7903E-02
  0.372  0.7530E-02
  0.382  0.7182E-02
  0.392  0.6855E-02
  0.402  0.6544E-02
  0.412  0.6244E-02
  0.422  0.5950E-02
  0.432  0.5657E-02
  0.442  0.5362E-02
  0.452  0.5062E-02
  0.462  0.4755E-02
  0.472  0.4441E-02
  0.482  0.4121E-02
  0.492  0.3797E-02
  0.502  0.3472E-02
  0.512  0.3149E-02
  0.522  0.2831E-02
  0.532  0.2523E-02
  0.542  0.2228E-02
  0.552  0.1948E-02
  0.562  0.1687E-02
  0.572  0.1447E-02
  0.582  0.1229E-02
  0.592  0.1033E-02
  0.602  0.8590E-03
  0.612  0.7073E-03
  0.622  0.5763E-03
  0.632  0.4647E-03
  0.642  0.3708E-03
  0.652  0.2928E-03
  0.662  0.2287E-03
  0.672  0.1768E-03
  0.682  0.1353E-03
  0.692  0.1024E-03
  0.702  0.7665E-04
  0.712  0.5679E-04
  0.722  0.4163E-04
  0.732  0.3019E-04
  0.742  0.2166E-04
  0.752  0.1538E-04
  0.762  0.1080E-04
  0.772  0.7507E-05
  0.782  0.5161E-05
  0.792  0.3511E-05
  0.802  0.2363E-05
  0.812  0.1573E-05
  0.822  0.1036E-05
  0.832  0.6754E-06
  0.842  0.4355E-06
