 -5.548  0.1588E-06
 -5.538  0.2455E-06
 -5.528  0.3755E-06
 -5.518  0.5682E-06
 -5.508  0.8505E-06
 -5.498  0.1259E-05
 -5.488  0.1845E-05
 -5.478  0.2674E-05
 -5.468  0.3834E-05
 -5.458  0.5438E-05
 -5.448  0.7632E-05
 -5.438  0.1060E-04
 -5.428  0.1455E-04
 -5.418  0.1978E-04
 -5.408  0.2660E-04
 -5.398  0.3539E-04
 -5.388  0.4658E-04
 -5.378  0.6068E-04
 -5.368  0.7821E-04
 -5.358  0.9977E-04
 -5.348  0.1260E-03
 -5.338  0.1574E-03
 -5.328  0.1947E-03
 -5.318  0.2383E-03
 -5.308  0.2889E-03
 -5.298  0.3469E-03
 -5.288  0.4124E-03
 -5.278  0.4857E-03
 -5.268  0.5668E-03
 -5.258  0.6555E-03
 -5.248  0.7516E-03
 -5.238  0.8547E-03
 -5.228  0.9644E-03
 -5.218  0.1080E-02
 -5.208  0.1201E-02
 -5.198  0.1327E-02
 -5.188  0.1458E-02
 -5.178  0.1593E-02
 -5.168  0.1732E-02
 -5.158  0.1876E-02
 -5.148  0.2025E-02
 -5.138  0.2179E-02
 -5.128  0.2339E-02
 -5.118  0.2505E-02
 -5.108  0.2679E-02
 -5.098  0.2861E-02
 -5.088  0.3051E-02
 -5.078  0.3250E-02
 -5.068  0.3458E-02
 -5.058  0.3674E-02
 -5.048  0.3899E-02
 -5.038  0.4133E-02
 -5.028  0.4375E-02
 -5.018  0.4625E-02
 -5.008  0.4884E-02
 -4.998  0.5152E-02
 -4.988  0.5430E-02
 -4.978  0.5721E-02
 -4.968  0.6027E-02
 -4.958  0.6350E-02
 -4.948  0.6695E-02
 -4.938  0.7064E-02
 -4.928  0.7462E-02
 -4.918  0.7891E-02
 -4.908  0.8355E-02
 -4.898  0.8854E-02
 -4.888  0.9390E-02
 -4.878  0.9959E-02
 -4.868  0.1056E-01
 -4.858  0.1118E-01
 -4.848  0.1182E-01
 -4.838  0.1246E-01
 -4.828  0.1309E-01
 -4.818  0.1369E-01
 -4.808  0.1425E-01
 -4.798  0.1476E-01
 -4.788  0.1518E-01
 -4.778  0.1551E-01
 -4.768  0.1574E-01
 -4.758  0.1584E-01
 -4.748  0.1581E-01
 -4.738  0.1566E-01
 -4.728  0.1536E-01
 -4.718  0.1494E-01
 -4.708  0.1439E-01
 -4.698  0.1374E-01
 -4.688  0.1298E-01
 -4.678  0.1215E-01
 -4.668  0.1126E-01
 -4.658  0.1033E-01
 -4.648  0.9381E-02
 -4.638  0.8432E-02
 -4.628  0.7501E-02
 -4.618  0.6605E-02
 -4.608  0.5755E-02
 -4.598  0.4962E-02
 -4.588  0.4234E-02
 -4.578  0.3574E-02
 -4.568  0.2986E-02
 -4.558  0.2468E-02
 -4.548  0.2018E-02
 -4.538  0.1633E-02
 -4.528  0.1307E-02
 -4.518  0.1035E-02
 -4.508  0.8111E-03
 -4.498  0.6288E-03
 -4.488  0.4822E-03
 -4.478  0.3659E-03
 -4.468  0.2746E-03
 -4.458  0.2039E-03
 -4.448  0.1498E-03
 -4.438  0.1089E-03
 -4.428  0.7828E-04
 -4.418  0.5568E-04
 -4.408  0.3918E-04
 -4.398  0.2727E-04
 -4.388  0.1878E-04
 -4.378  0.1279E-04
 -4.368  0.8622E-05
 -4.358  0.5748E-05
 -4.348  0.3791E-05
 -4.338  0.2474E-05
 -4.328  0.1597E-05
 -4.318  0.1019E-05
 -4.308  0.6440E-06
 -4.298  0.4024E-06
 -4.288  0.2488E-06
 -4.278  0.1521E-06
 -4.268  0.9203E-07
 -4.258  0.5507E-07
 -4.248  0.3261E-07
 -4.238  0.1910E-07
 -4.228  0.1106E-07
 -4.218  0.6341E-08
 -4.208  0.3595E-08
 -4.198  0.2017E-08
 -4.188  0.1119E-08
 -4.178  0.6142E-09
 -4.168  0.3335E-09
 -4.158  0.1792E-09
 -4.148  0.9522E-10
 -4.138  0.5006E-10
 -4.128  0.2603E-10
 -4.118  0.1339E-10
 -4.108  0.6816E-11
 -4.098  0.3432E-11
 -4.088  0.1709E-11
 -4.078  0.8421E-12
 -4.068  0.4104E-12
 -4.058  0.1979E-12
 -4.048  0.9440E-13
 -4.038  0.4454E-13
 -4.028  0.2079E-13
 -4.018  0.9602E-14
 -4.008  0.4386E-14
 -3.998  0.1982E-14
 -3.988  0.8861E-15
 -3.978  0.3919E-15
 -3.968  0.1715E-15
 -3.958  0.7420E-16
 -3.948  0.3177E-16
 -3.938  0.1346E-16
 -3.928  0.5638E-17
 -3.918  0.2337E-17
 -3.908  0.9582E-18
 -3.898  0.3887E-18
 -3.888  0.1560E-18
 -3.878  0.6191E-19
 -3.868  0.2431E-19
 -3.858  0.9445E-20
 -3.848  0.3630E-20
 -3.838  0.1380E-20
 -3.828  0.5190E-21
 -3.818  0.1931E-21
 -3.808  0.7106E-22
 -3.798  0.2587E-22
 -3.788  0.9319E-23
 -3.778  0.3321E-23
 -3.768  0.1170E-23
 -3.758  0.4081E-24
 -3.748  0.1408E-24
 -3.738  0.4804E-25
 -3.728  0.1622E-25
 -3.718  0.5416E-26
 -3.708  0.1789E-26
 -3.698  0.5847E-27
 -3.688  0.1890E-27
 -3.678  0.6045E-28
 -3.668  0.1913E-28
 -3.658  0.5986E-29
 -3.648  0.1854E-29
 -3.638  0.5677E-30
 -3.628  0.1720E-30
 -3.618  0.5156E-31
 -3.608  0.1529E-31
 -3.598  0.4485E-32
 -3.588  0.1302E-32
 -3.578  0.3736E-33
 -3.568  0.1061E-33
 -3.558  0.2981E-34
 -3.548  0.8284E-35
 -3.538  0.2278E-35
 -3.528  0.6194E-36
 -3.518  0.1667E-36
 -3.508  0.4436E-37
 -3.498  0.1168E-37
 -3.488  0.3042E-38
 -3.478  0.7839E-39
 -3.468  0.1998E-39
 -3.458  0.5039E-40
 -3.448  0.1257E-40
 -3.438  0.3102E-41
 -3.428  0.7572E-42
 -3.418  0.1829E-42
 -3.408  0.4369E-43
 -3.398  0.1032E-43
 -3.388  0.2414E-44
 -3.378  0.5583E-45
 -3.368  0.1277E-45
 -3.358  0.2891E-46
 -3.348  0.6474E-47
 -3.338  0.1434E-47
 -3.328  0.3142E-48
 -3.318  0.6811E-49
 -3.308  0.1461E-49
 -3.298  0.3098E-50
 -3.288  0.6502E-51
 -3.278  0.1350E-51
 -3.268  0.2772E-52
 -3.258  0.5632E-53
 -3.248  0.1132E-53
 -3.238  0.2250E-54
 -3.228  0.4426E-55
 -3.218  0.8612E-56
 -3.208  0.1658E-56
 -3.198  0.3156E-57
 -3.188  0.5945E-58
 -3.178  0.1108E-58
 -3.168  0.2042E-59
 -3.158  0.3724E-60
 -3.148  0.6718E-61
 -3.138  0.1199E-61
 -3.128  0.2117E-62
 -3.118  0.3696E-63
 -3.108  0.6386E-64
 -3.098  0.1091E-64
 -3.088  0.1845E-65
 -3.078  0.3087E-66
 -3.068  0.5107E-67
 -3.058  0.8359E-68
 -3.048  0.1354E-68
 -3.038  0.2168E-69
 -3.028  0.3436E-70
 -3.018  0.5386E-71
 -3.008  0.8353E-72
 -2.998  0.1283E-72
 -2.988  0.2085E-73
 -2.978  0.1224E-73
 -2.968  0.6156E-73
 -2.958  0.3966E-72
 -2.948  0.2545E-71
 -2.938  0.1616E-70
 -2.928  0.1015E-69
 -2.918  0.6308E-69
 -2.908  0.3877E-68
 -2.898  0.2358E-67
 -2.888  0.1418E-66
 -2.878  0.8440E-66
 -2.868  0.4968E-65
 -2.858  0.2893E-64
 -2.848  0.1667E-63
 -2.838  0.9500E-63
 -2.828  0.5356E-62
 -2.818  0.2987E-61
 -2.808  0.1648E-60
 -2.798  0.8996E-60
 -2.788  0.4857E-59
 -2.778  0.2594E-58
 -2.768  0.1371E-57
 -2.758  0.7166E-57
 -2.748  0.3706E-56
 -2.738  0.1896E-55
 -2.728  0.9593E-55
 -2.718  0.4802E-54
 -2.708  0.2378E-53
 -2.698  0.1165E-52
 -2.688  0.5647E-52
 -2.678  0.2707E-51
 -2.668  0.1284E-50
 -2.658  0.6025E-50
 -2.648  0.2796E-49
 -2.638  0.1284E-48
 -2.628  0.5832E-48
 -2.618  0.2621E-47
 -2.608  0.1165E-46
 -2.598  0.5123E-46
 -2.588  0.2228E-45
 -2.578  0.9590E-45
 -2.568  0.4083E-44
 -2.558  0.1719E-43
 -2.548  0.7163E-43
 -2.538  0.2952E-42
 -2.528  0.1204E-41
 -2.518  0.4855E-41
 -2.508  0.1937E-40
 -2.498  0.7646E-40
 -2.488  0.2985E-39
 -2.478  0.1153E-38
 -2.468  0.4406E-38
 -2.458  0.1666E-37
 -2.448  0.6229E-37
 -2.438  0.2304E-36
 -2.428  0.8433E-36
 -2.418  0.3053E-35
 -2.408  0.1093E-34
 -2.398  0.3874E-34
 -2.388  0.1358E-33
 -2.378  0.4707E-33
 -2.368  0.1614E-32
 -2.358  0.5478E-32
 -2.348  0.1839E-31
 -2.338  0.6105E-31
 -2.328  0.2005E-30
 -2.318  0.6517E-30
 -2.308  0.2095E-29
 -2.298  0.6662E-29
 -2.288  0.2096E-28
 -2.278  0.6522E-28
 -2.268  0.2008E-27
 -2.258  0.6115E-27
 -2.248  0.1842E-26
 -2.238  0.5491E-26
 -2.228  0.1619E-25
 -2.218  0.4722E-25
 -2.208  0.1363E-24
 -2.198  0.3889E-24
 -2.188  0.1098E-23
 -2.178  0.3068E-23
 -2.168  0.8478E-23
 -2.158  0.2318E-22
 -2.148  0.6268E-22
 -2.138  0.1677E-21
 -2.128  0.4438E-21
 -2.118  0.1162E-20
 -2.108  0.3009E-20
 -2.098  0.7710E-20
 -2.088  0.1954E-19
 -2.078  0.4900E-19
 -2.068  0.1215E-18
 -2.058  0.2982E-18
 -2.048  0.7240E-18
 -2.038  0.1739E-17
 -2.028  0.4130E-17
 -2.018  0.9706E-17
 -2.008  0.2257E-16
 -1.998  0.5190E-16
 -1.988  0.1181E-15
 -1.978  0.2658E-15
 -1.968  0.5919E-15
 -1.958  0.1304E-14
 -1.948  0.2841E-14
 -1.938  0.6125E-14
 -1.928  0.1306E-13
 -1.918  0.2756E-13
 -1.908  0.5753E-13
 -1.898  0.1188E-12
 -1.888  0.2427E-12
 -1.878  0.4904E-12
 -1.868  0.9805E-12
 -1.858  0.1939E-11
 -1.848  0.3795E-11
 -1.838  0.7347E-11
 -1.828  0.1407E-10
 -1.818  0.2667E-10
 -1.808  0.4999E-10
 -1.798  0.9272E-10
 -1.788  0.1702E-09
 -1.778  0.3089E-09
 -1.768  0.5550E-09
 -1.758  0.9865E-09
 -1.748  0.1735E-08
 -1.738  0.3019E-08
 -1.728  0.5199E-08
 -1.718  0.8859E-08
 -1.708  0.1494E-07
 -1.698  0.2492E-07
 -1.688  0.4116E-07
 -1.678  0.6726E-07
 -1.668  0.1088E-06
 -1.658  0.1742E-06
 -1.648  0.2760E-06
 -1.638  0.4329E-06
 -1.628  0.6723E-06
 -1.618  0.1034E-05
 -1.608  0.1574E-05
 -1.598  0.2372E-05
 -1.588  0.3541E-05
 -1.578  0.5235E-05
 -1.568  0.7667E-05
 -1.558  0.1112E-04
 -1.548  0.1599E-04
 -1.538  0.2277E-04
 -1.528  0.3214E-04
 -1.518  0.4497E-04
 -1.508  0.6236E-04
 -1.498  0.8574E-04
 -1.488  0.1169E-03
 -1.478  0.1581E-03
 -1.468  0.2120E-03
 -1.458  0.2820E-03
 -1.448  0.3723E-03
 -1.438  0.4876E-03
 -1.428  0.6336E-03
 -1.418  0.8172E-03
 -1.408  0.1046E-02
 -1.398  0.1329E-02
 -1.388  0.1675E-02
 -1.378  0.2096E-02
 -1.368  0.2604E-02
 -1.358  0.3209E-02
 -1.348  0.3926E-02
 -1.338  0.4765E-02
 -1.328  0.5738E-02
 -1.318  0.6856E-02
 -1.308  0.8125E-02
 -1.298  0.9551E-02
 -1.288  0.1113E-01
 -1.278  0.1287E-01
 -1.268  0.1475E-01
 -1.258  0.1676E-01
 -1.248  0.1887E-01
 -1.238  0.2105E-01
 -1.228  0.2328E-01
 -1.218  0.2550E-01
 -1.208  0.2767E-01
 -1.198  0.2974E-01
 -1.188  0.3166E-01
 -1.178  0.3337E-01
 -1.168  0.3484E-01
 -1.158  0.3601E-01
 -1.148  0.3685E-01
 -1.138  0.3733E-01
 -1.128  0.3743E-01
 -1.118  0.3716E-01
 -1.108  0.3651E-01
 -1.098  0.3551E-01
 -1.088  0.3417E-01
 -1.078  0.3255E-01
 -1.068  0.3068E-01
 -1.058  0.2862E-01
 -1.048  0.2642E-01
 -1.038  0.2413E-01
 -1.028  0.2181E-01
 -1.018  0.1950E-01
 -1.008  0.1726E-01
 -0.998  0.1511E-01
 -0.988  0.1310E-01
 -0.978  0.1123E-01
 -0.968  0.9529E-02
 -0.958  0.8003E-02
 -0.948  0.6656E-02
 -0.938  0.5483E-02
 -0.928  0.4479E-02
 -0.918  0.3632E-02
 -0.908  0.2931E-02
 -0.898  0.2364E-02
 -0.888  0.1916E-02
 -0.878  0.1575E-02
 -0.868  0.1330E-02
 -0.858  0.1168E-02
 -0.848  0.1082E-02
 -0.838  0.1064E-02
 -0.828  0.1107E-02
 -0.818  0.1205E-02
 -0.808  0.1356E-02
 -0.798  0.1555E-02
 -0.788  0.1799E-02
 -0.778  0.2085E-02
 -0.768  0.2409E-02
 -0.758  0.2768E-02
 -0.748  0.3155E-02
 -0.738  0.3566E-02
 -0.728  0.3993E-02
 -0.718  0.4431E-02
 -0.708  0.4871E-02
 -0.698  0.5306E-02
 -0.688  0.5727E-02
 -0.678  0.6129E-02
 -0.668  0.6506E-02
 -0.658  0.6852E-02
 -0.648  0.7166E-02
 -0.638  0.7448E-02
 -0.628  0.7699E-02
 -0.618  0.7924E-02
 -0.608  0.8130E-02
 -0.598  0.8326E-02
 -0.588  0.8522E-02
 -0.578  0.8730E-02
 -0.568  0.8961E-02
 -0.558  0.9227E-02
 -0.548  0.9538E-02
 -0.538  0.9903E-02
 -0.528  0.1033E-01
 -0.518  0.1082E-01
 -0.508  0.1136E-01
 -0.498  0.1197E-01
 -0.488  0.1263E-01
 -0.478  0.1332E-01
 -0.468  0.1404E-01
 -0.458  0.1476E-01
 -0.448  0.1546E-01
 -0.438  0.1614E-01
 -0.428  0.1676E-01
 -0.418  0.1731E-01
 -0.408  0.1776E-01
 -0.398  0.1812E-01
 -0.388  0.1836E-01
 -0.378  0.1848E-01
 -0.368  0.1847E-01
 -0.358  0.1835E-01
 -0.348  0.1811E-01
 -0.338  0.1776E-01
 -0.328  0.1733E-01
 -0.318  0.1682E-01
 -0.308  0.1625E-01
 -0.298  0.1565E-01
 -0.288  0.1502E-01
 -0.278  0.1439E-01
 -0.268  0.1377E-01
 -0.258  0.1317E-01
 -0.248  0.1260E-01
 -0.238  0.1206E-01
 -0.228  0.1157E-01
 -0.218  0.1111E-01
 -0.208  0.1068E-01
 -0.198  0.1028E-01
 -0.188  0.9905E-02
 -0.178  0.9541E-02
 -0.168  0.9185E-02
 -0.158  0.8829E-02
 -0.148  0.8470E-02
 -0.138  0.8105E-02
 -0.128  0.7734E-02
 -0.118  0.7360E-02
 -0.108  0.6987E-02
 -0.098  0.6622E-02
 -0.088  0.6275E-02
 -0.078  0.5954E-02
 -0.068  0.5672E-02
 -0.058  0.5439E-02
 -0.048  0.5265E-02
 -0.038  0.5161E-02
 -0.028  0.5133E-02
 -0.018  0.5189E-02
 -0.008  0.5330E-02
  0.002  0.5557E-02
  0.012  0.5869E-02
  0.022  0.6260E-02
  0.032  0.6720E-02
  0.042  0.7240E-02
  0.052  0.7807E-02
  0.062  0.8404E-02
  0.072  0.9015E-02
  0.082  0.9624E-02
  0.092  0.1021E-01
  0.102  0.1076E-01
  0.112  0.1127E-01
  0.122  0.1170E-01
  0.132  0.1206E-01
  0.142  0.1233E-01
  0.152  0.1252E-01
  0.162  0.1262E-01
  0.172  0.1262E-01
  0.182  0.1255E-01
  0.192  0.1240E-01
  0.202  0.1219E-01
  0.212  0.1192E-01
  0.222  0.1163E-01
  0.232  0.1130E-01
  0.242  0.1098E-01
  0.252  0.1066E-01
  0.262  0.1037E-01
  0.272  0.1011E-01
  0.282  0.9893E-02
  0.292  0.9728E-02
  0.302  0.9617E-02
  0.312  0.9561E-02
  0.322  0.9556E-02
  0.332  0.9597E-02
  0.342  0.9674E-02
  0.352  0.9777E-02
  0.362  0.9893E-02
  0.372  0.1001E-01
  0.382  0.1010E-01
  0.392  0.1017E-01
  0.402  0.1019E-01
  0.412  0.1016E-01
  0.422  0.1007E-01
  0.432  0.9905E-02
  0.442  0.9669E-02
  0.452  0.9360E-02
  0.462  0.8982E-02
  0.472  0.8542E-02
  0.482  0.8046E-02
  0.492  0.7507E-02
  0.502  0.6936E-02
  0.512  0.6344E-02
  0.522  0.5744E-02
  0.532  0.5148E-02
  0.542  0.4566E-02
  0.552  0.4008E-02
  0.562  0.3482E-02
  0.572  0.2993E-02
  0.582  0.2546E-02
  0.592  0.2143E-02
  0.602  0.1785E-02
  0.612  0.1471E-02
  0.622  0.1199E-02
  0.632  0.9673E-03
  0.642  0.7721E-03
  0.652  0.6097E-03
  0.662  0.4764E-03
  0.672  0.3683E-03
  0.682  0.2817E-03
  0.692  0.2132E-03
  0.702  0.1596E-03
  0.712  0.1182E-03
  0.722  0.8663E-04
  0.732  0.6281E-04
  0.742  0.4506E-04
  0.752  0.3198E-04
  0.762  0.2245E-04
  0.772  0.1560E-04
  0.782  0.1072E-04
  0.792  0.7291E-05
  0.802  0.4905E-05
  0.812  0.3265E-05
  0.822  0.2150E-05
  0.832  0.1401E-05
  0.842  0.9029E-06
