 -5.548  0.5519E-07
 -5.538  0.8533E-07
 -5.528  0.1305E-06
 -5.518  0.1975E-06
 -5.508  0.2956E-06
 -5.498  0.4378E-06
 -5.488  0.6414E-06
 -5.478  0.9296E-06
 -5.468  0.1333E-05
 -5.458  0.1891E-05
 -5.448  0.2654E-05
 -5.438  0.3686E-05
 -5.428  0.5064E-05
 -5.418  0.6884E-05
 -5.408  0.9259E-05
 -5.398  0.1232E-04
 -5.388  0.1623E-04
 -5.378  0.2115E-04
 -5.368  0.2728E-04
 -5.358  0.3482E-04
 -5.348  0.4400E-04
 -5.338  0.5503E-04
 -5.328  0.6815E-04
 -5.318  0.8356E-04
 -5.308  0.1015E-03
 -5.298  0.1220E-03
 -5.288  0.1454E-03
 -5.278  0.1717E-03
 -5.268  0.2010E-03
 -5.258  0.2332E-03
 -5.248  0.2685E-03
 -5.238  0.3068E-03
 -5.228  0.3480E-03
 -5.218  0.3920E-03
 -5.208  0.4389E-03
 -5.198  0.4887E-03
 -5.188  0.5413E-03
 -5.178  0.5969E-03
 -5.168  0.6556E-03
 -5.158  0.7175E-03
 -5.148  0.7830E-03
 -5.138  0.8522E-03
 -5.128  0.9254E-03
 -5.118  0.1003E-02
 -5.108  0.1084E-02
 -5.098  0.1170E-02
 -5.088  0.1260E-02
 -5.078  0.1354E-02
 -5.068  0.1451E-02
 -5.058  0.1551E-02
 -5.048  0.1653E-02
 -5.038  0.1755E-02
 -5.028  0.1858E-02
 -5.018  0.1958E-02
 -5.008  0.2056E-02
 -4.998  0.2150E-02
 -4.988  0.2239E-02
 -4.978  0.2322E-02
 -4.968  0.2399E-02
 -4.958  0.2468E-02
 -4.948  0.2529E-02
 -4.938  0.2582E-02
 -4.928  0.2626E-02
 -4.918  0.2663E-02
 -4.908  0.2691E-02
 -4.898  0.2712E-02
 -4.888  0.2724E-02
 -4.878  0.2730E-02
 -4.868  0.2729E-02
 -4.858  0.2720E-02
 -4.848  0.2706E-02
 -4.838  0.2684E-02
 -4.828  0.2656E-02
 -4.818  0.2621E-02
 -4.808  0.2580E-02
 -4.798  0.2531E-02
 -4.788  0.2474E-02
 -4.778  0.2410E-02
 -4.768  0.2339E-02
 -4.758  0.2259E-02
 -4.748  0.2171E-02
 -4.738  0.2076E-02
 -4.728  0.1974E-02
 -4.718  0.1865E-02
 -4.708  0.1751E-02
 -4.698  0.1633E-02
 -4.688  0.1512E-02
 -4.678  0.1389E-02
 -4.668  0.1266E-02
 -4.658  0.1144E-02
 -4.648  0.1026E-02
 -4.638  0.9114E-03
 -4.628  0.8026E-03
 -4.618  0.7003E-03
 -4.608  0.6054E-03
 -4.598  0.5183E-03
 -4.588  0.4395E-03
 -4.578  0.3691E-03
 -4.568  0.3068E-03
 -4.558  0.2526E-03
 -4.548  0.2058E-03
 -4.538  0.1660E-03
 -4.528  0.1325E-03
 -4.518  0.1047E-03
 -4.508  0.8184E-04
 -4.498  0.6332E-04
 -4.488  0.4848E-04
 -4.478  0.3673E-04
 -4.468  0.2754E-04
 -4.458  0.2043E-04
 -4.448  0.1499E-04
 -4.438  0.1089E-04
 -4.428  0.7821E-05
 -4.418  0.5559E-05
 -4.408  0.3909E-05
 -4.398  0.2720E-05
 -4.388  0.1872E-05
 -4.378  0.1275E-05
 -4.368  0.8590E-06
 -4.358  0.5725E-06
 -4.348  0.3775E-06
 -4.338  0.2462E-06
 -4.328  0.1589E-06
 -4.318  0.1015E-06
 -4.308  0.6407E-07
 -4.298  0.4003E-07
 -4.288  0.2474E-07
 -4.278  0.1513E-07
 -4.268  0.9153E-08
 -4.258  0.5477E-08
 -4.248  0.3242E-08
 -4.238  0.1899E-08
 -4.228  0.1100E-08
 -4.218  0.6305E-09
 -4.208  0.3575E-09
 -4.198  0.2005E-09
 -4.188  0.1112E-09
 -4.178  0.6107E-10
 -4.168  0.3316E-10
 -4.158  0.1781E-10
 -4.148  0.9465E-11
 -4.138  0.4976E-11
 -4.128  0.2588E-11
 -4.118  0.1331E-11
 -4.108  0.6775E-12
 -4.098  0.3411E-12
 -4.088  0.1699E-12
 -4.078  0.8370E-13
 -4.068  0.4080E-13
 -4.058  0.1967E-13
 -4.048  0.9383E-14
 -4.038  0.4428E-14
 -4.028  0.2067E-14
 -4.018  0.9544E-15
 -4.008  0.4360E-15
 -3.998  0.1970E-15
 -3.988  0.8808E-16
 -3.978  0.3895E-16
 -3.968  0.1704E-16
 -3.958  0.7376E-17
 -3.948  0.3158E-17
 -3.938  0.1337E-17
 -3.928  0.5604E-18
 -3.918  0.2323E-18
 -3.908  0.9524E-19
 -3.898  0.3863E-19
 -3.888  0.1550E-19
 -3.878  0.6154E-20
 -3.868  0.2417E-20
 -3.858  0.9388E-21
 -3.848  0.3608E-21
 -3.838  0.1372E-21
 -3.828  0.5158E-22
 -3.818  0.1919E-22
 -3.808  0.7063E-23
 -3.798  0.2572E-23
 -3.788  0.9263E-24
 -3.778  0.3300E-24
 -3.768  0.1163E-24
 -3.758  0.4056E-25
 -3.748  0.1399E-25
 -3.738  0.4775E-26
 -3.728  0.1612E-26
 -3.718  0.5383E-27
 -3.708  0.1778E-27
 -3.698  0.5811E-28
 -3.688  0.1879E-28
 -3.678  0.6009E-29
 -3.668  0.1901E-29
 -3.658  0.5950E-30
 -3.648  0.1842E-30
 -3.638  0.5643E-31
 -3.628  0.1710E-31
 -3.618  0.5125E-32
 -3.608  0.1520E-32
 -3.598  0.4458E-33
 -3.588  0.1294E-33
 -3.578  0.3714E-34
 -3.568  0.1055E-34
 -3.558  0.2963E-35
 -3.548  0.8234E-36
 -3.538  0.2264E-36
 -3.528  0.6157E-37
 -3.518  0.1656E-37
 -3.508  0.4409E-38
 -3.498  0.1161E-38
 -3.488  0.3024E-39
 -3.478  0.7791E-40
 -3.468  0.1986E-40
 -3.458  0.5008E-41
 -3.448  0.1249E-41
 -3.438  0.3083E-42
 -3.428  0.7526E-43
 -3.418  0.1817E-43
 -3.408  0.4342E-44
 -3.398  0.1026E-44
 -3.388  0.2399E-45
 -3.378  0.5549E-46
 -3.368  0.1270E-46
 -3.358  0.2874E-47
 -3.348  0.6434E-48
 -3.338  0.1425E-48
 -3.328  0.3123E-49
 -3.318  0.6769E-50
 -3.308  0.1452E-50
 -3.298  0.3079E-51
 -3.288  0.6462E-52
 -3.278  0.1342E-52
 -3.268  0.2755E-53
 -3.258  0.5597E-54
 -3.248  0.1125E-54
 -3.238  0.2237E-55
 -3.228  0.4399E-56
 -3.218  0.8559E-57
 -3.208  0.1647E-57
 -3.198  0.3137E-58
 -3.188  0.5909E-59
 -3.178  0.1101E-59
 -3.168  0.2030E-60
 -3.158  0.3701E-61
 -3.148  0.6677E-62
 -3.138  0.1192E-62
 -3.128  0.2104E-63
 -3.118  0.3674E-64
 -3.108  0.6347E-65
 -3.098  0.1085E-65
 -3.088  0.1834E-66
 -3.078  0.3068E-67
 -3.068  0.5076E-68
 -3.058  0.8308E-69
 -3.048  0.1345E-69
 -3.038  0.2155E-70
 -3.028  0.3415E-71
 -3.018  0.5353E-72
 -3.008  0.8301E-73
 -2.998  0.1277E-73
 -2.988  0.2162E-74
 -2.978  0.1812E-74
 -2.968  0.1002E-73
 -2.958  0.6475E-73
 -2.948  0.4156E-72
 -2.938  0.2639E-71
 -2.928  0.1657E-70
 -2.918  0.1030E-69
 -2.908  0.6330E-69
 -2.898  0.3849E-68
 -2.888  0.2315E-67
 -2.878  0.1378E-66
 -2.868  0.8112E-66
 -2.858  0.4724E-65
 -2.848  0.2721E-64
 -2.838  0.1551E-63
 -2.828  0.8744E-63
 -2.818  0.4877E-62
 -2.808  0.2691E-61
 -2.798  0.1469E-60
 -2.788  0.7930E-60
 -2.778  0.4236E-59
 -2.768  0.2238E-58
 -2.758  0.1170E-57
 -2.748  0.6050E-57
 -2.738  0.3095E-56
 -2.728  0.1566E-55
 -2.718  0.7840E-55
 -2.708  0.3883E-54
 -2.698  0.1902E-53
 -2.688  0.9219E-53
 -2.678  0.4420E-52
 -2.668  0.2096E-51
 -2.658  0.9836E-51
 -2.648  0.4565E-50
 -2.638  0.2096E-49
 -2.628  0.9522E-49
 -2.618  0.4279E-48
 -2.608  0.1902E-47
 -2.598  0.8364E-47
 -2.588  0.3638E-46
 -2.578  0.1566E-45
 -2.568  0.6665E-45
 -2.558  0.2807E-44
 -2.548  0.1169E-43
 -2.538  0.4820E-43
 -2.528  0.1965E-42
 -2.518  0.7926E-42
 -2.508  0.3162E-41
 -2.498  0.1248E-40
 -2.488  0.4874E-40
 -2.478  0.1883E-39
 -2.468  0.7194E-39
 -2.458  0.2719E-38
 -2.448  0.1017E-37
 -2.438  0.3762E-37
 -2.428  0.1377E-36
 -2.418  0.4984E-36
 -2.408  0.1785E-35
 -2.398  0.6324E-35
 -2.388  0.2216E-34
 -2.378  0.7685E-34
 -2.368  0.2636E-33
 -2.358  0.8943E-33
 -2.348  0.3002E-32
 -2.338  0.9968E-32
 -2.328  0.3274E-31
 -2.318  0.1064E-30
 -2.308  0.3420E-30
 -2.298  0.1088E-29
 -2.288  0.3421E-29
 -2.278  0.1065E-28
 -2.268  0.3278E-28
 -2.258  0.9984E-28
 -2.248  0.3008E-27
 -2.238  0.8965E-27
 -2.228  0.2643E-26
 -2.218  0.7710E-26
 -2.208  0.2225E-25
 -2.198  0.6350E-25
 -2.188  0.1793E-24
 -2.178  0.5008E-24
 -2.168  0.1384E-23
 -2.158  0.3783E-23
 -2.148  0.1023E-22
 -2.138  0.2737E-22
 -2.128  0.7244E-22
 -2.118  0.1896E-21
 -2.108  0.4912E-21
 -2.098  0.1258E-20
 -2.088  0.3190E-20
 -2.078  0.7998E-20
 -2.068  0.1984E-19
 -2.058  0.4868E-19
 -2.048  0.1182E-18
 -2.038  0.2837E-18
 -2.028  0.6740E-18
 -2.018  0.1584E-17
 -2.008  0.3682E-17
 -1.998  0.8468E-17
 -1.988  0.1927E-16
 -1.978  0.4336E-16
 -1.968  0.9655E-16
 -1.958  0.2127E-15
 -1.948  0.4634E-15
 -1.938  0.9988E-15
 -1.928  0.2130E-14
 -1.918  0.4493E-14
 -1.908  0.9376E-14
 -1.898  0.1936E-13
 -1.888  0.3953E-13
 -1.878  0.7988E-13
 -1.868  0.1597E-12
 -1.858  0.3157E-12
 -1.848  0.6176E-12
 -1.838  0.1195E-11
 -1.828  0.2288E-11
 -1.818  0.4333E-11
 -1.808  0.8120E-11
 -1.798  0.1505E-10
 -1.788  0.2760E-10
 -1.778  0.5008E-10
 -1.768  0.8989E-10
 -1.758  0.1596E-09
 -1.748  0.2804E-09
 -1.738  0.4874E-09
 -1.728  0.8382E-09
 -1.718  0.1426E-08
 -1.708  0.2401E-08
 -1.698  0.3999E-08
 -1.688  0.6589E-08
 -1.678  0.1074E-07
 -1.668  0.1734E-07
 -1.658  0.2767E-07
 -1.648  0.4372E-07
 -1.638  0.6835E-07
 -1.628  0.1057E-06
 -1.618  0.1619E-06
 -1.608  0.2453E-06
 -1.598  0.3678E-06
 -1.588  0.5459E-06
 -1.578  0.8021E-06
 -1.568  0.1167E-05
 -1.558  0.1680E-05
 -1.548  0.2394E-05
 -1.538  0.3379E-05
 -1.528  0.4723E-05
 -1.518  0.6537E-05
 -1.508  0.8960E-05
 -1.498  0.1217E-04
 -1.488  0.1637E-04
 -1.478  0.2181E-04
 -1.468  0.2881E-04
 -1.458  0.3771E-04
 -1.448  0.4892E-04
 -1.438  0.6291E-04
 -1.428  0.8022E-04
 -1.418  0.1014E-03
 -1.408  0.1272E-03
 -1.398  0.1582E-03
 -1.388  0.1953E-03
 -1.378  0.2391E-03
 -1.368  0.2905E-03
 -1.358  0.3502E-03
 -1.348  0.4190E-03
 -1.338  0.4976E-03
 -1.328  0.5866E-03
 -1.318  0.6863E-03
 -1.308  0.7970E-03
 -1.298  0.9187E-03
 -1.288  0.1051E-02
 -1.278  0.1193E-02
 -1.268  0.1344E-02
 -1.258  0.1503E-02
 -1.248  0.1667E-02
 -1.238  0.1833E-02
 -1.228  0.2001E-02
 -1.218  0.2165E-02
 -1.208  0.2324E-02
 -1.198  0.2472E-02
 -1.188  0.2607E-02
 -1.178  0.2725E-02
 -1.168  0.2823E-02
 -1.158  0.2898E-02
 -1.148  0.2947E-02
 -1.138  0.2969E-02
 -1.128  0.2962E-02
 -1.118  0.2928E-02
 -1.108  0.2865E-02
 -1.098  0.2777E-02
 -1.088  0.2664E-02
 -1.078  0.2531E-02
 -1.068  0.2380E-02
 -1.058  0.2216E-02
 -1.048  0.2042E-02
 -1.038  0.1863E-02
 -1.028  0.1682E-02
 -1.018  0.1503E-02
 -1.008  0.1329E-02
 -0.998  0.1164E-02
 -0.988  0.1009E-02
 -0.978  0.8658E-03
 -0.968  0.7362E-03
 -0.958  0.6207E-03
 -0.948  0.5195E-03
 -0.938  0.4327E-03
 -0.928  0.3599E-03
 -0.918  0.3008E-03
 -0.908  0.2547E-03
 -0.898  0.2212E-03
 -0.888  0.1997E-03
 -0.878  0.1900E-03
 -0.868  0.1917E-03
 -0.858  0.2050E-03
 -0.848  0.2299E-03
 -0.838  0.2667E-03
 -0.828  0.3157E-03
 -0.818  0.3774E-03
 -0.808  0.4522E-03
 -0.798  0.5404E-03
 -0.788  0.6421E-03
 -0.778  0.7574E-03
 -0.768  0.8858E-03
 -0.758  0.1027E-02
 -0.748  0.1179E-02
 -0.738  0.1341E-02
 -0.728  0.1511E-02
 -0.718  0.1687E-02
 -0.708  0.1866E-02
 -0.698  0.2047E-02
 -0.688  0.2226E-02
 -0.678  0.2402E-02
 -0.668  0.2572E-02
 -0.658  0.2735E-02
 -0.648  0.2891E-02
 -0.638  0.3039E-02
 -0.628  0.3180E-02
 -0.618  0.3316E-02
 -0.608  0.3448E-02
 -0.598  0.3580E-02
 -0.588  0.3715E-02
 -0.578  0.3856E-02
 -0.568  0.4006E-02
 -0.558  0.4168E-02
 -0.548  0.4345E-02
 -0.538  0.4537E-02
 -0.528  0.4744E-02
 -0.518  0.4965E-02
 -0.508  0.5198E-02
 -0.498  0.5437E-02
 -0.488  0.5677E-02
 -0.478  0.5912E-02
 -0.468  0.6135E-02
 -0.458  0.6338E-02
 -0.448  0.6512E-02
 -0.438  0.6651E-02
 -0.428  0.6749E-02
 -0.418  0.6799E-02
 -0.408  0.6798E-02
 -0.398  0.6745E-02
 -0.388  0.6638E-02
 -0.378  0.6480E-02
 -0.368  0.6274E-02
 -0.358  0.6025E-02
 -0.348  0.5740E-02
 -0.338  0.5426E-02
 -0.328  0.5091E-02
 -0.318  0.4743E-02
 -0.308  0.4391E-02
 -0.298  0.4042E-02
 -0.288  0.3704E-02
 -0.278  0.3381E-02
 -0.268  0.3079E-02
 -0.258  0.2801E-02
 -0.248  0.2549E-02
 -0.238  0.2324E-02
 -0.228  0.2125E-02
 -0.218  0.1951E-02
 -0.208  0.1801E-02
 -0.198  0.1671E-02
 -0.188  0.1559E-02
 -0.178  0.1462E-02
 -0.168  0.1377E-02
 -0.158  0.1302E-02
 -0.148  0.1234E-02
 -0.138  0.1172E-02
 -0.128  0.1114E-02
 -0.118  0.1062E-02
 -0.108  0.1013E-02
 -0.098  0.9707E-03
 -0.088  0.9346E-03
 -0.078  0.9068E-03
 -0.068  0.8891E-03
 -0.058  0.8837E-03
 -0.048  0.8926E-03
 -0.038  0.9180E-03
 -0.028  0.9618E-03
 -0.018  0.1026E-02
 -0.008  0.1111E-02
  0.002  0.1219E-02
  0.012  0.1350E-02
  0.022  0.1503E-02
  0.032  0.1678E-02
  0.042  0.1875E-02
  0.052  0.2090E-02
  0.062  0.2322E-02
  0.072  0.2567E-02
  0.082  0.2822E-02
  0.092  0.3084E-02
  0.102  0.3347E-02
  0.112  0.3608E-02
  0.122  0.3861E-02
  0.132  0.4103E-02
  0.142  0.4327E-02
  0.152  0.4531E-02
  0.162  0.4711E-02
  0.172  0.4862E-02
  0.182  0.4982E-02
  0.192  0.5069E-02
  0.202  0.5122E-02
  0.212  0.5141E-02
  0.222  0.5126E-02
  0.232  0.5080E-02
  0.242  0.5004E-02
  0.252  0.4902E-02
  0.262  0.4777E-02
  0.272  0.4634E-02
  0.282  0.4478E-02
  0.292  0.4313E-02
  0.302  0.4143E-02
  0.312  0.3972E-02
  0.322  0.3804E-02
  0.332  0.3642E-02
  0.342  0.3487E-02
  0.352  0.3340E-02
  0.362  0.3203E-02
  0.372  0.3073E-02
  0.382  0.2951E-02
  0.392  0.2834E-02
  0.402  0.2720E-02
  0.412  0.2609E-02
  0.422  0.2497E-02
  0.432  0.2383E-02
  0.442  0.2266E-02
  0.452  0.2145E-02
  0.462  0.2019E-02
  0.472  0.1889E-02
  0.482  0.1756E-02
  0.492  0.1619E-02
  0.502  0.1482E-02
  0.512  0.1344E-02
  0.522  0.1209E-02
  0.532  0.1078E-02
  0.542  0.9515E-03
  0.552  0.8321E-03
  0.562  0.7205E-03
  0.572  0.6177E-03
  0.582  0.5242E-03
  0.592  0.4404E-03
  0.602  0.3662E-03
  0.612  0.3014E-03
  0.622  0.2454E-03
  0.632  0.1978E-03
  0.642  0.1577E-03
  0.652  0.1245E-03
  0.662  0.9719E-04
  0.672  0.7509E-04
  0.682  0.5740E-04
  0.692  0.4342E-04
  0.702  0.3249E-04
  0.712  0.2406E-04
  0.722  0.1762E-04
  0.732  0.1277E-04
  0.742  0.9160E-05
  0.752  0.6499E-05
  0.762  0.4562E-05
  0.772  0.3168E-05
  0.782  0.2177E-05
  0.792  0.1480E-05
  0.802  0.9954E-06
  0.812  0.6624E-06
  0.822  0.4361E-06
  0.832  0.2840E-06
  0.842  0.1830E-06
