 -5.548  0.4397E-06
 -5.538  0.6797E-06
 -5.528  0.1040E-05
 -5.518  0.1573E-05
 -5.508  0.2354E-05
 -5.498  0.3486E-05
 -5.488  0.5106E-05
 -5.478  0.7399E-05
 -5.468  0.1061E-04
 -5.458  0.1504E-04
 -5.448  0.2111E-04
 -5.438  0.2930E-04
 -5.428  0.4024E-04
 -5.418  0.5467E-04
 -5.408  0.7348E-04
 -5.398  0.9773E-04
 -5.388  0.1286E-03
 -5.378  0.1674E-03
 -5.368  0.2156E-03
 -5.358  0.2749E-03
 -5.348  0.3467E-03
 -5.338  0.4327E-03
 -5.328  0.5346E-03
 -5.318  0.6535E-03
 -5.308  0.7909E-03
 -5.298  0.9474E-03
 -5.288  0.1124E-02
 -5.278  0.1320E-02
 -5.268  0.1535E-02
 -5.258  0.1769E-02
 -5.248  0.2019E-02
 -5.238  0.2284E-02
 -5.228  0.2562E-02
 -5.218  0.2850E-02
 -5.208  0.3146E-02
 -5.198  0.3448E-02
 -5.188  0.3752E-02
 -5.178  0.4059E-02
 -5.168  0.4366E-02
 -5.158  0.4674E-02
 -5.148  0.4984E-02
 -5.138  0.5298E-02
 -5.128  0.5617E-02
 -5.118  0.5945E-02
 -5.108  0.6286E-02
 -5.098  0.6645E-02
 -5.088  0.7025E-02
 -5.078  0.7430E-02
 -5.068  0.7864E-02
 -5.058  0.8331E-02
 -5.048  0.8831E-02
 -5.038  0.9366E-02
 -5.028  0.9934E-02
 -5.018  0.1053E-01
 -5.008  0.1116E-01
 -4.998  0.1181E-01
 -4.988  0.1248E-01
 -4.978  0.1316E-01
 -4.968  0.1383E-01
 -4.958  0.1450E-01
 -4.948  0.1514E-01
 -4.938  0.1576E-01
 -4.928  0.1633E-01
 -4.918  0.1684E-01
 -4.908  0.1729E-01
 -4.898  0.1767E-01
 -4.888  0.1796E-01
 -4.878  0.1817E-01
 -4.868  0.1828E-01
 -4.858  0.1830E-01
 -4.848  0.1822E-01
 -4.838  0.1805E-01
 -4.828  0.1778E-01
 -4.818  0.1743E-01
 -4.808  0.1700E-01
 -4.798  0.1649E-01
 -4.788  0.1591E-01
 -4.778  0.1528E-01
 -4.768  0.1459E-01
 -4.758  0.1387E-01
 -4.748  0.1310E-01
 -4.738  0.1232E-01
 -4.728  0.1151E-01
 -4.718  0.1070E-01
 -4.708  0.9882E-02
 -4.698  0.9072E-02
 -4.688  0.8275E-02
 -4.678  0.7498E-02
 -4.668  0.6746E-02
 -4.658  0.6025E-02
 -4.648  0.5342E-02
 -4.638  0.4699E-02
 -4.628  0.4100E-02
 -4.618  0.3548E-02
 -4.608  0.3044E-02
 -4.598  0.2589E-02
 -4.588  0.2182E-02
 -4.578  0.1822E-02
 -4.568  0.1508E-02
 -4.558  0.1236E-02
 -4.548  0.1003E-02
 -4.538  0.8063E-03
 -4.528  0.6417E-03
 -4.518  0.5057E-03
 -4.508  0.3945E-03
 -4.498  0.3046E-03
 -4.488  0.2328E-03
 -4.478  0.1761E-03
 -4.468  0.1318E-03
 -4.458  0.9767E-04
 -4.448  0.7161E-04
 -4.438  0.5195E-04
 -4.428  0.3729E-04
 -4.418  0.2649E-04
 -4.408  0.1862E-04
 -4.398  0.1295E-04
 -4.388  0.8907E-05
 -4.378  0.6063E-05
 -4.368  0.4083E-05
 -4.358  0.2721E-05
 -4.348  0.1793E-05
 -4.338  0.1170E-05
 -4.328  0.7546E-06
 -4.318  0.4816E-06
 -4.308  0.3041E-06
 -4.298  0.1900E-06
 -4.288  0.1174E-06
 -4.278  0.7179E-07
 -4.268  0.4342E-07
 -4.258  0.2598E-07
 -4.248  0.1538E-07
 -4.238  0.9007E-08
 -4.228  0.5218E-08
 -4.218  0.2990E-08
 -4.208  0.1695E-08
 -4.198  0.9509E-09
 -4.188  0.5276E-09
 -4.178  0.2896E-09
 -4.168  0.1572E-09
 -4.158  0.8447E-10
 -4.148  0.4488E-10
 -4.138  0.2360E-10
 -4.128  0.1227E-10
 -4.118  0.6313E-11
 -4.108  0.3213E-11
 -4.098  0.1617E-11
 -4.088  0.8055E-12
 -4.078  0.3969E-12
 -4.068  0.1934E-12
 -4.058  0.9327E-13
 -4.048  0.4449E-13
 -4.038  0.2099E-13
 -4.028  0.9800E-14
 -4.018  0.4525E-14
 -4.008  0.2067E-14
 -3.998  0.9342E-15
 -3.988  0.4176E-15
 -3.978  0.1847E-15
 -3.968  0.8080E-16
 -3.958  0.3497E-16
 -3.948  0.1497E-16
 -3.938  0.6342E-17
 -3.928  0.2657E-17
 -3.918  0.1101E-17
 -3.908  0.4516E-18
 -3.898  0.1832E-18
 -3.888  0.7350E-19
 -3.878  0.2918E-19
 -3.868  0.1146E-19
 -3.858  0.4451E-20
 -3.848  0.1711E-20
 -3.838  0.6503E-21
 -3.828  0.2446E-21
 -3.818  0.9099E-22
 -3.808  0.3349E-22
 -3.798  0.1219E-22
 -3.788  0.4392E-23
 -3.778  0.1565E-23
 -3.768  0.5516E-24
 -3.758  0.1923E-24
 -3.748  0.6634E-25
 -3.738  0.2264E-25
 -3.728  0.7642E-26
 -3.718  0.2552E-26
 -3.708  0.8431E-27
 -3.698  0.2755E-27
 -3.688  0.8908E-28
 -3.678  0.2849E-28
 -3.668  0.9014E-29
 -3.658  0.2821E-29
 -3.648  0.8735E-30
 -3.638  0.2675E-30
 -3.628  0.8107E-31
 -3.618  0.2430E-31
 -3.608  0.7205E-32
 -3.598  0.2114E-32
 -3.588  0.6133E-33
 -3.578  0.1761E-33
 -3.568  0.5000E-34
 -3.558  0.1405E-34
 -3.548  0.3904E-35
 -3.538  0.1073E-35
 -3.528  0.2919E-36
 -3.518  0.7854E-37
 -3.508  0.2090E-37
 -3.498  0.5504E-38
 -3.488  0.1434E-38
 -3.478  0.3694E-39
 -3.468  0.9416E-40
 -3.458  0.2374E-40
 -3.448  0.5923E-41
 -3.438  0.1462E-41
 -3.428  0.3568E-42
 -3.418  0.8617E-43
 -3.408  0.2059E-43
 -3.398  0.4865E-44
 -3.388  0.1138E-44
 -3.378  0.2631E-45
 -3.368  0.6020E-46
 -3.358  0.1362E-46
 -3.348  0.3051E-47
 -3.338  0.6757E-48
 -3.328  0.1481E-48
 -3.318  0.3210E-49
 -3.308  0.6883E-50
 -3.298  0.1460E-50
 -3.288  0.3064E-51
 -3.278  0.6361E-52
 -3.268  0.1306E-52
 -3.258  0.2654E-53
 -3.248  0.5334E-54
 -3.238  0.1060E-54
 -3.228  0.2086E-55
 -3.218  0.4058E-56
 -3.208  0.7811E-57
 -3.198  0.1487E-57
 -3.188  0.2802E-58
 -3.178  0.5221E-59
 -3.168  0.9623E-60
 -3.158  0.1755E-60
 -3.148  0.3166E-61
 -3.138  0.5650E-62
 -3.128  0.9974E-63
 -3.118  0.1742E-63
 -3.108  0.3009E-64
 -3.098  0.5143E-65
 -3.088  0.8696E-66
 -3.078  0.1454E-66
 -3.068  0.2407E-67
 -3.058  0.3939E-68
 -3.048  0.6378E-69
 -3.038  0.1022E-69
 -3.028  0.1619E-70
 -3.018  0.2538E-71
 -3.008  0.3936E-72
 -2.998  0.6056E-73
 -2.988  0.1037E-73
 -2.978  0.9402E-74
 -2.968  0.5285E-73
 -2.958  0.3416E-72
 -2.948  0.2192E-71
 -2.938  0.1392E-70
 -2.928  0.8743E-70
 -2.918  0.5432E-69
 -2.908  0.3339E-68
 -2.898  0.2031E-67
 -2.888  0.1221E-66
 -2.878  0.7269E-66
 -2.868  0.4279E-65
 -2.858  0.2492E-64
 -2.848  0.1436E-63
 -2.838  0.8182E-63
 -2.828  0.4613E-62
 -2.818  0.2573E-61
 -2.808  0.1419E-60
 -2.798  0.7748E-60
 -2.788  0.4183E-59
 -2.778  0.2234E-58
 -2.768  0.1181E-57
 -2.758  0.6172E-57
 -2.748  0.3191E-56
 -2.738  0.1633E-55
 -2.728  0.8262E-55
 -2.718  0.4136E-54
 -2.708  0.2048E-53
 -2.698  0.1003E-52
 -2.688  0.4863E-52
 -2.678  0.2332E-51
 -2.668  0.1106E-50
 -2.658  0.5189E-50
 -2.648  0.2408E-49
 -2.638  0.1106E-48
 -2.628  0.5023E-48
 -2.618  0.2257E-47
 -2.608  0.1003E-46
 -2.598  0.4412E-46
 -2.588  0.1919E-45
 -2.578  0.8259E-45
 -2.568  0.3516E-44
 -2.558  0.1481E-43
 -2.548  0.6169E-43
 -2.538  0.2543E-42
 -2.528  0.1037E-41
 -2.518  0.4181E-41
 -2.508  0.1668E-40
 -2.498  0.6585E-40
 -2.488  0.2571E-39
 -2.478  0.9931E-39
 -2.468  0.3795E-38
 -2.458  0.1435E-37
 -2.448  0.5365E-37
 -2.438  0.1985E-36
 -2.428  0.7263E-36
 -2.418  0.2629E-35
 -2.408  0.9416E-35
 -2.398  0.3336E-34
 -2.388  0.1169E-33
 -2.378  0.4054E-33
 -2.368  0.1390E-32
 -2.358  0.4718E-32
 -2.348  0.1584E-31
 -2.338  0.5258E-31
 -2.328  0.1727E-30
 -2.318  0.5612E-30
 -2.308  0.1804E-29
 -2.298  0.5737E-29
 -2.288  0.1805E-28
 -2.278  0.5617E-28
 -2.268  0.1729E-27
 -2.258  0.5267E-27
 -2.248  0.1587E-26
 -2.238  0.4729E-26
 -2.228  0.1394E-25
 -2.218  0.4067E-25
 -2.208  0.1173E-24
 -2.198  0.3350E-24
 -2.188  0.9458E-24
 -2.178  0.2642E-23
 -2.168  0.7301E-23
 -2.158  0.1996E-22
 -2.148  0.5397E-22
 -2.138  0.1444E-21
 -2.128  0.3821E-21
 -2.118  0.1000E-20
 -2.108  0.2591E-20
 -2.098  0.6639E-20
 -2.088  0.1683E-19
 -2.078  0.4219E-19
 -2.068  0.1046E-18
 -2.058  0.2568E-18
 -2.048  0.6233E-18
 -2.038  0.1497E-17
 -2.028  0.3555E-17
 -2.018  0.8355E-17
 -2.008  0.1942E-16
 -1.998  0.4467E-16
 -1.988  0.1016E-15
 -1.978  0.2287E-15
 -1.968  0.5093E-15
 -1.958  0.1122E-14
 -1.948  0.2444E-14
 -1.938  0.5268E-14
 -1.928  0.1123E-13
 -1.918  0.2370E-13
 -1.908  0.4946E-13
 -1.898  0.1021E-12
 -1.888  0.2085E-12
 -1.878  0.4213E-12
 -1.868  0.8421E-12
 -1.858  0.1665E-11
 -1.848  0.3257E-11
 -1.838  0.6303E-11
 -1.828  0.1207E-10
 -1.818  0.2285E-10
 -1.808  0.4282E-10
 -1.798  0.7937E-10
 -1.788  0.1455E-09
 -1.778  0.2640E-09
 -1.768  0.4739E-09
 -1.758  0.8415E-09
 -1.748  0.1478E-08
 -1.738  0.2569E-08
 -1.728  0.4417E-08
 -1.718  0.7515E-08
 -1.708  0.1265E-07
 -1.698  0.2106E-07
 -1.688  0.3470E-07
 -1.678  0.5658E-07
 -1.668  0.9126E-07
 -1.658  0.1456E-06
 -1.648  0.2300E-06
 -1.638  0.3594E-06
 -1.628  0.5558E-06
 -1.618  0.8506E-06
 -1.608  0.1288E-05
 -1.598  0.1930E-05
 -1.588  0.2864E-05
 -1.578  0.4204E-05
 -1.568  0.6109E-05
 -1.558  0.8787E-05
 -1.548  0.1251E-04
 -1.538  0.1764E-04
 -1.528  0.2462E-04
 -1.518  0.3403E-04
 -1.508  0.4657E-04
 -1.498  0.6312E-04
 -1.488  0.8473E-04
 -1.478  0.1127E-03
 -1.468  0.1484E-03
 -1.458  0.1938E-03
 -1.448  0.2506E-03
 -1.438  0.3213E-03
 -1.428  0.4083E-03
 -1.418  0.5143E-03
 -1.408  0.6423E-03
 -1.398  0.7954E-03
 -1.388  0.9770E-03
 -1.378  0.1190E-02
 -1.368  0.1438E-02
 -1.358  0.1725E-02
 -1.348  0.2052E-02
 -1.338  0.2422E-02
 -1.328  0.2837E-02
 -1.318  0.3298E-02
 -1.308  0.3805E-02
 -1.298  0.4357E-02
 -1.288  0.4951E-02
 -1.278  0.5583E-02
 -1.268  0.6248E-02
 -1.258  0.6937E-02
 -1.248  0.7643E-02
 -1.238  0.8354E-02
 -1.228  0.9057E-02
 -1.218  0.9740E-02
 -1.208  0.1039E-01
 -1.198  0.1098E-01
 -1.188  0.1152E-01
 -1.178  0.1197E-01
 -1.168  0.1233E-01
 -1.158  0.1259E-01
 -1.148  0.1274E-01
 -1.138  0.1277E-01
 -1.128  0.1268E-01
 -1.118  0.1247E-01
 -1.108  0.1215E-01
 -1.098  0.1173E-01
 -1.088  0.1120E-01
 -1.078  0.1060E-01
 -1.068  0.9929E-02
 -1.058  0.9208E-02
 -1.048  0.8453E-02
 -1.038  0.7682E-02
 -1.028  0.6911E-02
 -1.018  0.6154E-02
 -1.008  0.5424E-02
 -0.998  0.4732E-02
 -0.988  0.4087E-02
 -0.978  0.3495E-02
 -0.968  0.2961E-02
 -0.958  0.2486E-02
 -0.948  0.2072E-02
 -0.938  0.1717E-02
 -0.928  0.1419E-02
 -0.918  0.1176E-02
 -0.908  0.9846E-03
 -0.898  0.8427E-03
 -0.888  0.7476E-03
 -0.878  0.6971E-03
 -0.868  0.6900E-03
 -0.858  0.7254E-03
 -0.848  0.8034E-03
 -0.838  0.9247E-03
 -0.828  0.1090E-02
 -0.818  0.1302E-02
 -0.808  0.1561E-02
 -0.798  0.1869E-02
 -0.788  0.2227E-02
 -0.778  0.2635E-02
 -0.768  0.3093E-02
 -0.758  0.3599E-02
 -0.748  0.4149E-02
 -0.738  0.4740E-02
 -0.728  0.5366E-02
 -0.718  0.6020E-02
 -0.708  0.6695E-02
 -0.698  0.7382E-02
 -0.688  0.8073E-02
 -0.678  0.8761E-02
 -0.668  0.9438E-02
 -0.658  0.1010E-01
 -0.648  0.1074E-01
 -0.638  0.1137E-01
 -0.628  0.1198E-01
 -0.618  0.1258E-01
 -0.608  0.1317E-01
 -0.598  0.1377E-01
 -0.588  0.1439E-01
 -0.578  0.1504E-01
 -0.568  0.1573E-01
 -0.558  0.1647E-01
 -0.548  0.1727E-01
 -0.538  0.1815E-01
 -0.528  0.1908E-01
 -0.518  0.2009E-01
 -0.508  0.2114E-01
 -0.498  0.2223E-01
 -0.488  0.2333E-01
 -0.478  0.2443E-01
 -0.468  0.2548E-01
 -0.458  0.2646E-01
 -0.448  0.2734E-01
 -0.438  0.2808E-01
 -0.428  0.2865E-01
 -0.418  0.2903E-01
 -0.408  0.2921E-01
 -0.398  0.2917E-01
 -0.388  0.2890E-01
 -0.378  0.2842E-01
 -0.368  0.2772E-01
 -0.358  0.2685E-01
 -0.348  0.2581E-01
 -0.338  0.2464E-01
 -0.328  0.2337E-01
 -0.318  0.2205E-01
 -0.308  0.2069E-01
 -0.298  0.1935E-01
 -0.288  0.1804E-01
 -0.278  0.1680E-01
 -0.268  0.1564E-01
 -0.258  0.1457E-01
 -0.248  0.1362E-01
 -0.238  0.1277E-01
 -0.228  0.1202E-01
 -0.218  0.1137E-01
 -0.208  0.1081E-01
 -0.198  0.1031E-01
 -0.188  0.9876E-02
 -0.178  0.9480E-02
 -0.168  0.9110E-02
 -0.158  0.8753E-02
 -0.148  0.8401E-02
 -0.138  0.8044E-02
 -0.128  0.7679E-02
 -0.118  0.7306E-02
 -0.108  0.6927E-02
 -0.098  0.6547E-02
 -0.088  0.6174E-02
 -0.078  0.5816E-02
 -0.068  0.5486E-02
 -0.058  0.5193E-02
 -0.048  0.4948E-02
 -0.038  0.4763E-02
 -0.028  0.4646E-02
 -0.018  0.4606E-02
 -0.008  0.4648E-02
  0.002  0.4776E-02
  0.012  0.4991E-02
  0.022  0.5293E-02
  0.032  0.5678E-02
  0.042  0.6142E-02
  0.052  0.6677E-02
  0.062  0.7273E-02
  0.072  0.7919E-02
  0.082  0.8605E-02
  0.092  0.9315E-02
  0.102  0.1004E-01
  0.112  0.1075E-01
  0.122  0.1145E-01
  0.132  0.1212E-01
  0.142  0.1274E-01
  0.152  0.1331E-01
  0.162  0.1381E-01
  0.172  0.1423E-01
  0.182  0.1456E-01
  0.192  0.1481E-01
  0.202  0.1497E-01
  0.212  0.1504E-01
  0.222  0.1502E-01
  0.232  0.1491E-01
  0.242  0.1474E-01
  0.252  0.1449E-01
  0.262  0.1420E-01
  0.272  0.1386E-01
  0.282  0.1349E-01
  0.292  0.1310E-01
  0.302  0.1270E-01
  0.312  0.1231E-01
  0.322  0.1192E-01
  0.332  0.1155E-01
  0.342  0.1120E-01
  0.352  0.1086E-01
  0.362  0.1054E-01
  0.372  0.1024E-01
  0.382  0.9940E-02
  0.392  0.9644E-02
  0.402  0.9343E-02
  0.412  0.9030E-02
  0.422  0.8700E-02
  0.432  0.8349E-02
  0.442  0.7972E-02
  0.452  0.7571E-02
  0.462  0.7143E-02
  0.472  0.6693E-02
  0.482  0.6224E-02
  0.492  0.5742E-02
  0.502  0.5252E-02
  0.512  0.4762E-02
  0.522  0.4278E-02
  0.532  0.3807E-02
  0.542  0.3355E-02
  0.552  0.2929E-02
  0.562  0.2531E-02
  0.572  0.2165E-02
  0.582  0.1833E-02
  0.592  0.1537E-02
  0.602  0.1275E-02
  0.612  0.1046E-02
  0.622  0.8502E-03
  0.632  0.6835E-03
  0.642  0.5437E-03
  0.652  0.4280E-03
  0.662  0.3333E-03
  0.672  0.2569E-03
  0.682  0.1959E-03
  0.692  0.1478E-03
  0.702  0.1103E-03
  0.712  0.8148E-04
  0.722  0.5954E-04
  0.732  0.4305E-04
  0.742  0.3080E-04
  0.752  0.2180E-04
  0.762  0.1526E-04
  0.772  0.1058E-04
  0.782  0.7249E-05
  0.792  0.4917E-05
  0.802  0.3299E-05
  0.812  0.2190E-05
  0.822  0.1439E-05
  0.832  0.9349E-06
  0.842  0.6011E-06
