 -5.548  0.4888E-06
 -5.538  0.7557E-06
 -5.528  0.1156E-05
 -5.518  0.1749E-05
 -5.508  0.2618E-05
 -5.498  0.3876E-05
 -5.488  0.5679E-05
 -5.478  0.8230E-05
 -5.468  0.1180E-04
 -5.458  0.1674E-04
 -5.448  0.2349E-04
 -5.438  0.3261E-04
 -5.428  0.4479E-04
 -5.418  0.6087E-04
 -5.408  0.8184E-04
 -5.398  0.1089E-03
 -5.388  0.1433E-03
 -5.378  0.1867E-03
 -5.368  0.2406E-03
 -5.358  0.3069E-03
 -5.348  0.3874E-03
 -5.338  0.4840E-03
 -5.328  0.5986E-03
 -5.318  0.7328E-03
 -5.308  0.8881E-03
 -5.298  0.1066E-02
 -5.288  0.1267E-02
 -5.278  0.1492E-02
 -5.268  0.1740E-02
 -5.258  0.2011E-02
 -5.248  0.2305E-02
 -5.238  0.2620E-02
 -5.228  0.2954E-02
 -5.218  0.3305E-02
 -5.208  0.3672E-02
 -5.198  0.4054E-02
 -5.188  0.4448E-02
 -5.178  0.4854E-02
 -5.168  0.5272E-02
 -5.158  0.5701E-02
 -5.148  0.6144E-02
 -5.138  0.6600E-02
 -5.128  0.7072E-02
 -5.118  0.7562E-02
 -5.108  0.8071E-02
 -5.098  0.8600E-02
 -5.088  0.9151E-02
 -5.078  0.9722E-02
 -5.068  0.1031E-01
 -5.058  0.1092E-01
 -5.048  0.1155E-01
 -5.038  0.1218E-01
 -5.028  0.1281E-01
 -5.018  0.1345E-01
 -5.008  0.1407E-01
 -4.998  0.1468E-01
 -4.988  0.1526E-01
 -4.978  0.1582E-01
 -4.968  0.1634E-01
 -4.958  0.1681E-01
 -4.948  0.1724E-01
 -4.938  0.1761E-01
 -4.928  0.1794E-01
 -4.918  0.1820E-01
 -4.908  0.1841E-01
 -4.898  0.1857E-01
 -4.888  0.1866E-01
 -4.878  0.1870E-01
 -4.868  0.1868E-01
 -4.858  0.1861E-01
 -4.848  0.1849E-01
 -4.838  0.1831E-01
 -4.828  0.1807E-01
 -4.818  0.1779E-01
 -4.808  0.1745E-01
 -4.798  0.1706E-01
 -4.788  0.1662E-01
 -4.778  0.1613E-01
 -4.768  0.1559E-01
 -4.758  0.1500E-01
 -4.748  0.1436E-01
 -4.738  0.1367E-01
 -4.728  0.1295E-01
 -4.718  0.1220E-01
 -4.708  0.1141E-01
 -4.698  0.1061E-01
 -4.688  0.9789E-02
 -4.678  0.8969E-02
 -4.668  0.8154E-02
 -4.658  0.7354E-02
 -4.648  0.6578E-02
 -4.638  0.5834E-02
 -4.628  0.5128E-02
 -4.618  0.4468E-02
 -4.608  0.3857E-02
 -4.598  0.3298E-02
 -4.588  0.2794E-02
 -4.578  0.2344E-02
 -4.568  0.1947E-02
 -4.558  0.1601E-02
 -4.548  0.1304E-02
 -4.538  0.1051E-02
 -4.528  0.8385E-03
 -4.518  0.6622E-03
 -4.508  0.5175E-03
 -4.498  0.4003E-03
 -4.488  0.3064E-03
 -4.478  0.2321E-03
 -4.468  0.1739E-03
 -4.458  0.1290E-03
 -4.448  0.9465E-04
 -4.438  0.6872E-04
 -4.428  0.4936E-04
 -4.418  0.3508E-04
 -4.408  0.2467E-04
 -4.398  0.1716E-04
 -4.388  0.1181E-04
 -4.378  0.8044E-05
 -4.368  0.5419E-05
 -4.358  0.3612E-05
 -4.348  0.2381E-05
 -4.338  0.1553E-05
 -4.328  0.1002E-05
 -4.318  0.6399E-06
 -4.308  0.4041E-06
 -4.298  0.2525E-06
 -4.288  0.1561E-06
 -4.278  0.9542E-07
 -4.268  0.5772E-07
 -4.258  0.3454E-07
 -4.248  0.2045E-07
 -4.238  0.1197E-07
 -4.228  0.6937E-08
 -4.218  0.3976E-08
 -4.208  0.2254E-08
 -4.198  0.1264E-08
 -4.188  0.7016E-09
 -4.178  0.3851E-09
 -4.168  0.2091E-09
 -4.158  0.1123E-09
 -4.148  0.5969E-10
 -4.138  0.3138E-10
 -4.128  0.1632E-10
 -4.118  0.8395E-11
 -4.108  0.4272E-11
 -4.098  0.2151E-11
 -4.088  0.1071E-11
 -4.078  0.5278E-12
 -4.068  0.2573E-12
 -4.058  0.1240E-12
 -4.048  0.5917E-13
 -4.038  0.2792E-13
 -4.028  0.1303E-13
 -4.018  0.6018E-14
 -4.008  0.2749E-14
 -3.998  0.1242E-14
 -3.988  0.5554E-15
 -3.978  0.2456E-15
 -3.968  0.1075E-15
 -3.958  0.4651E-16
 -3.948  0.1991E-16
 -3.938  0.8434E-17
 -3.928  0.3534E-17
 -3.918  0.1465E-17
 -3.908  0.6006E-18
 -3.898  0.2436E-18
 -3.888  0.9776E-19
 -3.878  0.3881E-19
 -3.868  0.1524E-19
 -3.858  0.5920E-20
 -3.848  0.2275E-20
 -3.838  0.8649E-21
 -3.828  0.3253E-21
 -3.818  0.1210E-21
 -3.808  0.4454E-22
 -3.798  0.1622E-22
 -3.788  0.5841E-23
 -3.778  0.2081E-23
 -3.768  0.7336E-24
 -3.758  0.2558E-24
 -3.748  0.8824E-25
 -3.738  0.3011E-25
 -3.728  0.1016E-25
 -3.718  0.3394E-26
 -3.708  0.1121E-26
 -3.698  0.3665E-27
 -3.688  0.1185E-27
 -3.678  0.3789E-28
 -3.668  0.1199E-28
 -3.658  0.3752E-29
 -3.648  0.1162E-29
 -3.638  0.3558E-30
 -3.628  0.1078E-30
 -3.618  0.3232E-31
 -3.608  0.9583E-32
 -3.598  0.2811E-32
 -3.588  0.8157E-33
 -3.578  0.2342E-33
 -3.568  0.6650E-34
 -3.558  0.1868E-34
 -3.548  0.5192E-35
 -3.538  0.1427E-35
 -3.528  0.3882E-36
 -3.518  0.1045E-36
 -3.508  0.2780E-37
 -3.498  0.7320E-38
 -3.488  0.1907E-38
 -3.478  0.4913E-39
 -3.468  0.1252E-39
 -3.458  0.3158E-40
 -3.448  0.7878E-41
 -3.438  0.1944E-41
 -3.428  0.4746E-42
 -3.418  0.1146E-42
 -3.408  0.2738E-43
 -3.398  0.6471E-44
 -3.388  0.1513E-44
 -3.378  0.3499E-45
 -3.368  0.8006E-46
 -3.358  0.1812E-46
 -3.348  0.4057E-47
 -3.338  0.8987E-48
 -3.328  0.1969E-48
 -3.318  0.4269E-49
 -3.308  0.9154E-50
 -3.298  0.1942E-50
 -3.288  0.4075E-51
 -3.278  0.8460E-52
 -3.268  0.1737E-52
 -3.258  0.3530E-53
 -3.248  0.7094E-54
 -3.238  0.1410E-54
 -3.228  0.2774E-55
 -3.218  0.5397E-56
 -3.208  0.1039E-56
 -3.198  0.1978E-57
 -3.188  0.3726E-58
 -3.178  0.6943E-59
 -3.168  0.1280E-59
 -3.158  0.2334E-60
 -3.148  0.4210E-61
 -3.138  0.7514E-62
 -3.128  0.1327E-62
 -3.118  0.2317E-63
 -3.108  0.4002E-64
 -3.098  0.6841E-65
 -3.088  0.1157E-65
 -3.078  0.1934E-66
 -3.068  0.3201E-67
 -3.058  0.5239E-68
 -3.048  0.8483E-69
 -3.038  0.1359E-69
 -3.028  0.2153E-70
 -3.018  0.3376E-71
 -3.008  0.5235E-72
 -2.998  0.8048E-73
 -2.988  0.1334E-73
 -2.978  0.9457E-74
 -2.968  0.5030E-73
 -2.958  0.3246E-72
 -2.948  0.2083E-71
 -2.938  0.1323E-70
 -2.928  0.8308E-70
 -2.918  0.5162E-69
 -2.908  0.3173E-68
 -2.898  0.1930E-67
 -2.888  0.1161E-66
 -2.878  0.6907E-66
 -2.868  0.4066E-65
 -2.858  0.2368E-64
 -2.848  0.1364E-63
 -2.838  0.7775E-63
 -2.828  0.4383E-62
 -2.818  0.2445E-61
 -2.808  0.1349E-60
 -2.798  0.7362E-60
 -2.788  0.3975E-59
 -2.778  0.2123E-58
 -2.768  0.1122E-57
 -2.758  0.5865E-57
 -2.748  0.3033E-56
 -2.738  0.1551E-55
 -2.728  0.7851E-55
 -2.718  0.3930E-54
 -2.708  0.1946E-53
 -2.698  0.9536E-53
 -2.688  0.4622E-52
 -2.678  0.2216E-51
 -2.668  0.1051E-50
 -2.658  0.4931E-50
 -2.648  0.2289E-49
 -2.638  0.1051E-48
 -2.628  0.4773E-48
 -2.618  0.2145E-47
 -2.608  0.9534E-47
 -2.598  0.4193E-46
 -2.588  0.1824E-45
 -2.578  0.7849E-45
 -2.568  0.3341E-44
 -2.558  0.1407E-43
 -2.548  0.5863E-43
 -2.538  0.2416E-42
 -2.528  0.9851E-42
 -2.518  0.3973E-41
 -2.508  0.1585E-40
 -2.498  0.6257E-40
 -2.488  0.2443E-39
 -2.478  0.9438E-39
 -2.468  0.3606E-38
 -2.458  0.1363E-37
 -2.448  0.5098E-37
 -2.438  0.1886E-36
 -2.428  0.6902E-36
 -2.418  0.2499E-35
 -2.408  0.8948E-35
 -2.398  0.3170E-34
 -2.388  0.1111E-33
 -2.378  0.3852E-33
 -2.368  0.1321E-32
 -2.358  0.4483E-32
 -2.348  0.1505E-31
 -2.338  0.4997E-31
 -2.328  0.1641E-30
 -2.318  0.5333E-30
 -2.308  0.1714E-29
 -2.298  0.5452E-29
 -2.288  0.1715E-28
 -2.278  0.5338E-28
 -2.268  0.1643E-27
 -2.258  0.5005E-27
 -2.248  0.1508E-26
 -2.238  0.4494E-26
 -2.228  0.1325E-25
 -2.218  0.3865E-25
 -2.208  0.1115E-24
 -2.198  0.3183E-24
 -2.188  0.8988E-24
 -2.178  0.2511E-23
 -2.168  0.6938E-23
 -2.158  0.1897E-22
 -2.148  0.5129E-22
 -2.138  0.1372E-21
 -2.128  0.3631E-21
 -2.118  0.9507E-21
 -2.108  0.2462E-20
 -2.098  0.6309E-20
 -2.088  0.1599E-19
 -2.078  0.4009E-19
 -2.068  0.9945E-19
 -2.058  0.2440E-18
 -2.048  0.5924E-18
 -2.038  0.1422E-17
 -2.028  0.3379E-17
 -2.018  0.7941E-17
 -2.008  0.1846E-16
 -1.998  0.4246E-16
 -1.988  0.9660E-16
 -1.978  0.2174E-15
 -1.968  0.4841E-15
 -1.958  0.1066E-14
 -1.948  0.2323E-14
 -1.938  0.5008E-14
 -1.928  0.1068E-13
 -1.918  0.2253E-13
 -1.908  0.4702E-13
 -1.898  0.9708E-13
 -1.888  0.1983E-12
 -1.878  0.4006E-12
 -1.868  0.8008E-12
 -1.858  0.1584E-11
 -1.848  0.3098E-11
 -1.838  0.5996E-11
 -1.828  0.1148E-10
 -1.818  0.2175E-10
 -1.808  0.4075E-10
 -1.798  0.7555E-10
 -1.788  0.1386E-09
 -1.778  0.2514E-09
 -1.768  0.4514E-09
 -1.758  0.8017E-09
 -1.748  0.1409E-08
 -1.738  0.2449E-08
 -1.728  0.4213E-08
 -1.718  0.7170E-08
 -1.708  0.1207E-07
 -1.698  0.2012E-07
 -1.688  0.3317E-07
 -1.678  0.5410E-07
 -1.668  0.8733E-07
 -1.658  0.1395E-06
 -1.648  0.2205E-06
 -1.638  0.3449E-06
 -1.628  0.5340E-06
 -1.618  0.8182E-06
 -1.608  0.1241E-05
 -1.598  0.1863E-05
 -1.588  0.2768E-05
 -1.578  0.4071E-05
 -1.568  0.5929E-05
 -1.558  0.8548E-05
 -1.548  0.1220E-04
 -1.538  0.1725E-04
 -1.528  0.2416E-04
 -1.518  0.3351E-04
 -1.508  0.4603E-04
 -1.498  0.6265E-04
 -1.488  0.8448E-04
 -1.478  0.1129E-03
 -1.468  0.1495E-03
 -1.458  0.1963E-03
 -1.448  0.2555E-03
 -1.438  0.3297E-03
 -1.428  0.4220E-03
 -1.418  0.5356E-03
 -1.408  0.6742E-03
 -1.398  0.8421E-03
 -1.388  0.1043E-02
 -1.378  0.1283E-02
 -1.368  0.1565E-02
 -1.358  0.1895E-02
 -1.348  0.2277E-02
 -1.338  0.2715E-02
 -1.328  0.3214E-02
 -1.318  0.3775E-02
 -1.308  0.4400E-02
 -1.298  0.5090E-02
 -1.288  0.5842E-02
 -1.278  0.6653E-02
 -1.268  0.7518E-02
 -1.258  0.8426E-02
 -1.248  0.9367E-02
 -1.238  0.1033E-01
 -1.228  0.1129E-01
 -1.218  0.1224E-01
 -1.208  0.1315E-01
 -1.198  0.1400E-01
 -1.188  0.1478E-01
 -1.178  0.1546E-01
 -1.168  0.1602E-01
 -1.158  0.1644E-01
 -1.148  0.1672E-01
 -1.138  0.1684E-01
 -1.128  0.1679E-01
 -1.118  0.1659E-01
 -1.108  0.1622E-01
 -1.098  0.1570E-01
 -1.088  0.1505E-01
 -1.078  0.1428E-01
 -1.068  0.1342E-01
 -1.058  0.1248E-01
 -1.048  0.1148E-01
 -1.038  0.1046E-01
 -1.028  0.9426E-02
 -1.018  0.8410E-02
 -1.008  0.7425E-02
 -0.998  0.6489E-02
 -0.988  0.5614E-02
 -0.978  0.4808E-02
 -0.968  0.4078E-02
 -0.958  0.3429E-02
 -0.948  0.2860E-02
 -0.938  0.2371E-02
 -0.928  0.1959E-02
 -0.918  0.1622E-02
 -0.908  0.1355E-02
 -0.898  0.1155E-02
 -0.888  0.1017E-02
 -0.878  0.9393E-03
 -0.868  0.9190E-03
 -0.858  0.9545E-03
 -0.848  0.1045E-02
 -0.838  0.1192E-02
 -0.828  0.1394E-02
 -0.818  0.1653E-02
 -0.808  0.1971E-02
 -0.798  0.2347E-02
 -0.788  0.2782E-02
 -0.778  0.3276E-02
 -0.768  0.3826E-02
 -0.758  0.4428E-02
 -0.748  0.5078E-02
 -0.738  0.5768E-02
 -0.728  0.6491E-02
 -0.718  0.7236E-02
 -0.708  0.7993E-02
 -0.698  0.8750E-02
 -0.688  0.9498E-02
 -0.678  0.1023E-01
 -0.668  0.1093E-01
 -0.658  0.1159E-01
 -0.648  0.1222E-01
 -0.638  0.1281E-01
 -0.628  0.1337E-01
 -0.618  0.1391E-01
 -0.608  0.1443E-01
 -0.598  0.1495E-01
 -0.588  0.1549E-01
 -0.578  0.1606E-01
 -0.568  0.1668E-01
 -0.558  0.1737E-01
 -0.548  0.1814E-01
 -0.538  0.1899E-01
 -0.528  0.1994E-01
 -0.518  0.2097E-01
 -0.508  0.2209E-01
 -0.498  0.2326E-01
 -0.488  0.2448E-01
 -0.478  0.2571E-01
 -0.468  0.2692E-01
 -0.458  0.2807E-01
 -0.448  0.2913E-01
 -0.438  0.3006E-01
 -0.428  0.3082E-01
 -0.418  0.3139E-01
 -0.408  0.3174E-01
 -0.398  0.3186E-01
 -0.388  0.3173E-01
 -0.378  0.3136E-01
 -0.368  0.3076E-01
 -0.358  0.2994E-01
 -0.348  0.2894E-01
 -0.338  0.2778E-01
 -0.328  0.2649E-01
 -0.318  0.2512E-01
 -0.308  0.2370E-01
 -0.298  0.2227E-01
 -0.288  0.2086E-01
 -0.278  0.1950E-01
 -0.268  0.1822E-01
 -0.258  0.1703E-01
 -0.248  0.1595E-01
 -0.238  0.1497E-01
 -0.228  0.1410E-01
 -0.218  0.1333E-01
 -0.208  0.1266E-01
 -0.198  0.1206E-01
 -0.188  0.1152E-01
 -0.178  0.1103E-01
 -0.168  0.1057E-01
 -0.158  0.1012E-01
 -0.148  0.9686E-02
 -0.138  0.9248E-02
 -0.128  0.8804E-02
 -0.118  0.8354E-02
 -0.108  0.7899E-02
 -0.098  0.7445E-02
 -0.088  0.7000E-02
 -0.078  0.6574E-02
 -0.068  0.6179E-02
 -0.058  0.5825E-02
 -0.048  0.5526E-02
 -0.038  0.5292E-02
 -0.028  0.5134E-02
 -0.018  0.5060E-02
 -0.008  0.5076E-02
  0.002  0.5186E-02
  0.012  0.5393E-02
  0.022  0.5695E-02
  0.032  0.6090E-02
  0.042  0.6570E-02
  0.052  0.7130E-02
  0.062  0.7758E-02
  0.072  0.8443E-02
  0.082  0.9172E-02
  0.092  0.9930E-02
  0.102  0.1070E-01
  0.112  0.1147E-01
  0.122  0.1223E-01
  0.132  0.1295E-01
  0.142  0.1362E-01
  0.152  0.1424E-01
  0.162  0.1478E-01
  0.172  0.1524E-01
  0.182  0.1561E-01
  0.192  0.1588E-01
  0.202  0.1605E-01
  0.212  0.1612E-01
  0.222  0.1609E-01
  0.232  0.1597E-01
  0.242  0.1577E-01
  0.252  0.1549E-01
  0.262  0.1515E-01
  0.272  0.1475E-01
  0.282  0.1432E-01
  0.292  0.1386E-01
  0.302  0.1339E-01
  0.312  0.1292E-01
  0.322  0.1245E-01
  0.332  0.1200E-01
  0.342  0.1157E-01
  0.352  0.1116E-01
  0.362  0.1077E-01
  0.372  0.1040E-01
  0.382  0.1004E-01
  0.392  0.9690E-02
  0.402  0.9342E-02
  0.412  0.8988E-02
  0.422  0.8625E-02
  0.432  0.8247E-02
  0.442  0.7851E-02
  0.452  0.7435E-02
  0.462  0.6999E-02
  0.472  0.6545E-02
  0.482  0.6076E-02
  0.492  0.5597E-02
  0.502  0.5113E-02
  0.512  0.4631E-02
  0.522  0.4157E-02
  0.532  0.3697E-02
  0.542  0.3257E-02
  0.552  0.2841E-02
  0.562  0.2454E-02
  0.572  0.2099E-02
  0.582  0.1777E-02
  0.592  0.1489E-02
  0.602  0.1235E-02
  0.612  0.1014E-02
  0.622  0.8235E-03
  0.632  0.6620E-03
  0.642  0.5266E-03
  0.652  0.4145E-03
  0.662  0.3228E-03
  0.672  0.2488E-03
  0.682  0.1897E-03
  0.692  0.1431E-03
  0.702  0.1068E-03
  0.712  0.7891E-04
  0.722  0.5766E-04
  0.732  0.4169E-04
  0.742  0.2983E-04
  0.752  0.2111E-04
  0.762  0.1478E-04
  0.772  0.1024E-04
  0.782  0.7021E-05
  0.792  0.4762E-05
  0.802  0.3195E-05
  0.812  0.2121E-05
  0.822  0.1393E-05
  0.832  0.9055E-06
  0.842  0.5822E-06
