 -5.548  0.1320E-06
 -5.538  0.2041E-06
 -5.528  0.3122E-06
 -5.518  0.4724E-06
 -5.508  0.7071E-06
 -5.498  0.1047E-05
 -5.488  0.1534E-05
 -5.478  0.2223E-05
 -5.468  0.3188E-05
 -5.458  0.4522E-05
 -5.448  0.6346E-05
 -5.438  0.8811E-05
 -5.428  0.1210E-04
 -5.418  0.1645E-04
 -5.408  0.2212E-04
 -5.398  0.2943E-04
 -5.388  0.3874E-04
 -5.378  0.5047E-04
 -5.368  0.6507E-04
 -5.358  0.8301E-04
 -5.348  0.1048E-03
 -5.338  0.1310E-03
 -5.328  0.1620E-03
 -5.318  0.1985E-03
 -5.308  0.2406E-03
 -5.298  0.2890E-03
 -5.288  0.3437E-03
 -5.278  0.4050E-03
 -5.268  0.4728E-03
 -5.258  0.5472E-03
 -5.248  0.6278E-03
 -5.238  0.7145E-03
 -5.228  0.8069E-03
 -5.218  0.9046E-03
 -5.208  0.1007E-02
 -5.198  0.1114E-02
 -5.188  0.1226E-02
 -5.178  0.1341E-02
 -5.168  0.1461E-02
 -5.158  0.1586E-02
 -5.148  0.1715E-02
 -5.138  0.1849E-02
 -5.128  0.1990E-02
 -5.118  0.2136E-02
 -5.108  0.2290E-02
 -5.098  0.2451E-02
 -5.088  0.2620E-02
 -5.078  0.2798E-02
 -5.068  0.2984E-02
 -5.058  0.3179E-02
 -5.048  0.3383E-02
 -5.038  0.3597E-02
 -5.028  0.3821E-02
 -5.018  0.4055E-02
 -5.008  0.4301E-02
 -4.998  0.4562E-02
 -4.988  0.4838E-02
 -4.978  0.5135E-02
 -4.968  0.5455E-02
 -4.958  0.5804E-02
 -4.948  0.6186E-02
 -4.938  0.6607E-02
 -4.928  0.7072E-02
 -4.918  0.7584E-02
 -4.908  0.8149E-02
 -4.898  0.8767E-02
 -4.888  0.9439E-02
 -4.878  0.1016E-01
 -4.868  0.1093E-01
 -4.858  0.1174E-01
 -4.848  0.1257E-01
 -4.838  0.1342E-01
 -4.828  0.1426E-01
 -4.818  0.1507E-01
 -4.808  0.1584E-01
 -4.798  0.1654E-01
 -4.788  0.1715E-01
 -4.778  0.1764E-01
 -4.768  0.1800E-01
 -4.758  0.1822E-01
 -4.748  0.1827E-01
 -4.738  0.1817E-01
 -4.728  0.1789E-01
 -4.718  0.1746E-01
 -4.708  0.1687E-01
 -4.698  0.1613E-01
 -4.688  0.1528E-01
 -4.678  0.1433E-01
 -4.668  0.1330E-01
 -4.658  0.1222E-01
 -4.648  0.1111E-01
 -4.638  0.1000E-01
 -4.628  0.8905E-02
 -4.618  0.7847E-02
 -4.608  0.6842E-02
 -4.598  0.5903E-02
 -4.588  0.5040E-02
 -4.578  0.4257E-02
 -4.568  0.3557E-02
 -4.558  0.2941E-02
 -4.548  0.2406E-02
 -4.538  0.1947E-02
 -4.528  0.1559E-02
 -4.518  0.1235E-02
 -4.508  0.9680E-03
 -4.498  0.7505E-03
 -4.488  0.5757E-03
 -4.478  0.4368E-03
 -4.468  0.3279E-03
 -4.458  0.2435E-03
 -4.448  0.1789E-03
 -4.438  0.1300E-03
 -4.428  0.9351E-04
 -4.418  0.6651E-04
 -4.408  0.4680E-04
 -4.398  0.3258E-04
 -4.388  0.2244E-04
 -4.378  0.1529E-04
 -4.368  0.1030E-04
 -4.358  0.6868E-05
 -4.348  0.4530E-05
 -4.338  0.2956E-05
 -4.328  0.1908E-05
 -4.318  0.1218E-05
 -4.308  0.7695E-06
 -4.298  0.4808E-06
 -4.288  0.2972E-06
 -4.278  0.1818E-06
 -4.268  0.1100E-06
 -4.258  0.6581E-07
 -4.248  0.3896E-07
 -4.238  0.2282E-07
 -4.228  0.1322E-07
 -4.218  0.7578E-08
 -4.208  0.4297E-08
 -4.198  0.2410E-08
 -4.188  0.1337E-08
 -4.178  0.7340E-09
 -4.168  0.3986E-09
 -4.158  0.2141E-09
 -4.148  0.1138E-09
 -4.138  0.5982E-10
 -4.128  0.3111E-10
 -4.118  0.1600E-10
 -4.108  0.8145E-11
 -4.098  0.4101E-11
 -4.088  0.2042E-11
 -4.078  0.1006E-11
 -4.068  0.4905E-12
 -4.058  0.2365E-12
 -4.048  0.1128E-12
 -4.038  0.5323E-13
 -4.028  0.2485E-13
 -4.018  0.1147E-13
 -4.008  0.5242E-14
 -3.998  0.2369E-14
 -3.988  0.1059E-14
 -3.978  0.4683E-15
 -3.968  0.2049E-15
 -3.958  0.8868E-16
 -3.948  0.3797E-16
 -3.938  0.1608E-16
 -3.928  0.6738E-17
 -3.918  0.2793E-17
 -3.908  0.1145E-17
 -3.898  0.4645E-18
 -3.888  0.1864E-18
 -3.878  0.7399E-19
 -3.868  0.2906E-19
 -3.858  0.1129E-19
 -3.848  0.4338E-20
 -3.838  0.1649E-20
 -3.828  0.6202E-21
 -3.818  0.2307E-21
 -3.808  0.8492E-22
 -3.798  0.3092E-22
 -3.788  0.1114E-22
 -3.778  0.3968E-23
 -3.768  0.1399E-23
 -3.758  0.4877E-24
 -3.748  0.1682E-24
 -3.738  0.5741E-25
 -3.728  0.1938E-25
 -3.718  0.6472E-26
 -3.708  0.2138E-26
 -3.698  0.6987E-27
 -3.688  0.2259E-27
 -3.678  0.7225E-28
 -3.668  0.2286E-28
 -3.658  0.7154E-29
 -3.648  0.2215E-29
 -3.638  0.6785E-30
 -3.628  0.2056E-30
 -3.618  0.6162E-31
 -3.608  0.1827E-31
 -3.598  0.5360E-32
 -3.588  0.1555E-32
 -3.578  0.4465E-33
 -3.568  0.1268E-33
 -3.558  0.3562E-34
 -3.548  0.9900E-35
 -3.538  0.2722E-35
 -3.528  0.7403E-36
 -3.518  0.1992E-36
 -3.508  0.5301E-37
 -3.498  0.1396E-37
 -3.488  0.3636E-38
 -3.478  0.9368E-39
 -3.468  0.2388E-39
 -3.458  0.6021E-40
 -3.448  0.1502E-40
 -3.438  0.3707E-41
 -3.428  0.9049E-42
 -3.418  0.2185E-42
 -3.408  0.5221E-43
 -3.398  0.1234E-43
 -3.388  0.2885E-44
 -3.378  0.6672E-45
 -3.368  0.1527E-45
 -3.358  0.3455E-46
 -3.348  0.7736E-47
 -3.338  0.1714E-47
 -3.328  0.3755E-48
 -3.318  0.8140E-49
 -3.308  0.1745E-49
 -3.298  0.3703E-50
 -3.288  0.7770E-51
 -3.278  0.1613E-51
 -3.268  0.3313E-52
 -3.258  0.6730E-53
 -3.248  0.1353E-53
 -3.238  0.2689E-54
 -3.228  0.5289E-55
 -3.218  0.1029E-55
 -3.208  0.1981E-56
 -3.198  0.3772E-57
 -3.188  0.7105E-58
 -3.178  0.1324E-58
 -3.168  0.2440E-59
 -3.158  0.4450E-60
 -3.148  0.8028E-61
 -3.138  0.1433E-61
 -3.128  0.2529E-62
 -3.118  0.4417E-63
 -3.108  0.7632E-64
 -3.098  0.1304E-64
 -3.088  0.2205E-65
 -3.078  0.3689E-66
 -3.068  0.6103E-67
 -3.058  0.9990E-68
 -3.048  0.1618E-68
 -3.038  0.2591E-69
 -3.028  0.4106E-70
 -3.018  0.6437E-71
 -3.008  0.9982E-72
 -2.998  0.1533E-72
 -2.988  0.2432E-73
 -2.978  0.1069E-73
 -2.968  0.4777E-73
 -2.958  0.3067E-72
 -2.948  0.1968E-71
 -2.938  0.1249E-70
 -2.928  0.7848E-70
 -2.918  0.4876E-69
 -2.908  0.2997E-68
 -2.898  0.1823E-67
 -2.888  0.1096E-66
 -2.878  0.6525E-66
 -2.868  0.3841E-65
 -2.858  0.2237E-64
 -2.848  0.1289E-63
 -2.838  0.7344E-63
 -2.828  0.4141E-62
 -2.818  0.2309E-61
 -2.808  0.1274E-60
 -2.798  0.6955E-60
 -2.788  0.3755E-59
 -2.778  0.2006E-58
 -2.768  0.1060E-57
 -2.758  0.5540E-57
 -2.748  0.2865E-56
 -2.738  0.1465E-55
 -2.728  0.7416E-55
 -2.718  0.3713E-54
 -2.708  0.1839E-53
 -2.698  0.9008E-53
 -2.688  0.4366E-52
 -2.678  0.2093E-51
 -2.668  0.9927E-51
 -2.658  0.4658E-50
 -2.648  0.2162E-49
 -2.638  0.9926E-49
 -2.628  0.4509E-48
 -2.618  0.2026E-47
 -2.608  0.9006E-47
 -2.598  0.3960E-46
 -2.588  0.1723E-45
 -2.578  0.7414E-45
 -2.568  0.3156E-44
 -2.558  0.1329E-43
 -2.548  0.5538E-43
 -2.538  0.2282E-42
 -2.528  0.9306E-42
 -2.518  0.3753E-41
 -2.508  0.1498E-40
 -2.498  0.5911E-40
 -2.488  0.2308E-39
 -2.478  0.8915E-39
 -2.468  0.3407E-38
 -2.458  0.1288E-37
 -2.448  0.4816E-37
 -2.438  0.1781E-36
 -2.428  0.6519E-36
 -2.418  0.2360E-35
 -2.408  0.8453E-35
 -2.398  0.2995E-34
 -2.388  0.1050E-33
 -2.378  0.3639E-33
 -2.368  0.1248E-32
 -2.358  0.4235E-32
 -2.348  0.1421E-31
 -2.338  0.4720E-31
 -2.328  0.1550E-30
 -2.318  0.5038E-30
 -2.308  0.1620E-29
 -2.298  0.5150E-29
 -2.288  0.1620E-28
 -2.278  0.5042E-28
 -2.268  0.1552E-27
 -2.258  0.4728E-27
 -2.248  0.1424E-26
 -2.238  0.4245E-26
 -2.228  0.1252E-25
 -2.218  0.3651E-25
 -2.208  0.1053E-24
 -2.198  0.3007E-24
 -2.188  0.8491E-24
 -2.178  0.2372E-23
 -2.168  0.6555E-23
 -2.158  0.1792E-22
 -2.148  0.4846E-22
 -2.138  0.1296E-21
 -2.128  0.3431E-21
 -2.118  0.8983E-21
 -2.108  0.2327E-20
 -2.098  0.5961E-20
 -2.088  0.1511E-19
 -2.078  0.3789E-19
 -2.068  0.9398E-19
 -2.058  0.2306E-18
 -2.048  0.5598E-18
 -2.038  0.1344E-17
 -2.028  0.3194E-17
 -2.018  0.7506E-17
 -2.008  0.1745E-16
 -1.998  0.4014E-16
 -1.988  0.9134E-16
 -1.978  0.2056E-15
 -1.968  0.4578E-15
 -1.958  0.1009E-14
 -1.948  0.2198E-14
 -1.938  0.4739E-14
 -1.928  0.1011E-13
 -1.918  0.2133E-13
 -1.908  0.4452E-13
 -1.898  0.9195E-13
 -1.888  0.1879E-12
 -1.878  0.3797E-12
 -1.868  0.7593E-12
 -1.858  0.1502E-11
 -1.848  0.2940E-11
 -1.838  0.5694E-11
 -1.828  0.1091E-10
 -1.818  0.2068E-10
 -1.808  0.3878E-10
 -1.798  0.7195E-10
 -1.788  0.1321E-09
 -1.778  0.2400E-09
 -1.768  0.4313E-09
 -1.758  0.7671E-09
 -1.748  0.1350E-08
 -1.738  0.2351E-08
 -1.728  0.4052E-08
 -1.718  0.6911E-08
 -1.708  0.1166E-07
 -1.698  0.1949E-07
 -1.688  0.3222E-07
 -1.678  0.5273E-07
 -1.668  0.8543E-07
 -1.658  0.1370E-06
 -1.648  0.2175E-06
 -1.638  0.3420E-06
 -1.628  0.5323E-06
 -1.618  0.8206E-06
 -1.608  0.1253E-05
 -1.598  0.1894E-05
 -1.588  0.2837E-05
 -1.578  0.4211E-05
 -1.568  0.6192E-05
 -1.558  0.9022E-05
 -1.548  0.1303E-04
 -1.538  0.1865E-04
 -1.528  0.2648E-04
 -1.518  0.3726E-04
 -1.508  0.5200E-04
 -1.498  0.7197E-04
 -1.488  0.9881E-04
 -1.478  0.1346E-03
 -1.468  0.1819E-03
 -1.458  0.2439E-03
 -1.448  0.3246E-03
 -1.438  0.4286E-03
 -1.428  0.5618E-03
 -1.418  0.7308E-03
 -1.408  0.9435E-03
 -1.398  0.1209E-02
 -1.388  0.1537E-02
 -1.378  0.1940E-02
 -1.368  0.2430E-02
 -1.358  0.3019E-02
 -1.348  0.3722E-02
 -1.338  0.4551E-02
 -1.328  0.5520E-02
 -1.318  0.6640E-02
 -1.308  0.7920E-02
 -1.298  0.9366E-02
 -1.288  0.1098E-01
 -1.278  0.1276E-01
 -1.268  0.1469E-01
 -1.258  0.1677E-01
 -1.248  0.1896E-01
 -1.238  0.2123E-01
 -1.228  0.2355E-01
 -1.218  0.2588E-01
 -1.208  0.2817E-01
 -1.198  0.3035E-01
 -1.188  0.3238E-01
 -1.178  0.3421E-01
 -1.168  0.3578E-01
 -1.158  0.3704E-01
 -1.148  0.3796E-01
 -1.138  0.3851E-01
 -1.128  0.3866E-01
 -1.118  0.3842E-01
 -1.108  0.3778E-01
 -1.098  0.3677E-01
 -1.088  0.3541E-01
 -1.078  0.3375E-01
 -1.068  0.3183E-01
 -1.058  0.2970E-01
 -1.048  0.2742E-01
 -1.038  0.2506E-01
 -1.028  0.2265E-01
 -1.018  0.2026E-01
 -1.008  0.1793E-01
 -0.998  0.1571E-01
 -0.988  0.1361E-01
 -0.978  0.1167E-01
 -0.968  0.9900E-02
 -0.958  0.8314E-02
 -0.948  0.6912E-02
 -0.938  0.5691E-02
 -0.928  0.4644E-02
 -0.918  0.3760E-02
 -0.908  0.3028E-02
 -0.898  0.2432E-02
 -0.888  0.1959E-02
 -0.878  0.1595E-02
 -0.868  0.1327E-02
 -0.858  0.1144E-02
 -0.848  0.1036E-02
 -0.838  0.9944E-03
 -0.828  0.1012E-02
 -0.818  0.1083E-02
 -0.808  0.1203E-02
 -0.798  0.1367E-02
 -0.788  0.1573E-02
 -0.778  0.1817E-02
 -0.768  0.2095E-02
 -0.758  0.2403E-02
 -0.748  0.2738E-02
 -0.738  0.3093E-02
 -0.728  0.3465E-02
 -0.718  0.3845E-02
 -0.708  0.4229E-02
 -0.698  0.4610E-02
 -0.688  0.4981E-02
 -0.678  0.5338E-02
 -0.668  0.5675E-02
 -0.658  0.5990E-02
 -0.648  0.6281E-02
 -0.638  0.6549E-02
 -0.628  0.6796E-02
 -0.618  0.7028E-02
 -0.608  0.7251E-02
 -0.598  0.7474E-02
 -0.588  0.7706E-02
 -0.578  0.7958E-02
 -0.568  0.8240E-02
 -0.558  0.8562E-02
 -0.548  0.8933E-02
 -0.538  0.9361E-02
 -0.528  0.9848E-02
 -0.518  0.1040E-01
 -0.508  0.1100E-01
 -0.498  0.1166E-01
 -0.488  0.1236E-01
 -0.478  0.1309E-01
 -0.468  0.1384E-01
 -0.458  0.1458E-01
 -0.448  0.1530E-01
 -0.438  0.1598E-01
 -0.428  0.1660E-01
 -0.418  0.1713E-01
 -0.408  0.1758E-01
 -0.398  0.1791E-01
 -0.388  0.1812E-01
 -0.378  0.1821E-01
 -0.368  0.1818E-01
 -0.358  0.1803E-01
 -0.348  0.1777E-01
 -0.338  0.1741E-01
 -0.328  0.1696E-01
 -0.318  0.1645E-01
 -0.308  0.1589E-01
 -0.298  0.1530E-01
 -0.288  0.1469E-01
 -0.278  0.1409E-01
 -0.268  0.1350E-01
 -0.258  0.1294E-01
 -0.248  0.1242E-01
 -0.238  0.1193E-01
 -0.228  0.1149E-01
 -0.218  0.1108E-01
 -0.208  0.1070E-01
 -0.198  0.1035E-01
 -0.188  0.1001E-01
 -0.178  0.9689E-02
 -0.168  0.9366E-02
 -0.158  0.9039E-02
 -0.148  0.8703E-02
 -0.138  0.8355E-02
 -0.128  0.7997E-02
 -0.118  0.7631E-02
 -0.108  0.7263E-02
 -0.098  0.6901E-02
 -0.088  0.6554E-02
 -0.078  0.6234E-02
 -0.068  0.5952E-02
 -0.058  0.5721E-02
 -0.048  0.5552E-02
 -0.038  0.5455E-02
 -0.028  0.5439E-02
 -0.018  0.5509E-02
 -0.008  0.5670E-02
  0.002  0.5922E-02
  0.012  0.6261E-02
  0.022  0.6682E-02
  0.032  0.7176E-02
  0.042  0.7730E-02
  0.052  0.8331E-02
  0.062  0.8961E-02
  0.072  0.9604E-02
  0.082  0.1024E-01
  0.092  0.1085E-01
  0.102  0.1142E-01
  0.112  0.1193E-01
  0.122  0.1236E-01
  0.132  0.1272E-01
  0.142  0.1298E-01
  0.152  0.1314E-01
  0.162  0.1321E-01
  0.172  0.1318E-01
  0.182  0.1306E-01
  0.192  0.1287E-01
  0.202  0.1261E-01
  0.212  0.1230E-01
  0.222  0.1196E-01
  0.232  0.1160E-01
  0.242  0.1124E-01
  0.252  0.1089E-01
  0.262  0.1057E-01
  0.272  0.1029E-01
  0.282  0.1006E-01
  0.292  0.9889E-02
  0.302  0.9780E-02
  0.312  0.9731E-02
  0.322  0.9739E-02
  0.332  0.9798E-02
  0.342  0.9896E-02
  0.352  0.1002E-01
  0.362  0.1016E-01
  0.372  0.1030E-01
  0.382  0.1042E-01
  0.392  0.1051E-01
  0.402  0.1055E-01
  0.412  0.1053E-01
  0.422  0.1045E-01
  0.432  0.1029E-01
  0.442  0.1005E-01
  0.452  0.9738E-02
  0.462  0.9351E-02
  0.472  0.8898E-02
  0.482  0.8386E-02
  0.492  0.7827E-02
  0.502  0.7234E-02
  0.512  0.6619E-02
  0.522  0.5994E-02
  0.532  0.5373E-02
  0.542  0.4767E-02
  0.552  0.4186E-02
  0.562  0.3637E-02
  0.572  0.3127E-02
  0.582  0.2660E-02
  0.592  0.2239E-02
  0.602  0.1865E-02
  0.612  0.1537E-02
  0.622  0.1253E-02
  0.632  0.1011E-02
  0.642  0.8071E-03
  0.652  0.6374E-03
  0.662  0.4981E-03
  0.672  0.3851E-03
  0.682  0.2946E-03
  0.692  0.2229E-03
  0.702  0.1669E-03
  0.712  0.1236E-03
  0.722  0.9061E-04
  0.732  0.6571E-04
  0.742  0.4714E-04
  0.752  0.3346E-04
  0.762  0.2349E-04
  0.772  0.1632E-04
  0.782  0.1122E-04
  0.792  0.7630E-05
  0.802  0.5133E-05
  0.812  0.3417E-05
  0.822  0.2250E-05
  0.832  0.1466E-05
  0.842  0.9451E-06
