 -5.548  0.4558E-06
 -5.538  0.7046E-06
 -5.528  0.1078E-05
 -5.518  0.1631E-05
 -5.508  0.2441E-05
 -5.498  0.3614E-05
 -5.488  0.5295E-05
 -5.478  0.7674E-05
 -5.468  0.1100E-04
 -5.458  0.1561E-04
 -5.448  0.2190E-04
 -5.438  0.3041E-04
 -5.428  0.4177E-04
 -5.418  0.5677E-04
 -5.408  0.7633E-04
 -5.398  0.1016E-03
 -5.388  0.1337E-03
 -5.378  0.1742E-03
 -5.368  0.2245E-03
 -5.358  0.2864E-03
 -5.348  0.3615E-03
 -5.338  0.4518E-03
 -5.328  0.5588E-03
 -5.318  0.6842E-03
 -5.308  0.8295E-03
 -5.298  0.9959E-03
 -5.288  0.1184E-02
 -5.278  0.1395E-02
 -5.268  0.1628E-02
 -5.258  0.1883E-02
 -5.248  0.2159E-02
 -5.238  0.2456E-02
 -5.228  0.2771E-02
 -5.218  0.3103E-02
 -5.208  0.3452E-02
 -5.198  0.3814E-02
 -5.188  0.4190E-02
 -5.178  0.4579E-02
 -5.168  0.4979E-02
 -5.158  0.5392E-02
 -5.148  0.5818E-02
 -5.138  0.6258E-02
 -5.128  0.6713E-02
 -5.118  0.7185E-02
 -5.108  0.7673E-02
 -5.098  0.8179E-02
 -5.088  0.8703E-02
 -5.078  0.9242E-02
 -5.068  0.9796E-02
 -5.058  0.1036E-01
 -5.048  0.1093E-01
 -5.038  0.1150E-01
 -5.028  0.1207E-01
 -5.018  0.1263E-01
 -5.008  0.1317E-01
 -4.998  0.1368E-01
 -4.988  0.1417E-01
 -4.978  0.1463E-01
 -4.968  0.1505E-01
 -4.958  0.1543E-01
 -4.948  0.1576E-01
 -4.938  0.1606E-01
 -4.928  0.1632E-01
 -4.918  0.1654E-01
 -4.908  0.1673E-01
 -4.898  0.1689E-01
 -4.888  0.1701E-01
 -4.878  0.1711E-01
 -4.868  0.1718E-01
 -4.858  0.1723E-01
 -4.848  0.1724E-01
 -4.838  0.1724E-01
 -4.828  0.1719E-01
 -4.818  0.1712E-01
 -4.808  0.1700E-01
 -4.798  0.1683E-01
 -4.788  0.1661E-01
 -4.778  0.1634E-01
 -4.768  0.1600E-01
 -4.758  0.1559E-01
 -4.748  0.1512E-01
 -4.738  0.1458E-01
 -4.728  0.1397E-01
 -4.718  0.1330E-01
 -4.708  0.1257E-01
 -4.698  0.1179E-01
 -4.688  0.1098E-01
 -4.678  0.1014E-01
 -4.668  0.9286E-02
 -4.658  0.8430E-02
 -4.648  0.7585E-02
 -4.638  0.6763E-02
 -4.628  0.5974E-02
 -4.618  0.5227E-02
 -4.608  0.4529E-02
 -4.598  0.3886E-02
 -4.588  0.3302E-02
 -4.578  0.2777E-02
 -4.568  0.2312E-02
 -4.558  0.1906E-02
 -4.548  0.1554E-02
 -4.538  0.1255E-02
 -4.528  0.1003E-02
 -4.518  0.7928E-03
 -4.508  0.6203E-03
 -4.498  0.4802E-03
 -4.488  0.3679E-03
 -4.478  0.2788E-03
 -4.468  0.2091E-03
 -4.458  0.1552E-03
 -4.448  0.1139E-03
 -4.438  0.8274E-04
 -4.428  0.5946E-04
 -4.418  0.4227E-04
 -4.408  0.2974E-04
 -4.398  0.2069E-04
 -4.388  0.1424E-04
 -4.378  0.9702E-05
 -4.368  0.6537E-05
 -4.358  0.4357E-05
 -4.348  0.2873E-05
 -4.338  0.1874E-05
 -4.328  0.1210E-05
 -4.318  0.7723E-06
 -4.308  0.4878E-06
 -4.298  0.3048E-06
 -4.288  0.1884E-06
 -4.278  0.1152E-06
 -4.268  0.6969E-07
 -4.258  0.4170E-07
 -4.248  0.2469E-07
 -4.238  0.1446E-07
 -4.228  0.8377E-08
 -4.218  0.4801E-08
 -4.208  0.2722E-08
 -4.198  0.1527E-08
 -4.188  0.8472E-09
 -4.178  0.4650E-09
 -4.168  0.2525E-09
 -4.158  0.1356E-09
 -4.148  0.7208E-10
 -4.138  0.3789E-10
 -4.128  0.1971E-10
 -4.118  0.1014E-10
 -4.108  0.5159E-11
 -4.098  0.2598E-11
 -4.088  0.1294E-11
 -4.078  0.6374E-12
 -4.068  0.3107E-12
 -4.058  0.1498E-12
 -4.048  0.7146E-13
 -4.038  0.3372E-13
 -4.028  0.1574E-13
 -4.018  0.7268E-14
 -4.008  0.3320E-14
 -3.998  0.1500E-14
 -3.988  0.6708E-15
 -3.978  0.2966E-15
 -3.968  0.1298E-15
 -3.958  0.5617E-16
 -3.948  0.2405E-16
 -3.938  0.1019E-16
 -3.928  0.4268E-17
 -3.918  0.1769E-17
 -3.908  0.7253E-18
 -3.898  0.2942E-18
 -3.888  0.1181E-18
 -3.878  0.4687E-19
 -3.868  0.1840E-19
 -3.858  0.7150E-20
 -3.848  0.2748E-20
 -3.838  0.1045E-20
 -3.828  0.3928E-21
 -3.818  0.1462E-21
 -3.808  0.5379E-22
 -3.798  0.1959E-22
 -3.788  0.7054E-23
 -3.778  0.2513E-23
 -3.768  0.8860E-24
 -3.758  0.3089E-24
 -3.748  0.1066E-24
 -3.738  0.3636E-25
 -3.728  0.1228E-25
 -3.718  0.4099E-26
 -3.708  0.1354E-26
 -3.698  0.4426E-27
 -3.688  0.1431E-27
 -3.678  0.4576E-28
 -3.668  0.1448E-28
 -3.658  0.4531E-29
 -3.648  0.1403E-29
 -3.638  0.4297E-30
 -3.628  0.1302E-30
 -3.618  0.3903E-31
 -3.608  0.1157E-31
 -3.598  0.3395E-32
 -3.588  0.9852E-33
 -3.578  0.2828E-33
 -3.568  0.8032E-34
 -3.558  0.2256E-34
 -3.548  0.6271E-35
 -3.538  0.1724E-35
 -3.528  0.4689E-36
 -3.518  0.1262E-36
 -3.508  0.3358E-37
 -3.498  0.8841E-38
 -3.488  0.2303E-38
 -3.478  0.5934E-39
 -3.468  0.1512E-39
 -3.458  0.3814E-40
 -3.448  0.9514E-41
 -3.438  0.2348E-41
 -3.428  0.5731E-42
 -3.418  0.1384E-42
 -3.408  0.3307E-43
 -3.398  0.7815E-44
 -3.388  0.1827E-44
 -3.378  0.4226E-45
 -3.368  0.9669E-46
 -3.358  0.2188E-46
 -3.348  0.4900E-47
 -3.338  0.1085E-47
 -3.328  0.2378E-48
 -3.318  0.5155E-49
 -3.308  0.1106E-49
 -3.298  0.2345E-50
 -3.288  0.4922E-51
 -3.278  0.1022E-51
 -3.268  0.2098E-52
 -3.258  0.4263E-53
 -3.248  0.8568E-54
 -3.238  0.1703E-54
 -3.228  0.3350E-55
 -3.218  0.6519E-56
 -3.208  0.1255E-56
 -3.198  0.2389E-57
 -3.188  0.4500E-58
 -3.178  0.8386E-59
 -3.168  0.1546E-59
 -3.158  0.2819E-60
 -3.148  0.5085E-61
 -3.138  0.9075E-62
 -3.128  0.1602E-62
 -3.118  0.2798E-63
 -3.108  0.4834E-64
 -3.098  0.8262E-65
 -3.088  0.1397E-65
 -3.078  0.2336E-66
 -3.068  0.3866E-67
 -3.058  0.6327E-68
 -3.048  0.1025E-68
 -3.038  0.1641E-69
 -3.028  0.2601E-70
 -3.018  0.4077E-71
 -3.008  0.6322E-72
 -2.998  0.9722E-73
 -2.988  0.1628E-73
 -2.978  0.1255E-73
 -2.968  0.6816E-73
 -2.958  0.4401E-72
 -2.948  0.2825E-71
 -2.938  0.1793E-70
 -2.928  0.1126E-69
 -2.918  0.6999E-69
 -2.908  0.4302E-68
 -2.898  0.2616E-67
 -2.888  0.1574E-66
 -2.878  0.9365E-66
 -2.868  0.5513E-65
 -2.858  0.3211E-64
 -2.848  0.1850E-63
 -2.838  0.1054E-62
 -2.828  0.5943E-62
 -2.818  0.3315E-61
 -2.808  0.1829E-60
 -2.798  0.9982E-60
 -2.788  0.5390E-59
 -2.778  0.2879E-58
 -2.768  0.1521E-57
 -2.758  0.7952E-57
 -2.748  0.4112E-56
 -2.738  0.2104E-55
 -2.728  0.1064E-54
 -2.718  0.5329E-54
 -2.708  0.2639E-53
 -2.698  0.1293E-52
 -2.688  0.6266E-52
 -2.678  0.3004E-51
 -2.668  0.1425E-50
 -2.658  0.6685E-50
 -2.648  0.3103E-49
 -2.638  0.1425E-48
 -2.628  0.6472E-48
 -2.618  0.2908E-47
 -2.608  0.1293E-46
 -2.598  0.5685E-46
 -2.588  0.2473E-45
 -2.578  0.1064E-44
 -2.568  0.4530E-44
 -2.558  0.1908E-43
 -2.548  0.7949E-43
 -2.538  0.3276E-42
 -2.528  0.1336E-41
 -2.518  0.5387E-41
 -2.508  0.2149E-40
 -2.498  0.8484E-40
 -2.488  0.3313E-39
 -2.478  0.1280E-38
 -2.468  0.4890E-38
 -2.458  0.1848E-37
 -2.448  0.6912E-37
 -2.438  0.2557E-36
 -2.428  0.9358E-36
 -2.418  0.3388E-35
 -2.408  0.1213E-34
 -2.398  0.4298E-34
 -2.388  0.1506E-33
 -2.378  0.5223E-33
 -2.368  0.1791E-32
 -2.358  0.6079E-32
 -2.348  0.2040E-31
 -2.338  0.6775E-31
 -2.328  0.2225E-30
 -2.318  0.7231E-30
 -2.308  0.2325E-29
 -2.298  0.7392E-29
 -2.288  0.2326E-28
 -2.278  0.7237E-28
 -2.268  0.2228E-27
 -2.258  0.6786E-27
 -2.248  0.2044E-26
 -2.238  0.6093E-26
 -2.228  0.1797E-25
 -2.218  0.5240E-25
 -2.208  0.1512E-24
 -2.198  0.4316E-24
 -2.188  0.1219E-23
 -2.178  0.3404E-23
 -2.168  0.9407E-23
 -2.158  0.2572E-22
 -2.148  0.6954E-22
 -2.138  0.1860E-21
 -2.128  0.4924E-21
 -2.118  0.1289E-20
 -2.108  0.3338E-20
 -2.098  0.8553E-20
 -2.088  0.2168E-19
 -2.078  0.5436E-19
 -2.068  0.1348E-18
 -2.058  0.3308E-18
 -2.048  0.8031E-18
 -2.038  0.1928E-17
 -2.028  0.4581E-17
 -2.018  0.1077E-16
 -2.008  0.2503E-16
 -1.998  0.5756E-16
 -1.988  0.1309E-15
 -1.978  0.2947E-15
 -1.968  0.6562E-15
 -1.958  0.1445E-14
 -1.948  0.3149E-14
 -1.938  0.6788E-14
 -1.928  0.1448E-13
 -1.918  0.3054E-13
 -1.908  0.6373E-13
 -1.898  0.1316E-12
 -1.888  0.2687E-12
 -1.878  0.5429E-12
 -1.868  0.1085E-11
 -1.858  0.2146E-11
 -1.848  0.4197E-11
 -1.838  0.8122E-11
 -1.828  0.1555E-10
 -1.818  0.2945E-10
 -1.808  0.5518E-10
 -1.798  0.1023E-09
 -1.788  0.1876E-09
 -1.778  0.3403E-09
 -1.768  0.6107E-09
 -1.758  0.1084E-08
 -1.748  0.1905E-08
 -1.738  0.3311E-08
 -1.728  0.5694E-08
 -1.718  0.9687E-08
 -1.708  0.1631E-07
 -1.698  0.2716E-07
 -1.688  0.4475E-07
 -1.678  0.7296E-07
 -1.668  0.1177E-06
 -1.658  0.1879E-06
 -1.648  0.2967E-06
 -1.638  0.4638E-06
 -1.628  0.7174E-06
 -1.618  0.1098E-05
 -1.608  0.1663E-05
 -1.598  0.2494E-05
 -1.588  0.3700E-05
 -1.578  0.5435E-05
 -1.568  0.7901E-05
 -1.558  0.1137E-04
 -1.548  0.1620E-04
 -1.538  0.2286E-04
 -1.528  0.3192E-04
 -1.518  0.4416E-04
 -1.508  0.6049E-04
 -1.498  0.8208E-04
 -1.488  0.1103E-03
 -1.478  0.1469E-03
 -1.468  0.1938E-03
 -1.458  0.2534E-03
 -1.448  0.3283E-03
 -1.438  0.4218E-03
 -1.428  0.5371E-03
 -1.418  0.6781E-03
 -1.408  0.8491E-03
 -1.398  0.1055E-02
 -1.388  0.1299E-02
 -1.378  0.1588E-02
 -1.368  0.1925E-02
 -1.358  0.2317E-02
 -1.348  0.2766E-02
 -1.338  0.3279E-02
 -1.328  0.3857E-02
 -1.318  0.4503E-02
 -1.308  0.5218E-02
 -1.298  0.6002E-02
 -1.288  0.6851E-02
 -1.278  0.7762E-02
 -1.268  0.8727E-02
 -1.258  0.9736E-02
 -1.248  0.1078E-01
 -1.238  0.1183E-01
 -1.228  0.1289E-01
 -1.218  0.1393E-01
 -1.208  0.1492E-01
 -1.198  0.1585E-01
 -1.188  0.1669E-01
 -1.178  0.1742E-01
 -1.168  0.1802E-01
 -1.158  0.1847E-01
 -1.148  0.1876E-01
 -1.138  0.1888E-01
 -1.128  0.1882E-01
 -1.118  0.1858E-01
 -1.108  0.1817E-01
 -1.098  0.1759E-01
 -1.088  0.1687E-01
 -1.078  0.1601E-01
 -1.068  0.1505E-01
 -1.058  0.1400E-01
 -1.048  0.1289E-01
 -1.038  0.1175E-01
 -1.028  0.1060E-01
 -1.018  0.9469E-02
 -1.008  0.8370E-02
 -0.998  0.7324E-02
 -0.988  0.6343E-02
 -0.978  0.5440E-02
 -0.968  0.4621E-02
 -0.958  0.3890E-02
 -0.948  0.3250E-02
 -0.938  0.2699E-02
 -0.928  0.2234E-02
 -0.918  0.1853E-02
 -0.908  0.1552E-02
 -0.898  0.1326E-02
 -0.888  0.1171E-02
 -0.878  0.1084E-02
 -0.868  0.1062E-02
 -0.858  0.1104E-02
 -0.848  0.1210E-02
 -0.838  0.1379E-02
 -0.828  0.1612E-02
 -0.818  0.1910E-02
 -0.808  0.2274E-02
 -0.798  0.2705E-02
 -0.788  0.3202E-02
 -0.778  0.3765E-02
 -0.768  0.4391E-02
 -0.758  0.5074E-02
 -0.748  0.5810E-02
 -0.738  0.6590E-02
 -0.728  0.7403E-02
 -0.718  0.8239E-02
 -0.708  0.9085E-02
 -0.698  0.9928E-02
 -0.688  0.1076E-01
 -0.678  0.1156E-01
 -0.668  0.1233E-01
 -0.658  0.1306E-01
 -0.648  0.1374E-01
 -0.638  0.1438E-01
 -0.628  0.1498E-01
 -0.618  0.1556E-01
 -0.608  0.1611E-01
 -0.598  0.1667E-01
 -0.588  0.1724E-01
 -0.578  0.1785E-01
 -0.568  0.1851E-01
 -0.558  0.1923E-01
 -0.548  0.2004E-01
 -0.538  0.2094E-01
 -0.528  0.2192E-01
 -0.518  0.2299E-01
 -0.508  0.2414E-01
 -0.498  0.2533E-01
 -0.488  0.2655E-01
 -0.478  0.2777E-01
 -0.468  0.2894E-01
 -0.458  0.3004E-01
 -0.448  0.3101E-01
 -0.438  0.3184E-01
 -0.428  0.3247E-01
 -0.418  0.3289E-01
 -0.408  0.3307E-01
 -0.398  0.3300E-01
 -0.388  0.3268E-01
 -0.378  0.3211E-01
 -0.368  0.3130E-01
 -0.358  0.3028E-01
 -0.348  0.2908E-01
 -0.338  0.2772E-01
 -0.328  0.2626E-01
 -0.318  0.2473E-01
 -0.308  0.2316E-01
 -0.298  0.2160E-01
 -0.288  0.2007E-01
 -0.278  0.1861E-01
 -0.268  0.1725E-01
 -0.258  0.1598E-01
 -0.248  0.1484E-01
 -0.238  0.1381E-01
 -0.228  0.1291E-01
 -0.218  0.1211E-01
 -0.208  0.1141E-01
 -0.198  0.1080E-01
 -0.188  0.1026E-01
 -0.178  0.9778E-02
 -0.168  0.9333E-02
 -0.158  0.8914E-02
 -0.148  0.8511E-02
 -0.138  0.8115E-02
 -0.128  0.7722E-02
 -0.118  0.7331E-02
 -0.108  0.6942E-02
 -0.098  0.6561E-02
 -0.088  0.6195E-02
 -0.078  0.5853E-02
 -0.068  0.5544E-02
 -0.058  0.5281E-02
 -0.048  0.5074E-02
 -0.038  0.4933E-02
 -0.028  0.4868E-02
 -0.018  0.4887E-02
 -0.008  0.4995E-02
  0.002  0.5196E-02
  0.012  0.5492E-02
  0.022  0.5881E-02
  0.032  0.6359E-02
  0.042  0.6921E-02
  0.052  0.7558E-02
  0.062  0.8260E-02
  0.072  0.9013E-02
  0.082  0.9805E-02
  0.092  0.1062E-01
  0.102  0.1144E-01
  0.112  0.1225E-01
  0.122  0.1304E-01
  0.132  0.1378E-01
  0.142  0.1447E-01
  0.152  0.1509E-01
  0.162  0.1562E-01
  0.172  0.1606E-01
  0.182  0.1641E-01
  0.192  0.1664E-01
  0.202  0.1677E-01
  0.212  0.1679E-01
  0.222  0.1671E-01
  0.232  0.1653E-01
  0.242  0.1626E-01
  0.252  0.1591E-01
  0.262  0.1550E-01
  0.272  0.1504E-01
  0.282  0.1454E-01
  0.292  0.1401E-01
  0.302  0.1348E-01
  0.312  0.1294E-01
  0.322  0.1242E-01
  0.332  0.1191E-01
  0.342  0.1143E-01
  0.352  0.1098E-01
  0.362  0.1055E-01
  0.372  0.1015E-01
  0.382  0.9762E-02
  0.392  0.9391E-02
  0.402  0.9028E-02
  0.412  0.8666E-02
  0.422  0.8299E-02
  0.432  0.7923E-02
  0.442  0.7534E-02
  0.452  0.7128E-02
  0.462  0.6706E-02
  0.472  0.6269E-02
  0.482  0.5820E-02
  0.492  0.5361E-02
  0.502  0.4899E-02
  0.512  0.4439E-02
  0.522  0.3986E-02
  0.532  0.3547E-02
  0.542  0.3126E-02
  0.552  0.2729E-02
  0.562  0.2359E-02
  0.572  0.2019E-02
  0.582  0.1711E-02
  0.592  0.1435E-02
  0.602  0.1191E-02
  0.612  0.9784E-03
  0.622  0.7954E-03
  0.632  0.6399E-03
  0.642  0.5095E-03
  0.652  0.4013E-03
  0.662  0.3128E-03
  0.672  0.2413E-03
  0.682  0.1842E-03
  0.692  0.1391E-03
  0.702  0.1039E-03
  0.712  0.7680E-04
  0.722  0.5617E-04
  0.732  0.4065E-04
  0.742  0.2910E-04
  0.752  0.2062E-04
  0.762  0.1445E-04
  0.772  0.1002E-04
  0.782  0.6874E-05
  0.792  0.4666E-05
  0.802  0.3133E-05
  0.812  0.2082E-05
  0.822  0.1369E-05
  0.832  0.8901E-06
  0.842  0.5728E-06
