 -5.548  0.4048E-07
 -5.538  0.6259E-07
 -5.528  0.9574E-07
 -5.518  0.1449E-06
 -5.508  0.2169E-06
 -5.498  0.3212E-06
 -5.488  0.4706E-06
 -5.478  0.6822E-06
 -5.468  0.9783E-06
 -5.458  0.1388E-05
 -5.448  0.1948E-05
 -5.438  0.2706E-05
 -5.428  0.3719E-05
 -5.418  0.5057E-05
 -5.408  0.6804E-05
 -5.398  0.9058E-05
 -5.388  0.1194E-04
 -5.378  0.1556E-04
 -5.368  0.2008E-04
 -5.358  0.2566E-04
 -5.348  0.3245E-04
 -5.338  0.4062E-04
 -5.328  0.5036E-04
 -5.318  0.6183E-04
 -5.308  0.7520E-04
 -5.298  0.9062E-04
 -5.288  0.1082E-03
 -5.278  0.1281E-03
 -5.268  0.1504E-03
 -5.258  0.1751E-03
 -5.248  0.2024E-03
 -5.238  0.2322E-03
 -5.228  0.2647E-03
 -5.218  0.2999E-03
 -5.208  0.3378E-03
 -5.198  0.3786E-03
 -5.188  0.4224E-03
 -5.178  0.4694E-03
 -5.168  0.5197E-03
 -5.158  0.5736E-03
 -5.148  0.6314E-03
 -5.138  0.6931E-03
 -5.128  0.7589E-03
 -5.118  0.8290E-03
 -5.108  0.9032E-03
 -5.098  0.9814E-03
 -5.088  0.1063E-02
 -5.078  0.1148E-02
 -5.068  0.1236E-02
 -5.058  0.1325E-02
 -5.048  0.1415E-02
 -5.038  0.1504E-02
 -5.028  0.1591E-02
 -5.018  0.1675E-02
 -5.008  0.1755E-02
 -4.998  0.1830E-02
 -4.988  0.1898E-02
 -4.978  0.1959E-02
 -4.968  0.2013E-02
 -4.958  0.2058E-02
 -4.948  0.2094E-02
 -4.938  0.2123E-02
 -4.928  0.2143E-02
 -4.918  0.2155E-02
 -4.908  0.2160E-02
 -4.898  0.2158E-02
 -4.888  0.2150E-02
 -4.878  0.2137E-02
 -4.868  0.2119E-02
 -4.858  0.2096E-02
 -4.848  0.2069E-02
 -4.838  0.2038E-02
 -4.828  0.2004E-02
 -4.818  0.1966E-02
 -4.808  0.1924E-02
 -4.798  0.1878E-02
 -4.788  0.1829E-02
 -4.778  0.1775E-02
 -4.768  0.1716E-02
 -4.758  0.1652E-02
 -4.748  0.1584E-02
 -4.738  0.1512E-02
 -4.728  0.1435E-02
 -4.718  0.1353E-02
 -4.708  0.1269E-02
 -4.698  0.1182E-02
 -4.688  0.1093E-02
 -4.678  0.1004E-02
 -4.668  0.9141E-03
 -4.658  0.8259E-03
 -4.648  0.7399E-03
 -4.638  0.6572E-03
 -4.628  0.5786E-03
 -4.618  0.5047E-03
 -4.608  0.4362E-03
 -4.598  0.3734E-03
 -4.588  0.3166E-03
 -4.578  0.2658E-03
 -4.568  0.2210E-03
 -4.558  0.1818E-03
 -4.548  0.1482E-03
 -4.538  0.1195E-03
 -4.528  0.9537E-04
 -4.518  0.7535E-04
 -4.508  0.5891E-04
 -4.498  0.4558E-04
 -4.488  0.3490E-04
 -4.478  0.2644E-04
 -4.468  0.1982E-04
 -4.458  0.1470E-04
 -4.448  0.1079E-04
 -4.438  0.7834E-05
 -4.428  0.5628E-05
 -4.418  0.4001E-05
 -4.408  0.2813E-05
 -4.398  0.1957E-05
 -4.388  0.1347E-05
 -4.378  0.9175E-06
 -4.368  0.6181E-06
 -4.358  0.4120E-06
 -4.348  0.2716E-06
 -4.338  0.1772E-06
 -4.328  0.1144E-06
 -4.318  0.7300E-07
 -4.308  0.4611E-07
 -4.298  0.2881E-07
 -4.288  0.1781E-07
 -4.278  0.1089E-07
 -4.268  0.6586E-08
 -4.258  0.3941E-08
 -4.248  0.2333E-08
 -4.238  0.1366E-08
 -4.228  0.7916E-09
 -4.218  0.4537E-09
 -4.208  0.2572E-09
 -4.198  0.1443E-09
 -4.188  0.8005E-10
 -4.178  0.4394E-10
 -4.168  0.2386E-10
 -4.158  0.1282E-10
 -4.148  0.6811E-11
 -4.138  0.3580E-11
 -4.128  0.1862E-11
 -4.118  0.9579E-12
 -4.108  0.4875E-12
 -4.098  0.2454E-12
 -4.088  0.1222E-12
 -4.078  0.6023E-13
 -4.068  0.2936E-13
 -4.058  0.1415E-13
 -4.048  0.6752E-14
 -4.038  0.3186E-14
 -4.028  0.1487E-14
 -4.018  0.6867E-15
 -4.008  0.3137E-15
 -3.998  0.1418E-15
 -3.988  0.6338E-16
 -3.978  0.2803E-16
 -3.968  0.1226E-16
 -3.958  0.5307E-17
 -3.948  0.2272E-17
 -3.938  0.9624E-18
 -3.928  0.4032E-18
 -3.918  0.1671E-18
 -3.908  0.6853E-19
 -3.898  0.2780E-19
 -3.888  0.1116E-19
 -3.878  0.4428E-20
 -3.868  0.1739E-20
 -3.858  0.6755E-21
 -3.848  0.2596E-21
 -3.838  0.9869E-22
 -3.828  0.3712E-22
 -3.818  0.1381E-22
 -3.808  0.5082E-23
 -3.798  0.1850E-23
 -3.788  0.6665E-24
 -3.778  0.2375E-24
 -3.768  0.8371E-25
 -3.758  0.2919E-25
 -3.748  0.1007E-25
 -3.738  0.3436E-26
 -3.728  0.1160E-26
 -3.718  0.3873E-27
 -3.708  0.1280E-27
 -3.698  0.4182E-28
 -3.688  0.1352E-28
 -3.678  0.4324E-29
 -3.668  0.1368E-29
 -3.658  0.4281E-30
 -3.648  0.1326E-30
 -3.638  0.4060E-31
 -3.628  0.1230E-31
 -3.618  0.3688E-32
 -3.608  0.1093E-32
 -3.598  0.3208E-33
 -3.588  0.9308E-34
 -3.578  0.2672E-34
 -3.568  0.7588E-35
 -3.558  0.2132E-35
 -3.548  0.5925E-36
 -3.538  0.1629E-36
 -3.528  0.4430E-37
 -3.518  0.1192E-37
 -3.508  0.3172E-38
 -3.498  0.8353E-39
 -3.488  0.2176E-39
 -3.478  0.5606E-40
 -3.468  0.1429E-40
 -3.458  0.3603E-41
 -3.448  0.8989E-42
 -3.438  0.2218E-42
 -3.428  0.5415E-43
 -3.418  0.1308E-43
 -3.408  0.3124E-44
 -3.398  0.7384E-45
 -3.388  0.1726E-45
 -3.378  0.3993E-46
 -3.368  0.9135E-47
 -3.358  0.2068E-47
 -3.348  0.4630E-48
 -3.338  0.1025E-48
 -3.328  0.2247E-49
 -3.318  0.4871E-50
 -3.308  0.1044E-50
 -3.298  0.2216E-51
 -3.288  0.4650E-52
 -3.278  0.9653E-53
 -3.268  0.1982E-53
 -3.258  0.4028E-54
 -3.248  0.8094E-55
 -3.238  0.1609E-55
 -3.228  0.3165E-56
 -3.218  0.6159E-57
 -3.208  0.1185E-57
 -3.198  0.2257E-58
 -3.188  0.4252E-59
 -3.178  0.7922E-60
 -3.168  0.1460E-60
 -3.158  0.2663E-61
 -3.148  0.4804E-62
 -3.138  0.8574E-63
 -3.128  0.1514E-63
 -3.118  0.2643E-64
 -3.108  0.4567E-65
 -3.098  0.7805E-66
 -3.088  0.1320E-66
 -3.078  0.2207E-67
 -3.068  0.3652E-68
 -3.058  0.5978E-69
 -3.048  0.9680E-70
 -3.038  0.1551E-70
 -3.028  0.2457E-71
 -3.018  0.3852E-72
 -3.008  0.5973E-73
 -2.998  0.9191E-74
 -2.988  0.1582E-74
 -2.978  0.1478E-74
 -2.968  0.8357E-74
 -2.958  0.5402E-73
 -2.948  0.3467E-72
 -2.938  0.2201E-71
 -2.928  0.1383E-70
 -2.918  0.8592E-70
 -2.908  0.5281E-69
 -2.898  0.3211E-68
 -2.888  0.1932E-67
 -2.878  0.1150E-66
 -2.868  0.6768E-66
 -2.858  0.3941E-65
 -2.848  0.2271E-64
 -2.838  0.1294E-63
 -2.828  0.7296E-63
 -2.818  0.4069E-62
 -2.808  0.2245E-61
 -2.798  0.1225E-60
 -2.788  0.6616E-60
 -2.778  0.3534E-59
 -2.768  0.1867E-58
 -2.758  0.9761E-58
 -2.748  0.5048E-57
 -2.738  0.2582E-56
 -2.728  0.1307E-55
 -2.718  0.6541E-55
 -2.708  0.3239E-54
 -2.698  0.1587E-53
 -2.688  0.7692E-53
 -2.678  0.3688E-52
 -2.668  0.1749E-51
 -2.658  0.8206E-51
 -2.648  0.3809E-50
 -2.638  0.1749E-49
 -2.628  0.7944E-49
 -2.618  0.3570E-48
 -2.608  0.1587E-47
 -2.598  0.6978E-47
 -2.588  0.3035E-46
 -2.578  0.1306E-45
 -2.568  0.5561E-45
 -2.558  0.2342E-44
 -2.548  0.9757E-44
 -2.538  0.4021E-43
 -2.528  0.1640E-42
 -2.518  0.6613E-42
 -2.508  0.2638E-41
 -2.498  0.1041E-40
 -2.488  0.4066E-40
 -2.478  0.1571E-39
 -2.468  0.6002E-39
 -2.458  0.2269E-38
 -2.448  0.8485E-38
 -2.438  0.3139E-37
 -2.428  0.1149E-36
 -2.418  0.4158E-36
 -2.408  0.1489E-35
 -2.398  0.5276E-35
 -2.388  0.1849E-34
 -2.378  0.6411E-34
 -2.368  0.2199E-33
 -2.358  0.7461E-33
 -2.348  0.2504E-32
 -2.338  0.8316E-32
 -2.328  0.2732E-31
 -2.318  0.8877E-31
 -2.308  0.2853E-30
 -2.298  0.9074E-30
 -2.288  0.2855E-29
 -2.278  0.8884E-29
 -2.268  0.2735E-28
 -2.258  0.8329E-28
 -2.248  0.2510E-27
 -2.238  0.7480E-27
 -2.228  0.2205E-26
 -2.218  0.6432E-26
 -2.208  0.1856E-25
 -2.198  0.5298E-25
 -2.188  0.1496E-24
 -2.178  0.4179E-24
 -2.168  0.1155E-23
 -2.158  0.3157E-23
 -2.148  0.8536E-23
 -2.138  0.2284E-22
 -2.128  0.6044E-22
 -2.118  0.1582E-21
 -2.108  0.4098E-21
 -2.098  0.1050E-20
 -2.088  0.2661E-20
 -2.078  0.6673E-20
 -2.068  0.1655E-19
 -2.058  0.4061E-19
 -2.048  0.9858E-19
 -2.038  0.2367E-18
 -2.028  0.5623E-18
 -2.018  0.1322E-17
 -2.008  0.3072E-17
 -1.998  0.7065E-17
 -1.988  0.1607E-16
 -1.978  0.3618E-16
 -1.968  0.8055E-16
 -1.958  0.1774E-15
 -1.948  0.3866E-15
 -1.938  0.8333E-15
 -1.928  0.1777E-14
 -1.918  0.3749E-14
 -1.908  0.7823E-14
 -1.898  0.1615E-13
 -1.888  0.3299E-13
 -1.878  0.6665E-13
 -1.868  0.1332E-12
 -1.858  0.2634E-12
 -1.848  0.5153E-12
 -1.838  0.9972E-12
 -1.828  0.1909E-11
 -1.818  0.3616E-11
 -1.808  0.6775E-11
 -1.798  0.1256E-10
 -1.788  0.2303E-10
 -1.778  0.4179E-10
 -1.768  0.7501E-10
 -1.758  0.1332E-09
 -1.748  0.2340E-09
 -1.738  0.4068E-09
 -1.728  0.6995E-09
 -1.718  0.1190E-08
 -1.708  0.2004E-08
 -1.698  0.3337E-08
 -1.688  0.5500E-08
 -1.678  0.8968E-08
 -1.668  0.1447E-07
 -1.658  0.2310E-07
 -1.648  0.3650E-07
 -1.638  0.5706E-07
 -1.628  0.8828E-07
 -1.618  0.1352E-06
 -1.608  0.2048E-06
 -1.598  0.3072E-06
 -1.588  0.4560E-06
 -1.578  0.6700E-06
 -1.568  0.9746E-06
 -1.558  0.1403E-05
 -1.548  0.2001E-05
 -1.538  0.2824E-05
 -1.528  0.3948E-05
 -1.518  0.5465E-05
 -1.508  0.7493E-05
 -1.498  0.1018E-04
 -1.488  0.1369E-04
 -1.478  0.1825E-04
 -1.468  0.2411E-04
 -1.458  0.3157E-04
 -1.448  0.4096E-04
 -1.438  0.5270E-04
 -1.428  0.6722E-04
 -1.418  0.8502E-04
 -1.408  0.1066E-03
 -1.398  0.1327E-03
 -1.388  0.1638E-03
 -1.378  0.2006E-03
 -1.368  0.2438E-03
 -1.358  0.2940E-03
 -1.348  0.3519E-03
 -1.338  0.4181E-03
 -1.328  0.4929E-03
 -1.318  0.5769E-03
 -1.308  0.6700E-03
 -1.298  0.7724E-03
 -1.288  0.8838E-03
 -1.278  0.1003E-02
 -1.268  0.1131E-02
 -1.258  0.1264E-02
 -1.248  0.1402E-02
 -1.238  0.1542E-02
 -1.228  0.1683E-02
 -1.218  0.1821E-02
 -1.208  0.1954E-02
 -1.198  0.2079E-02
 -1.188  0.2192E-02
 -1.178  0.2291E-02
 -1.168  0.2373E-02
 -1.158  0.2435E-02
 -1.148  0.2475E-02
 -1.138  0.2493E-02
 -1.128  0.2487E-02
 -1.118  0.2457E-02
 -1.108  0.2404E-02
 -1.098  0.2329E-02
 -1.088  0.2234E-02
 -1.078  0.2122E-02
 -1.068  0.1995E-02
 -1.058  0.1856E-02
 -1.048  0.1710E-02
 -1.038  0.1559E-02
 -1.028  0.1407E-02
 -1.018  0.1257E-02
 -1.008  0.1112E-02
 -0.998  0.9730E-03
 -0.988  0.8431E-03
 -0.978  0.7235E-03
 -0.968  0.6152E-03
 -0.958  0.5187E-03
 -0.948  0.4344E-03
 -0.938  0.3622E-03
 -0.928  0.3020E-03
 -0.918  0.2533E-03
 -0.908  0.2158E-03
 -0.898  0.1890E-03
 -0.888  0.1726E-03
 -0.878  0.1665E-03
 -0.868  0.1704E-03
 -0.858  0.1845E-03
 -0.848  0.2090E-03
 -0.838  0.2441E-03
 -0.828  0.2903E-03
 -0.818  0.3480E-03
 -0.808  0.4176E-03
 -0.798  0.4994E-03
 -0.788  0.5936E-03
 -0.778  0.7000E-03
 -0.768  0.8184E-03
 -0.758  0.9480E-03
 -0.748  0.1088E-02
 -0.738  0.1236E-02
 -0.728  0.1392E-02
 -0.718  0.1553E-02
 -0.708  0.1716E-02
 -0.698  0.1880E-02
 -0.688  0.2041E-02
 -0.678  0.2199E-02
 -0.668  0.2351E-02
 -0.658  0.2495E-02
 -0.648  0.2632E-02
 -0.638  0.2760E-02
 -0.628  0.2880E-02
 -0.618  0.2995E-02
 -0.608  0.3104E-02
 -0.598  0.3213E-02
 -0.588  0.3322E-02
 -0.578  0.3435E-02
 -0.568  0.3555E-02
 -0.558  0.3685E-02
 -0.548  0.3827E-02
 -0.538  0.3982E-02
 -0.528  0.4151E-02
 -0.518  0.4331E-02
 -0.508  0.4522E-02
 -0.498  0.4719E-02
 -0.488  0.4918E-02
 -0.478  0.5113E-02
 -0.468  0.5299E-02
 -0.458  0.5468E-02
 -0.448  0.5614E-02
 -0.438  0.5730E-02
 -0.428  0.5811E-02
 -0.418  0.5852E-02
 -0.408  0.5850E-02
 -0.398  0.5802E-02
 -0.388  0.5710E-02
 -0.378  0.5573E-02
 -0.368  0.5394E-02
 -0.358  0.5179E-02
 -0.348  0.4932E-02
 -0.338  0.4660E-02
 -0.328  0.4369E-02
 -0.318  0.4067E-02
 -0.308  0.3761E-02
 -0.298  0.3457E-02
 -0.288  0.3161E-02
 -0.278  0.2879E-02
 -0.268  0.2614E-02
 -0.258  0.2369E-02
 -0.248  0.2146E-02
 -0.238  0.1946E-02
 -0.228  0.1769E-02
 -0.218  0.1615E-02
 -0.208  0.1480E-02
 -0.198  0.1364E-02
 -0.188  0.1264E-02
 -0.178  0.1177E-02
 -0.168  0.1101E-02
 -0.158  0.1035E-02
 -0.148  0.9758E-03
 -0.138  0.9226E-03
 -0.128  0.8742E-03
 -0.118  0.8303E-03
 -0.108  0.7909E-03
 -0.098  0.7564E-03
 -0.088  0.7277E-03
 -0.078  0.7060E-03
 -0.068  0.6927E-03
 -0.058  0.6893E-03
 -0.048  0.6975E-03
 -0.038  0.7189E-03
 -0.028  0.7551E-03
 -0.018  0.8074E-03
 -0.008  0.8768E-03
  0.002  0.9642E-03
  0.012  0.1070E-02
  0.022  0.1194E-02
  0.032  0.1335E-02
  0.042  0.1494E-02
  0.052  0.1668E-02
  0.062  0.1856E-02
  0.072  0.2054E-02
  0.082  0.2261E-02
  0.092  0.2474E-02
  0.102  0.2689E-02
  0.112  0.2902E-02
  0.122  0.3109E-02
  0.132  0.3308E-02
  0.142  0.3494E-02
  0.152  0.3663E-02
  0.162  0.3813E-02
  0.172  0.3941E-02
  0.182  0.4044E-02
  0.192  0.4122E-02
  0.202  0.4172E-02
  0.212  0.4195E-02
  0.222  0.4191E-02
  0.232  0.4161E-02
  0.242  0.4108E-02
  0.252  0.4035E-02
  0.262  0.3943E-02
  0.272  0.3838E-02
  0.282  0.3721E-02
  0.292  0.3598E-02
  0.302  0.3471E-02
  0.312  0.3344E-02
  0.322  0.3220E-02
  0.332  0.3099E-02
  0.342  0.2985E-02
  0.352  0.2877E-02
  0.362  0.2775E-02
  0.372  0.2679E-02
  0.382  0.2587E-02
  0.392  0.2499E-02
  0.402  0.2412E-02
  0.412  0.2324E-02
  0.422  0.2234E-02
  0.432  0.2141E-02
  0.442  0.2043E-02
  0.452  0.1940E-02
  0.462  0.1831E-02
  0.472  0.1717E-02
  0.482  0.1599E-02
  0.492  0.1477E-02
  0.502  0.1353E-02
  0.512  0.1229E-02
  0.522  0.1107E-02
  0.532  0.9872E-03
  0.542  0.8722E-03
  0.552  0.7631E-03
  0.562  0.6611E-03
  0.572  0.5670E-03
  0.582  0.4814E-03
  0.592  0.4046E-03
  0.602  0.3365E-03
  0.612  0.2770E-03
  0.622  0.2256E-03
  0.632  0.1819E-03
  0.642  0.1451E-03
  0.652  0.1145E-03
  0.662  0.8940E-04
  0.672  0.6908E-04
  0.682  0.5281E-04
  0.692  0.3995E-04
  0.702  0.2990E-04
  0.712  0.2214E-04
  0.722  0.1622E-04
  0.732  0.1176E-04
  0.742  0.8433E-05
  0.752  0.5983E-05
  0.762  0.4200E-05
  0.772  0.2917E-05
  0.782  0.2005E-05
  0.792  0.1363E-05
  0.802  0.9167E-06
  0.812  0.6100E-06
  0.822  0.4016E-06
  0.832  0.2616E-06
  0.842  0.1686E-06
