 -5.548  0.3547E-09
 -5.538  0.5492E-09
 -5.528  0.8415E-09
 -5.518  0.1276E-08
 -5.508  0.1915E-08
 -5.498  0.2843E-08
 -5.488  0.4180E-08
 -5.478  0.6083E-08
 -5.468  0.8763E-08
 -5.458  0.1250E-07
 -5.448  0.1766E-07
 -5.438  0.2472E-07
 -5.428  0.3427E-07
 -5.418  0.4709E-07
 -5.408  0.6413E-07
 -5.398  0.8662E-07
 -5.388  0.1160E-06
 -5.378  0.1543E-06
 -5.368  0.2036E-06
 -5.358  0.2668E-06
 -5.348  0.3475E-06
 -5.338  0.4500E-06
 -5.328  0.5795E-06
 -5.318  0.7427E-06
 -5.308  0.9476E-06
 -5.298  0.1204E-05
 -5.288  0.1525E-05
 -5.278  0.1924E-05
 -5.268  0.2421E-05
 -5.258  0.3036E-05
 -5.248  0.3795E-05
 -5.238  0.4731E-05
 -5.228  0.5878E-05
 -5.218  0.7278E-05
 -5.208  0.8983E-05
 -5.198  0.1105E-04
 -5.188  0.1354E-04
 -5.178  0.1655E-04
 -5.168  0.2016E-04
 -5.158  0.2450E-04
 -5.148  0.2972E-04
 -5.138  0.3603E-04
 -5.128  0.4371E-04
 -5.118  0.5312E-04
 -5.108  0.6477E-04
 -5.098  0.7936E-04
 -5.088  0.9782E-04
 -5.078  0.1214E-03
 -5.068  0.1518E-03
 -5.058  0.1912E-03
 -5.048  0.2425E-03
 -5.038  0.3092E-03
 -5.028  0.3958E-03
 -5.018  0.5077E-03
 -5.008  0.6516E-03
 -4.998  0.8351E-03
 -4.988  0.1067E-02
 -4.978  0.1357E-02
 -4.968  0.1717E-02
 -4.958  0.2157E-02
 -4.948  0.2690E-02
 -4.938  0.3326E-02
 -4.928  0.4077E-02
 -4.918  0.4952E-02
 -4.908  0.5956E-02
 -4.898  0.7095E-02
 -4.888  0.8366E-02
 -4.878  0.9764E-02
 -4.868  0.1128E-01
 -4.858  0.1289E-01
 -4.848  0.1458E-01
 -4.838  0.1632E-01
 -4.828  0.1807E-01
 -4.818  0.1979E-01
 -4.808  0.2145E-01
 -4.798  0.2301E-01
 -4.788  0.2440E-01
 -4.778  0.2561E-01
 -4.768  0.2659E-01
 -4.758  0.2731E-01
 -4.748  0.2775E-01
 -4.738  0.2789E-01
 -4.728  0.2774E-01
 -4.718  0.2728E-01
 -4.708  0.2655E-01
 -4.698  0.2556E-01
 -4.688  0.2434E-01
 -4.678  0.2293E-01
 -4.668  0.2137E-01
 -4.658  0.1971E-01
 -4.648  0.1797E-01
 -4.638  0.1622E-01
 -4.628  0.1447E-01
 -4.618  0.1278E-01
 -4.608  0.1116E-01
 -4.598  0.9647E-02
 -4.588  0.8247E-02
 -4.578  0.6974E-02
 -4.568  0.5834E-02
 -4.558  0.4828E-02
 -4.548  0.3953E-02
 -4.538  0.3201E-02
 -4.528  0.2565E-02
 -4.518  0.2033E-02
 -4.508  0.1594E-02
 -4.498  0.1236E-02
 -4.488  0.9485E-03
 -4.478  0.7199E-03
 -4.468  0.5406E-03
 -4.458  0.4016E-03
 -4.448  0.2951E-03
 -4.438  0.2145E-03
 -4.428  0.1543E-03
 -4.418  0.1097E-03
 -4.408  0.7723E-04
 -4.398  0.5377E-04
 -4.388  0.3703E-04
 -4.378  0.2523E-04
 -4.368  0.1701E-04
 -4.358  0.1134E-04
 -4.348  0.7479E-05
 -4.338  0.4880E-05
 -4.328  0.3150E-05
 -4.318  0.2011E-05
 -4.308  0.1271E-05
 -4.298  0.7940E-06
 -4.288  0.4908E-06
 -4.278  0.3002E-06
 -4.268  0.1816E-06
 -4.258  0.1087E-06
 -4.248  0.6434E-07
 -4.238  0.3768E-07
 -4.228  0.2183E-07
 -4.218  0.1251E-07
 -4.208  0.7095E-08
 -4.198  0.3980E-08
 -4.188  0.2208E-08
 -4.178  0.1212E-08
 -4.168  0.6583E-09
 -4.158  0.3536E-09
 -4.148  0.1879E-09
 -4.138  0.9879E-10
 -4.128  0.5137E-10
 -4.118  0.2643E-10
 -4.108  0.1345E-10
 -4.098  0.6772E-11
 -4.088  0.3373E-11
 -4.078  0.1662E-11
 -4.068  0.8100E-12
 -4.058  0.3906E-12
 -4.048  0.1863E-12
 -4.038  0.8791E-13
 -4.028  0.4104E-13
 -4.018  0.1895E-13
 -4.008  0.8657E-14
 -3.998  0.3912E-14
 -3.988  0.1749E-14
 -3.978  0.7734E-15
 -3.968  0.3384E-15
 -3.958  0.1465E-15
 -3.948  0.6270E-16
 -3.938  0.2656E-16
 -3.928  0.1113E-16
 -3.918  0.4612E-17
 -3.908  0.1891E-17
 -3.898  0.7671E-18
 -3.888  0.3078E-18
 -3.878  0.1222E-18
 -3.868  0.4799E-19
 -3.858  0.1864E-19
 -3.848  0.7164E-20
 -3.838  0.2723E-20
 -3.828  0.1024E-20
 -3.818  0.3811E-21
 -3.808  0.1403E-21
 -3.798  0.5107E-22
 -3.788  0.1839E-22
 -3.778  0.6553E-23
 -3.768  0.2310E-23
 -3.758  0.8055E-24
 -3.748  0.2778E-24
 -3.738  0.9481E-25
 -3.728  0.3201E-25
 -3.718  0.1069E-25
 -3.708  0.3531E-26
 -3.698  0.1154E-26
 -3.688  0.3731E-27
 -3.678  0.1193E-27
 -3.668  0.3775E-28
 -3.658  0.1181E-28
 -3.648  0.3658E-29
 -3.638  0.1120E-29
 -3.628  0.3395E-30
 -3.618  0.1018E-30
 -3.608  0.3018E-31
 -3.598  0.8852E-32
 -3.588  0.2569E-32
 -3.578  0.7374E-33
 -3.568  0.2094E-33
 -3.558  0.5883E-34
 -3.548  0.1635E-34
 -3.538  0.4495E-35
 -3.528  0.1223E-35
 -3.518  0.3289E-36
 -3.508  0.8755E-37
 -3.498  0.2305E-37
 -3.488  0.6004E-38
 -3.478  0.1547E-38
 -3.468  0.3944E-39
 -3.458  0.9944E-40
 -3.448  0.2481E-40
 -3.438  0.6122E-41
 -3.428  0.1494E-41
 -3.418  0.3609E-42
 -3.408  0.8622E-43
 -3.398  0.2038E-43
 -3.388  0.4764E-44
 -3.378  0.1102E-44
 -3.368  0.2521E-45
 -3.358  0.5706E-46
 -3.348  0.1278E-46
 -3.338  0.2830E-47
 -3.328  0.6201E-48
 -3.318  0.1344E-48
 -3.308  0.2883E-49
 -3.298  0.6115E-50
 -3.288  0.1283E-50
 -3.278  0.2664E-51
 -3.268  0.5471E-52
 -3.258  0.1112E-52
 -3.248  0.2234E-53
 -3.238  0.4441E-54
 -3.228  0.8736E-55
 -3.218  0.1700E-55
 -3.208  0.3272E-56
 -3.198  0.6229E-57
 -3.188  0.1173E-57
 -3.178  0.2186E-58
 -3.168  0.4031E-59
 -3.158  0.7350E-60
 -3.148  0.1326E-60
 -3.138  0.2366E-61
 -3.128  0.4177E-62
 -3.118  0.7295E-63
 -3.108  0.1260E-63
 -3.098  0.2154E-64
 -3.088  0.3642E-65
 -3.078  0.6092E-66
 -3.068  0.1008E-66
 -3.058  0.1650E-67
 -3.048  0.2672E-68
 -3.038  0.4279E-69
 -3.028  0.6781E-70
 -3.018  0.1063E-70
 -3.008  0.1649E-71
 -2.998  0.2538E-72
 -2.988  0.4429E-73
 -2.978  0.4493E-73
 -2.968  0.2577E-72
 -2.958  0.1667E-71
 -2.948  0.1070E-70
 -2.938  0.6792E-70
 -2.928  0.4266E-69
 -2.918  0.2651E-68
 -2.908  0.1629E-67
 -2.898  0.9908E-67
 -2.888  0.5960E-66
 -2.878  0.3547E-65
 -2.868  0.2088E-64
 -2.858  0.1216E-63
 -2.848  0.7005E-63
 -2.838  0.3992E-62
 -2.828  0.2251E-61
 -2.818  0.1255E-60
 -2.808  0.6926E-60
 -2.798  0.3780E-59
 -2.788  0.2041E-58
 -2.778  0.1090E-57
 -2.768  0.5761E-57
 -2.758  0.3011E-56
 -2.748  0.1557E-55
 -2.738  0.7966E-55
 -2.728  0.4031E-54
 -2.718  0.2018E-53
 -2.708  0.9994E-53
 -2.698  0.4896E-52
 -2.688  0.2373E-51
 -2.678  0.1138E-50
 -2.668  0.5396E-50
 -2.658  0.2532E-49
 -2.648  0.1175E-48
 -2.638  0.5396E-48
 -2.628  0.2451E-47
 -2.618  0.1101E-46
 -2.608  0.4896E-46
 -2.598  0.2153E-45
 -2.588  0.9365E-45
 -2.578  0.4030E-44
 -2.568  0.1716E-43
 -2.558  0.7226E-43
 -2.548  0.3010E-42
 -2.538  0.1241E-41
 -2.528  0.5058E-41
 -2.518  0.2040E-40
 -2.508  0.8140E-40
 -2.498  0.3213E-39
 -2.488  0.1255E-38
 -2.478  0.4846E-38
 -2.468  0.1852E-37
 -2.458  0.7000E-37
 -2.448  0.2618E-36
 -2.438  0.9683E-36
 -2.428  0.3544E-35
 -2.418  0.1283E-34
 -2.408  0.4595E-34
 -2.398  0.1628E-33
 -2.388  0.5705E-33
 -2.378  0.1978E-32
 -2.368  0.6784E-32
 -2.358  0.2302E-31
 -2.348  0.7727E-31
 -2.338  0.2566E-30
 -2.328  0.8428E-30
 -2.318  0.2739E-29
 -2.308  0.8803E-29
 -2.298  0.2799E-28
 -2.288  0.8807E-28
 -2.278  0.2741E-27
 -2.268  0.8438E-27
 -2.258  0.2570E-26
 -2.248  0.7742E-26
 -2.238  0.2308E-25
 -2.228  0.6803E-25
 -2.218  0.1984E-24
 -2.208  0.5726E-24
 -2.198  0.1634E-23
 -2.188  0.4615E-23
 -2.178  0.1289E-22
 -2.168  0.3562E-22
 -2.158  0.9738E-22
 -2.148  0.2633E-21
 -2.138  0.7045E-21
 -2.128  0.1864E-20
 -2.118  0.4881E-20
 -2.108  0.1264E-19
 -2.098  0.3239E-19
 -2.088  0.8209E-19
 -2.078  0.2058E-18
 -2.068  0.5105E-18
 -2.058  0.1253E-17
 -2.048  0.3041E-17
 -2.038  0.7302E-17
 -2.028  0.1734E-16
 -2.018  0.4076E-16
 -2.008  0.9475E-16
 -1.998  0.2179E-15
 -1.988  0.4957E-15
 -1.978  0.1116E-14
 -1.968  0.2484E-14
 -1.958  0.5471E-14
 -1.948  0.1192E-13
 -1.938  0.2569E-13
 -1.928  0.5478E-13
 -1.918  0.1156E-12
 -1.908  0.2411E-12
 -1.898  0.4977E-12
 -1.888  0.1016E-11
 -1.878  0.2053E-11
 -1.868  0.4104E-11
 -1.858  0.8113E-11
 -1.848  0.1587E-10
 -1.838  0.3070E-10
 -1.828  0.5876E-10
 -1.818  0.1113E-09
 -1.808  0.2084E-09
 -1.798  0.3862E-09
 -1.788  0.7079E-09
 -1.778  0.1284E-08
 -1.768  0.2303E-08
 -1.758  0.4088E-08
 -1.748  0.7177E-08
 -1.738  0.1247E-07
 -1.728  0.2142E-07
 -1.718  0.3641E-07
 -1.708  0.6124E-07
 -1.698  0.1019E-06
 -1.688  0.1677E-06
 -1.678  0.2731E-06
 -1.668  0.4399E-06
 -1.658  0.7011E-06
 -1.648  0.1105E-05
 -1.638  0.1724E-05
 -1.628  0.2661E-05
 -1.618  0.4063E-05
 -1.608  0.6138E-05
 -1.598  0.9174E-05
 -1.588  0.1357E-04
 -1.578  0.1985E-04
 -1.568  0.2873E-04
 -1.558  0.4116E-04
 -1.548  0.5833E-04
 -1.538  0.8181E-04
 -1.528  0.1135E-03
 -1.518  0.1559E-03
 -1.508  0.2119E-03
 -1.498  0.2849E-03
 -1.488  0.3792E-03
 -1.478  0.4996E-03
 -1.468  0.6514E-03
 -1.458  0.8406E-03
 -1.448  0.1074E-02
 -1.438  0.1358E-02
 -1.428  0.1700E-02
 -1.418  0.2108E-02
 -1.408  0.2587E-02
 -1.398  0.3145E-02
 -1.388  0.3786E-02
 -1.378  0.4515E-02
 -1.368  0.5332E-02
 -1.358  0.6240E-02
 -1.348  0.7234E-02
 -1.338  0.8311E-02
 -1.328  0.9463E-02
 -1.318  0.1068E-01
 -1.308  0.1195E-01
 -1.298  0.1326E-01
 -1.288  0.1458E-01
 -1.278  0.1591E-01
 -1.268  0.1721E-01
 -1.258  0.1847E-01
 -1.248  0.1967E-01
 -1.238  0.2078E-01
 -1.228  0.2178E-01
 -1.218  0.2265E-01
 -1.208  0.2338E-01
 -1.198  0.2395E-01
 -1.188  0.2434E-01
 -1.178  0.2455E-01
 -1.168  0.2458E-01
 -1.158  0.2441E-01
 -1.148  0.2405E-01
 -1.138  0.2351E-01
 -1.128  0.2280E-01
 -1.118  0.2193E-01
 -1.108  0.2093E-01
 -1.098  0.1980E-01
 -1.088  0.1857E-01
 -1.078  0.1727E-01
 -1.068  0.1592E-01
 -1.058  0.1455E-01
 -1.048  0.1317E-01
 -1.038  0.1182E-01
 -1.028  0.1051E-01
 -1.018  0.9251E-02
 -1.008  0.8069E-02
 -0.998  0.6971E-02
 -0.988  0.5964E-02
 -0.978  0.5053E-02
 -0.968  0.4239E-02
 -0.958  0.3521E-02
 -0.948  0.2895E-02
 -0.938  0.2358E-02
 -0.928  0.1901E-02
 -0.918  0.1518E-02
 -0.908  0.1202E-02
 -0.898  0.9432E-03
 -0.888  0.7356E-03
 -0.878  0.5718E-03
 -0.868  0.4453E-03
 -0.858  0.3504E-03
 -0.848  0.2823E-03
 -0.838  0.2371E-03
 -0.828  0.2116E-03
 -0.818  0.2035E-03
 -0.808  0.2110E-03
 -0.798  0.2332E-03
 -0.788  0.2695E-03
 -0.778  0.3197E-03
 -0.768  0.3840E-03
 -0.758  0.4626E-03
 -0.748  0.5559E-03
 -0.738  0.6641E-03
 -0.728  0.7875E-03
 -0.718  0.9259E-03
 -0.708  0.1079E-02
 -0.698  0.1246E-02
 -0.688  0.1426E-02
 -0.678  0.1618E-02
 -0.668  0.1821E-02
 -0.658  0.2034E-02
 -0.648  0.2255E-02
 -0.638  0.2484E-02
 -0.628  0.2722E-02
 -0.618  0.2969E-02
 -0.608  0.3228E-02
 -0.598  0.3503E-02
 -0.588  0.3800E-02
 -0.578  0.4125E-02
 -0.568  0.4489E-02
 -0.558  0.4900E-02
 -0.548  0.5371E-02
 -0.538  0.5914E-02
 -0.528  0.6540E-02
 -0.518  0.7263E-02
 -0.508  0.8091E-02
 -0.498  0.9032E-02
 -0.488  0.1009E-01
 -0.478  0.1127E-01
 -0.468  0.1255E-01
 -0.458  0.1394E-01
 -0.448  0.1541E-01
 -0.438  0.1694E-01
 -0.428  0.1850E-01
 -0.418  0.2006E-01
 -0.408  0.2158E-01
 -0.398  0.2303E-01
 -0.388  0.2435E-01
 -0.378  0.2552E-01
 -0.368  0.2650E-01
 -0.358  0.2724E-01
 -0.348  0.2774E-01
 -0.338  0.2797E-01
 -0.328  0.2792E-01
 -0.318  0.2760E-01
 -0.308  0.2701E-01
 -0.298  0.2616E-01
 -0.288  0.2510E-01
 -0.278  0.2383E-01
 -0.268  0.2241E-01
 -0.258  0.2087E-01
 -0.248  0.1926E-01
 -0.238  0.1760E-01
 -0.228  0.1594E-01
 -0.218  0.1431E-01
 -0.208  0.1274E-01
 -0.198  0.1126E-01
 -0.188  0.9887E-02
 -0.178  0.8629E-02
 -0.168  0.7501E-02
 -0.158  0.6507E-02
 -0.148  0.5650E-02
 -0.138  0.4930E-02
 -0.128  0.4346E-02
 -0.118  0.3896E-02
 -0.108  0.3578E-02
 -0.098  0.3391E-02
 -0.088  0.3332E-02
 -0.078  0.3403E-02
 -0.068  0.3605E-02
 -0.058  0.3939E-02
 -0.048  0.4406E-02
 -0.038  0.5008E-02
 -0.028  0.5744E-02
 -0.018  0.6611E-02
 -0.008  0.7605E-02
  0.002  0.8717E-02
  0.012  0.9934E-02
  0.022  0.1124E-01
  0.032  0.1261E-01
  0.042  0.1403E-01
  0.052  0.1545E-01
  0.062  0.1686E-01
  0.072  0.1821E-01
  0.082  0.1948E-01
  0.092  0.2062E-01
  0.102  0.2161E-01
  0.112  0.2242E-01
  0.122  0.2303E-01
  0.132  0.2342E-01
  0.142  0.2359E-01
  0.152  0.2354E-01
  0.162  0.2327E-01
  0.172  0.2280E-01
  0.182  0.2216E-01
  0.192  0.2138E-01
  0.202  0.2048E-01
  0.212  0.1952E-01
  0.222  0.1852E-01
  0.232  0.1753E-01
  0.242  0.1658E-01
  0.252  0.1571E-01
  0.262  0.1495E-01
  0.272  0.1431E-01
  0.282  0.1383E-01
  0.292  0.1349E-01
  0.302  0.1332E-01
  0.312  0.1330E-01
  0.322  0.1341E-01
  0.332  0.1365E-01
  0.342  0.1398E-01
  0.352  0.1438E-01
  0.362  0.1481E-01
  0.372  0.1525E-01
  0.382  0.1566E-01
  0.392  0.1602E-01
  0.402  0.1629E-01
  0.412  0.1645E-01
  0.422  0.1649E-01
  0.432  0.1639E-01
  0.442  0.1615E-01
  0.452  0.1576E-01
  0.462  0.1523E-01
  0.472  0.1458E-01
  0.482  0.1381E-01
  0.492  0.1295E-01
  0.502  0.1202E-01
  0.512  0.1104E-01
  0.522  0.1003E-01
  0.532  0.9023E-02
  0.542  0.8030E-02
  0.552  0.7070E-02
  0.562  0.6160E-02
  0.572  0.5310E-02
  0.582  0.4528E-02
  0.592  0.3821E-02
  0.602  0.3190E-02
  0.612  0.2635E-02
  0.622  0.2153E-02
  0.632  0.1741E-02
  0.642  0.1392E-02
  0.652  0.1102E-02
  0.662  0.8628E-03
  0.672  0.6683E-03
  0.682  0.5122E-03
  0.692  0.3883E-03
  0.702  0.2913E-03
  0.712  0.2162E-03
  0.722  0.1587E-03
  0.732  0.1153E-03
  0.742  0.8287E-04
  0.752  0.5892E-04
  0.762  0.4145E-04
  0.772  0.2884E-04
  0.782  0.1986E-04
  0.792  0.1353E-04
  0.802  0.9117E-05
  0.812  0.6078E-05
  0.822  0.4009E-05
  0.832  0.2616E-05
  0.842  0.1689E-05
