 -5.548  0.1232E-09
 -5.538  0.1906E-09
 -5.528  0.2918E-09
 -5.518  0.4419E-09
 -5.508  0.6623E-09
 -5.498  0.9822E-09
 -5.488  0.1441E-08
 -5.478  0.2093E-08
 -5.468  0.3008E-08
 -5.458  0.4279E-08
 -5.448  0.6025E-08
 -5.438  0.8399E-08
 -5.428  0.1159E-07
 -5.418  0.1584E-07
 -5.408  0.2144E-07
 -5.398  0.2874E-07
 -5.388  0.3818E-07
 -5.378  0.5026E-07
 -5.368  0.6560E-07
 -5.358  0.8490E-07
 -5.348  0.1090E-06
 -5.338  0.1389E-06
 -5.328  0.1757E-06
 -5.318  0.2208E-06
 -5.308  0.2759E-06
 -5.298  0.3426E-06
 -5.288  0.4234E-06
 -5.278  0.5209E-06
 -5.268  0.6384E-06
 -5.258  0.7796E-06
 -5.248  0.9495E-06
 -5.238  0.1154E-05
 -5.228  0.1399E-05
 -5.218  0.1695E-05
 -5.208  0.2052E-05
 -5.198  0.2483E-05
 -5.188  0.3008E-05
 -5.178  0.3650E-05
 -5.168  0.4442E-05
 -5.158  0.5426E-05
 -5.148  0.6664E-05
 -5.138  0.8240E-05
 -5.128  0.1027E-04
 -5.118  0.1292E-04
 -5.108  0.1642E-04
 -5.098  0.2107E-04
 -5.088  0.2729E-04
 -5.078  0.3565E-04
 -5.068  0.4688E-04
 -5.058  0.6195E-04
 -5.048  0.8210E-04
 -5.038  0.1089E-03
 -5.028  0.1442E-03
 -5.018  0.1905E-03
 -5.008  0.2505E-03
 -4.998  0.3274E-03
 -4.988  0.4251E-03
 -4.978  0.5478E-03
 -4.968  0.7000E-03
 -4.958  0.8866E-03
 -4.948  0.1112E-02
 -4.938  0.1383E-02
 -4.928  0.1701E-02
 -4.918  0.2072E-02
 -4.908  0.2499E-02
 -4.898  0.2981E-02
 -4.888  0.3520E-02
 -4.878  0.4113E-02
 -4.868  0.4755E-02
 -4.858  0.5439E-02
 -4.848  0.6155E-02
 -4.838  0.6891E-02
 -4.828  0.7632E-02
 -4.818  0.8363E-02
 -4.808  0.9066E-02
 -4.798  0.9722E-02
 -4.788  0.1031E-01
 -4.778  0.1083E-01
 -4.768  0.1124E-01
 -4.758  0.1155E-01
 -4.748  0.1173E-01
 -4.738  0.1179E-01
 -4.728  0.1173E-01
 -4.718  0.1154E-01
 -4.708  0.1123E-01
 -4.698  0.1081E-01
 -4.688  0.1029E-01
 -4.678  0.9696E-02
 -4.668  0.9037E-02
 -4.658  0.8332E-02
 -4.648  0.7599E-02
 -4.638  0.6857E-02
 -4.628  0.6120E-02
 -4.618  0.5404E-02
 -4.608  0.4720E-02
 -4.598  0.4079E-02
 -4.588  0.3487E-02
 -4.578  0.2949E-02
 -4.568  0.2467E-02
 -4.558  0.2041E-02
 -4.548  0.1671E-02
 -4.538  0.1353E-02
 -4.528  0.1084E-02
 -4.518  0.8595E-03
 -4.508  0.6739E-03
 -4.498  0.5227E-03
 -4.488  0.4010E-03
 -4.478  0.3044E-03
 -4.468  0.2286E-03
 -4.458  0.1698E-03
 -4.448  0.1248E-03
 -4.438  0.9070E-04
 -4.428  0.6523E-04
 -4.418  0.4640E-04
 -4.408  0.3266E-04
 -4.398  0.2273E-04
 -4.388  0.1566E-04
 -4.378  0.1067E-04
 -4.368  0.7190E-05
 -4.358  0.4794E-05
 -4.348  0.3162E-05
 -4.338  0.2063E-05
 -4.328  0.1332E-05
 -4.318  0.8504E-06
 -4.308  0.5372E-06
 -4.298  0.3357E-06
 -4.288  0.2075E-06
 -4.278  0.1269E-06
 -4.268  0.7678E-07
 -4.258  0.4595E-07
 -4.248  0.2720E-07
 -4.238  0.1593E-07
 -4.228  0.9232E-08
 -4.218  0.5291E-08
 -4.208  0.3000E-08
 -4.198  0.1683E-08
 -4.188  0.9337E-09
 -4.178  0.5126E-09
 -4.168  0.2783E-09
 -4.158  0.1495E-09
 -4.148  0.7945E-10
 -4.138  0.4177E-10
 -4.128  0.2172E-10
 -4.118  0.1118E-10
 -4.108  0.5688E-11
 -4.098  0.2863E-11
 -4.088  0.1426E-11
 -4.078  0.7027E-12
 -4.068  0.3425E-12
 -4.058  0.1651E-12
 -4.048  0.7877E-13
 -4.038  0.3717E-13
 -4.028  0.1735E-13
 -4.018  0.8012E-14
 -4.008  0.3660E-14
 -3.998  0.1654E-14
 -3.988  0.7395E-15
 -3.978  0.3270E-15
 -3.968  0.1431E-15
 -3.958  0.6192E-16
 -3.948  0.2651E-16
 -3.938  0.1123E-16
 -3.928  0.4705E-17
 -3.918  0.1950E-17
 -3.908  0.7996E-18
 -3.898  0.3244E-18
 -3.888  0.1302E-18
 -3.878  0.5167E-19
 -3.868  0.2029E-19
 -3.858  0.7882E-20
 -3.848  0.3029E-20
 -3.838  0.1152E-20
 -3.828  0.4331E-21
 -3.818  0.1611E-21
 -3.808  0.5930E-22
 -3.798  0.2159E-22
 -3.788  0.7777E-23
 -3.778  0.2771E-23
 -3.768  0.9767E-24
 -3.758  0.3406E-24
 -3.748  0.1175E-24
 -3.738  0.4009E-25
 -3.728  0.1353E-25
 -3.718  0.4519E-26
 -3.708  0.1493E-26
 -3.698  0.4879E-27
 -3.688  0.1577E-27
 -3.678  0.5045E-28
 -3.668  0.1596E-28
 -3.658  0.4996E-29
 -3.648  0.1547E-29
 -3.638  0.4738E-30
 -3.628  0.1436E-30
 -3.618  0.4303E-31
 -3.608  0.1276E-31
 -3.598  0.3743E-32
 -3.588  0.1086E-32
 -3.578  0.3118E-33
 -3.568  0.8854E-34
 -3.558  0.2487E-34
 -3.548  0.6913E-35
 -3.538  0.1901E-35
 -3.528  0.5169E-36
 -3.518  0.1391E-36
 -3.508  0.3702E-37
 -3.498  0.9747E-38
 -3.488  0.2539E-38
 -3.478  0.6541E-39
 -3.468  0.1667E-39
 -3.458  0.4205E-40
 -3.448  0.1049E-40
 -3.438  0.2588E-41
 -3.428  0.6319E-42
 -3.418  0.1526E-42
 -3.408  0.3646E-43
 -3.398  0.8616E-44
 -3.388  0.2014E-44
 -3.378  0.4659E-45
 -3.368  0.1066E-45
 -3.358  0.2413E-46
 -3.348  0.5402E-47
 -3.338  0.1197E-47
 -3.328  0.2622E-48
 -3.318  0.5684E-49
 -3.308  0.1219E-49
 -3.298  0.2586E-50
 -3.288  0.5426E-51
 -3.278  0.1126E-51
 -3.268  0.2313E-52
 -3.258  0.4700E-53
 -3.248  0.9445E-54
 -3.238  0.1878E-54
 -3.228  0.3694E-55
 -3.218  0.7187E-56
 -3.208  0.1383E-56
 -3.198  0.2634E-57
 -3.188  0.4961E-58
 -3.178  0.9245E-59
 -3.168  0.1704E-59
 -3.158  0.3108E-60
 -3.148  0.5606E-61
 -3.138  0.1000E-61
 -3.128  0.1766E-62
 -3.118  0.3085E-63
 -3.108  0.5329E-64
 -3.098  0.9108E-65
 -3.088  0.1540E-65
 -3.078  0.2576E-66
 -3.068  0.4262E-67
 -3.058  0.6976E-68
 -3.048  0.1130E-68
 -3.038  0.1809E-69
 -3.028  0.2867E-70
 -3.018  0.4495E-71
 -3.008  0.6971E-72
 -2.998  0.1074E-72
 -2.988  0.1929E-73
 -2.978  0.2273E-73
 -2.968  0.1335E-72
 -2.958  0.8636E-72
 -2.948  0.5543E-71
 -2.938  0.3519E-70
 -2.928  0.2211E-69
 -2.918  0.1374E-68
 -2.908  0.8443E-68
 -2.898  0.5134E-67
 -2.888  0.3088E-66
 -2.878  0.1838E-65
 -2.868  0.1082E-64
 -2.858  0.6301E-64
 -2.848  0.3630E-63
 -2.838  0.2069E-62
 -2.828  0.1166E-61
 -2.818  0.6505E-61
 -2.808  0.3589E-60
 -2.798  0.1959E-59
 -2.788  0.1058E-58
 -2.778  0.5650E-58
 -2.768  0.2985E-57
 -2.758  0.1560E-56
 -2.748  0.8069E-56
 -2.738  0.4128E-55
 -2.728  0.2089E-54
 -2.718  0.1046E-53
 -2.708  0.5179E-53
 -2.698  0.2537E-52
 -2.688  0.1230E-51
 -2.678  0.5895E-51
 -2.668  0.2796E-50
 -2.658  0.1312E-49
 -2.648  0.6089E-49
 -2.638  0.2796E-48
 -2.628  0.1270E-47
 -2.618  0.5707E-47
 -2.608  0.2537E-46
 -2.598  0.1116E-45
 -2.588  0.4853E-45
 -2.578  0.2088E-44
 -2.568  0.8890E-44
 -2.558  0.3744E-43
 -2.548  0.1560E-42
 -2.538  0.6429E-42
 -2.528  0.2621E-41
 -2.518  0.1057E-40
 -2.508  0.4218E-40
 -2.498  0.1665E-39
 -2.488  0.6501E-39
 -2.478  0.2511E-38
 -2.468  0.9595E-38
 -2.458  0.3627E-37
 -2.448  0.1356E-36
 -2.438  0.5018E-36
 -2.428  0.1836E-35
 -2.418  0.6648E-35
 -2.408  0.2381E-34
 -2.398  0.8435E-34
 -2.388  0.2956E-33
 -2.378  0.1025E-32
 -2.368  0.3516E-32
 -2.358  0.1193E-31
 -2.348  0.4004E-31
 -2.338  0.1329E-30
 -2.328  0.4367E-30
 -2.318  0.1419E-29
 -2.308  0.4562E-29
 -2.298  0.1451E-28
 -2.288  0.4564E-28
 -2.278  0.1420E-27
 -2.268  0.4372E-27
 -2.258  0.1332E-26
 -2.248  0.4012E-26
 -2.238  0.1196E-25
 -2.228  0.3525E-25
 -2.218  0.1028E-24
 -2.208  0.2967E-24
 -2.198  0.8469E-24
 -2.188  0.2391E-23
 -2.178  0.6680E-23
 -2.168  0.1846E-22
 -2.158  0.5046E-22
 -2.148  0.1365E-21
 -2.138  0.3651E-21
 -2.128  0.9661E-21
 -2.118  0.2529E-20
 -2.108  0.6551E-20
 -2.098  0.1678E-19
 -2.088  0.4254E-19
 -2.078  0.1067E-18
 -2.068  0.2645E-18
 -2.058  0.6491E-18
 -2.048  0.1576E-17
 -2.038  0.3783E-17
 -2.028  0.8988E-17
 -2.018  0.2112E-16
 -2.008  0.4910E-16
 -1.998  0.1129E-15
 -1.988  0.2569E-15
 -1.978  0.5781E-15
 -1.968  0.1287E-14
 -1.958  0.2835E-14
 -1.948  0.6176E-14
 -1.938  0.1331E-13
 -1.928  0.2838E-13
 -1.918  0.5987E-13
 -1.908  0.1249E-12
 -1.898  0.2579E-12
 -1.888  0.5266E-12
 -1.878  0.1064E-11
 -1.868  0.2126E-11
 -1.858  0.4203E-11
 -1.848  0.8220E-11
 -1.838  0.1590E-10
 -1.828  0.3044E-10
 -1.818  0.5764E-10
 -1.808  0.1080E-09
 -1.798  0.2000E-09
 -1.788  0.3667E-09
 -1.778  0.6650E-09
 -1.768  0.1193E-08
 -1.758  0.2117E-08
 -1.748  0.3717E-08
 -1.738  0.6455E-08
 -1.728  0.1109E-07
 -1.718  0.1885E-07
 -1.708  0.3170E-07
 -1.698  0.5274E-07
 -1.688  0.8680E-07
 -1.678  0.1413E-06
 -1.668  0.2276E-06
 -1.658  0.3627E-06
 -1.648  0.5718E-06
 -1.638  0.8917E-06
 -1.628  0.1376E-05
 -1.618  0.2100E-05
 -1.608  0.3172E-05
 -1.598  0.4739E-05
 -1.588  0.7005E-05
 -1.578  0.1024E-04
 -1.568  0.1482E-04
 -1.558  0.2122E-04
 -1.548  0.3006E-04
 -1.538  0.4213E-04
 -1.528  0.5843E-04
 -1.518  0.8018E-04
 -1.508  0.1089E-03
 -1.498  0.1463E-03
 -1.488  0.1945E-03
 -1.478  0.2559E-03
 -1.468  0.3331E-03
 -1.458  0.4293E-03
 -1.448  0.5475E-03
 -1.438  0.6912E-03
 -1.428  0.8637E-03
 -1.418  0.1068E-02
 -1.408  0.1308E-02
 -1.398  0.1586E-02
 -1.388  0.1903E-02
 -1.378  0.2262E-02
 -1.368  0.2663E-02
 -1.358  0.3104E-02
 -1.348  0.3583E-02
 -1.338  0.4098E-02
 -1.328  0.4644E-02
 -1.318  0.5213E-02
 -1.308  0.5800E-02
 -1.298  0.6395E-02
 -1.288  0.6989E-02
 -1.278  0.7572E-02
 -1.268  0.8134E-02
 -1.258  0.8664E-02
 -1.248  0.9152E-02
 -1.238  0.9589E-02
 -1.228  0.9965E-02
 -1.218  0.1027E-01
 -1.208  0.1051E-01
 -1.198  0.1067E-01
 -1.188  0.1074E-01
 -1.178  0.1074E-01
 -1.168  0.1065E-01
 -1.158  0.1048E-01
 -1.148  0.1023E-01
 -1.138  0.9916E-02
 -1.128  0.9533E-02
 -1.118  0.9094E-02
 -1.108  0.8606E-02
 -1.098  0.8079E-02
 -1.088  0.7522E-02
 -1.078  0.6946E-02
 -1.068  0.6360E-02
 -1.058  0.5775E-02
 -1.048  0.5197E-02
 -1.038  0.4637E-02
 -1.028  0.4100E-02
 -1.018  0.3593E-02
 -1.008  0.3119E-02
 -0.998  0.2683E-02
 -0.988  0.2286E-02
 -0.978  0.1930E-02
 -0.968  0.1613E-02
 -0.958  0.1336E-02
 -0.948  0.1095E-02
 -0.938  0.8894E-03
 -0.928  0.7155E-03
 -0.918  0.5703E-03
 -0.908  0.4508E-03
 -0.898  0.3537E-03
 -0.888  0.2762E-03
 -0.878  0.2156E-03
 -0.868  0.1692E-03
 -0.858  0.1352E-03
 -0.848  0.1116E-03
 -0.838  0.9715E-04
 -0.828  0.9070E-04
 -0.818  0.9150E-04
 -0.808  0.9907E-04
 -0.798  0.1132E-03
 -0.788  0.1337E-03
 -0.778  0.1609E-03
 -0.768  0.1948E-03
 -0.758  0.2358E-03
 -0.748  0.2840E-03
 -0.738  0.3397E-03
 -0.728  0.4028E-03
 -0.718  0.4735E-03
 -0.708  0.5513E-03
 -0.698  0.6360E-03
 -0.688  0.7270E-03
 -0.678  0.8235E-03
 -0.668  0.9248E-03
 -0.658  0.1030E-02
 -0.648  0.1139E-02
 -0.638  0.1250E-02
 -0.628  0.1365E-02
 -0.618  0.1483E-02
 -0.608  0.1605E-02
 -0.598  0.1733E-02
 -0.588  0.1871E-02
 -0.578  0.2021E-02
 -0.568  0.2189E-02
 -0.558  0.2380E-02
 -0.548  0.2600E-02
 -0.538  0.2855E-02
 -0.528  0.3153E-02
 -0.518  0.3499E-02
 -0.508  0.3900E-02
 -0.498  0.4360E-02
 -0.488  0.4882E-02
 -0.478  0.5466E-02
 -0.468  0.6110E-02
 -0.458  0.6810E-02
 -0.448  0.7556E-02
 -0.438  0.8337E-02
 -0.428  0.9140E-02
 -0.418  0.9946E-02
 -0.408  0.1074E-01
 -0.398  0.1149E-01
 -0.388  0.1219E-01
 -0.378  0.1281E-01
 -0.368  0.1333E-01
 -0.358  0.1374E-01
 -0.348  0.1401E-01
 -0.338  0.1415E-01
 -0.328  0.1415E-01
 -0.318  0.1400E-01
 -0.308  0.1370E-01
 -0.298  0.1328E-01
 -0.288  0.1273E-01
 -0.278  0.1208E-01
 -0.268  0.1135E-01
 -0.258  0.1055E-01
 -0.248  0.9703E-02
 -0.238  0.8836E-02
 -0.228  0.7966E-02
 -0.218  0.7111E-02
 -0.208  0.6287E-02
 -0.198  0.5508E-02
 -0.188  0.4783E-02
 -0.178  0.4122E-02
 -0.168  0.3529E-02
 -0.158  0.3007E-02
 -0.148  0.2558E-02
 -0.138  0.2181E-02
 -0.128  0.1875E-02
 -0.118  0.1639E-02
 -0.108  0.1470E-02
 -0.098  0.1366E-02
 -0.088  0.1325E-02
 -0.078  0.1347E-02
 -0.068  0.1431E-02
 -0.058  0.1575E-02
 -0.048  0.1779E-02
 -0.038  0.2043E-02
 -0.028  0.2366E-02
 -0.018  0.2746E-02
 -0.008  0.3180E-02
  0.002  0.3665E-02
  0.012  0.4194E-02
  0.022  0.4761E-02
  0.032  0.5355E-02
  0.042  0.5967E-02
  0.052  0.6583E-02
  0.062  0.7190E-02
  0.072  0.7774E-02
  0.082  0.8319E-02
  0.092  0.8812E-02
  0.102  0.9240E-02
  0.112  0.9590E-02
  0.122  0.9855E-02
  0.132  0.1003E-01
  0.142  0.1010E-01
  0.152  0.1008E-01
  0.162  0.9970E-02
  0.172  0.9774E-02
  0.182  0.9503E-02
  0.192  0.9170E-02
  0.202  0.8790E-02
  0.212  0.8378E-02
  0.222  0.7953E-02
  0.232  0.7531E-02
  0.242  0.7127E-02
  0.252  0.6756E-02
  0.262  0.6431E-02
  0.272  0.6161E-02
  0.282  0.5954E-02
  0.292  0.5813E-02
  0.302  0.5739E-02
  0.312  0.5730E-02
  0.322  0.5781E-02
  0.332  0.5882E-02
  0.342  0.6025E-02
  0.352  0.6196E-02
  0.362  0.6383E-02
  0.372  0.6572E-02
  0.382  0.6750E-02
  0.392  0.6903E-02
  0.402  0.7019E-02
  0.412  0.7090E-02
  0.422  0.7106E-02
  0.432  0.7062E-02
  0.442  0.6957E-02
  0.452  0.6789E-02
  0.462  0.6562E-02
  0.472  0.6280E-02
  0.482  0.5950E-02
  0.492  0.5580E-02
  0.502  0.5179E-02
  0.512  0.4757E-02
  0.522  0.4323E-02
  0.532  0.3888E-02
  0.542  0.3460E-02
  0.552  0.3047E-02
  0.562  0.2655E-02
  0.572  0.2288E-02
  0.582  0.1952E-02
  0.592  0.1647E-02
  0.602  0.1375E-02
  0.612  0.1136E-02
  0.622  0.9282E-03
  0.632  0.7504E-03
  0.642  0.6003E-03
  0.652  0.4751E-03
  0.662  0.3720E-03
  0.672  0.2882E-03
  0.682  0.2208E-03
  0.692  0.1674E-03
  0.702  0.1256E-03
  0.712  0.9323E-04
  0.722  0.6845E-04
  0.732  0.4973E-04
  0.742  0.3574E-04
  0.752  0.2541E-04
  0.762  0.1787E-04
  0.772  0.1244E-04
  0.782  0.8565E-05
  0.792  0.5835E-05
  0.802  0.3932E-05
  0.812  0.2622E-05
  0.822  0.1729E-05
  0.832  0.1129E-05
  0.842  0.7287E-06
