 -5.548  0.3793E-09
 -5.538  0.5865E-09
 -5.528  0.8970E-09
 -5.518  0.1357E-08
 -5.508  0.2032E-08
 -5.498  0.3009E-08
 -5.488  0.4409E-08
 -5.478  0.6390E-08
 -5.468  0.9164E-08
 -5.458  0.1300E-07
 -5.448  0.1825E-07
 -5.438  0.2534E-07
 -5.428  0.3482E-07
 -5.418  0.4734E-07
 -5.408  0.6368E-07
 -5.398  0.8477E-07
 -5.388  0.1117E-06
 -5.378  0.1455E-06
 -5.368  0.1878E-06
 -5.358  0.2398E-06
 -5.348  0.3030E-06
 -5.338  0.3792E-06
 -5.328  0.4697E-06
 -5.318  0.5762E-06
 -5.308  0.7001E-06
 -5.298  0.8426E-06
 -5.288  0.1005E-05
 -5.278  0.1188E-05
 -5.268  0.1392E-05
 -5.258  0.1617E-05
 -5.248  0.1864E-05
 -5.238  0.2133E-05
 -5.228  0.2423E-05
 -5.218  0.2734E-05
 -5.208  0.3066E-05
 -5.198  0.3420E-05
 -5.188  0.3795E-05
 -5.178  0.4192E-05
 -5.168  0.4610E-05
 -5.158  0.5052E-05
 -5.148  0.5517E-05
 -5.138  0.6005E-05
 -5.128  0.6517E-05
 -5.118  0.7051E-05
 -5.108  0.7606E-05
 -5.098  0.8178E-05
 -5.088  0.8762E-05
 -5.078  0.9353E-05
 -5.068  0.9942E-05
 -5.058  0.1052E-04
 -5.048  0.1108E-04
 -5.038  0.1161E-04
 -5.028  0.1209E-04
 -5.018  0.1253E-04
 -5.008  0.1290E-04
 -4.998  0.1320E-04
 -4.988  0.1342E-04
 -4.978  0.1356E-04
 -4.968  0.1362E-04
 -4.958  0.1360E-04
 -4.948  0.1350E-04
 -4.938  0.1334E-04
 -4.928  0.1311E-04
 -4.918  0.1283E-04
 -4.908  0.1251E-04
 -4.898  0.1216E-04
 -4.888  0.1180E-04
 -4.878  0.1143E-04
 -4.868  0.1106E-04
 -4.858  0.1071E-04
 -4.848  0.1037E-04
 -4.838  0.1005E-04
 -4.828  0.9752E-05
 -4.818  0.9472E-05
 -4.808  0.9209E-05
 -4.798  0.8957E-05
 -4.788  0.8712E-05
 -4.778  0.8467E-05
 -4.768  0.8216E-05
 -4.758  0.7954E-05
 -4.748  0.7675E-05
 -4.738  0.7377E-05
 -4.728  0.7055E-05
 -4.718  0.6711E-05
 -4.708  0.6343E-05
 -4.698  0.5955E-05
 -4.688  0.5550E-05
 -4.678  0.5132E-05
 -4.668  0.4706E-05
 -4.658  0.4279E-05
 -4.648  0.3856E-05
 -4.638  0.3443E-05
 -4.628  0.3046E-05
 -4.618  0.2668E-05
 -4.608  0.2315E-05
 -4.598  0.1989E-05
 -4.588  0.1692E-05
 -4.578  0.1424E-05
 -4.568  0.1187E-05
 -4.558  0.9790E-06
 -4.548  0.7992E-06
 -4.538  0.6457E-06
 -4.528  0.5162E-06
 -4.518  0.4083E-06
 -4.508  0.3196E-06
 -4.498  0.2476E-06
 -4.488  0.1897E-06
 -4.478  0.1439E-06
 -4.468  0.1079E-06
 -4.458  0.8010E-07
 -4.448  0.5882E-07
 -4.438  0.4274E-07
 -4.428  0.3072E-07
 -4.418  0.2184E-07
 -4.408  0.1537E-07
 -4.398  0.1069E-07
 -4.388  0.7363E-08
 -4.378  0.5016E-08
 -4.368  0.3380E-08
 -4.358  0.2253E-08
 -4.348  0.1486E-08
 -4.338  0.9694E-09
 -4.328  0.6257E-09
 -4.318  0.3995E-09
 -4.308  0.2523E-09
 -4.298  0.1577E-09
 -4.288  0.9748E-10
 -4.278  0.5961E-10
 -4.268  0.3606E-10
 -4.258  0.2158E-10
 -4.248  0.1278E-10
 -4.238  0.7483E-11
 -4.228  0.4336E-11
 -4.218  0.2485E-11
 -4.208  0.1409E-11
 -4.198  0.7904E-12
 -4.188  0.4386E-12
 -4.178  0.2408E-12
 -4.168  0.1307E-12
 -4.158  0.7023E-13
 -4.148  0.3732E-13
 -4.138  0.1962E-13
 -4.128  0.1020E-13
 -4.118  0.5250E-14
 -4.108  0.2672E-14
 -4.098  0.1345E-14
 -4.088  0.6701E-15
 -4.078  0.3302E-15
 -4.068  0.1609E-15
 -4.058  0.7761E-16
 -4.048  0.3702E-16
 -4.038  0.1747E-16
 -4.028  0.8155E-17
 -4.018  0.3766E-17
 -4.008  0.1720E-17
 -3.998  0.7775E-18
 -3.988  0.3476E-18
 -3.978  0.1537E-18
 -3.968  0.6726E-19
 -3.958  0.2911E-19
 -3.948  0.1246E-19
 -3.938  0.5280E-20
 -3.928  0.2212E-20
 -3.918  0.9170E-21
 -3.908  0.3760E-21
 -3.898  0.1525E-21
 -3.888  0.6121E-22
 -3.878  0.2430E-22
 -3.868  0.9543E-23
 -3.858  0.3707E-23
 -3.848  0.1425E-23
 -3.838  0.5417E-24
 -3.828  0.2037E-24
 -3.818  0.7580E-25
 -3.808  0.2790E-25
 -3.798  0.1016E-25
 -3.788  0.3659E-26
 -3.778  0.1304E-26
 -3.768  0.4596E-27
 -3.758  0.1603E-27
 -3.748  0.5528E-28
 -3.738  0.1887E-28
 -3.728  0.6369E-29
 -3.718  0.2127E-29
 -3.708  0.7027E-30
 -3.698  0.2297E-30
 -3.688  0.7425E-31
 -3.678  0.2375E-31
 -3.668  0.7514E-32
 -3.658  0.2352E-32
 -3.648  0.7282E-33
 -3.638  0.2231E-33
 -3.628  0.6759E-34
 -3.618  0.2026E-34
 -3.608  0.6008E-35
 -3.598  0.1762E-35
 -3.588  0.5115E-36
 -3.578  0.1468E-36
 -3.568  0.4170E-37
 -3.558  0.1172E-37
 -3.548  0.3256E-38
 -3.538  0.8952E-39
 -3.528  0.2435E-39
 -3.518  0.6551E-40
 -3.508  0.1744E-40
 -3.498  0.4592E-41
 -3.488  0.1196E-41
 -3.478  0.3082E-42
 -3.468  0.7857E-43
 -3.458  0.1981E-43
 -3.448  0.4942E-44
 -3.438  0.1220E-44
 -3.428  0.2978E-45
 -3.418  0.7192E-46
 -3.408  0.1718E-46
 -3.398  0.4061E-47
 -3.388  0.9495E-48
 -3.378  0.2196E-48
 -3.368  0.5025E-49
 -3.358  0.1137E-49
 -3.348  0.2547E-50
 -3.338  0.5641E-51
 -3.328  0.1236E-51
 -3.318  0.2680E-52
 -3.308  0.5747E-53
 -3.298  0.1219E-53
 -3.288  0.2559E-54
 -3.278  0.5312E-55
 -3.268  0.1091E-55
 -3.258  0.2216E-56
 -3.248  0.4455E-57
 -3.238  0.8858E-58
 -3.228  0.1742E-58
 -3.218  0.3390E-59
 -3.208  0.6525E-60
 -3.198  0.1243E-60
 -3.188  0.2341E-61
 -3.178  0.4362E-62
 -3.168  0.8040E-63
 -3.158  0.1466E-63
 -3.148  0.2645E-64
 -3.138  0.4721E-65
 -3.128  0.8335E-66
 -3.118  0.1456E-66
 -3.108  0.2515E-67
 -3.098  0.4299E-68
 -3.088  0.7268E-69
 -3.078  0.1216E-69
 -3.068  0.2012E-70
 -3.058  0.3293E-71
 -3.048  0.5332E-72
 -3.038  0.8542E-73
 -3.028  0.1354E-73
 -3.018  0.2122E-74
 -3.008  0.3294E-75
 -2.998  0.5260E-76
 -2.988  0.2179E-76
 -2.978  0.9482E-76
 -2.968  0.6145E-75
 -2.958  0.3986E-74
 -2.948  0.2558E-73
 -2.938  0.1624E-72
 -2.928  0.1020E-71
 -2.918  0.6339E-71
 -2.908  0.3897E-70
 -2.898  0.2370E-69
 -2.888  0.1425E-68
 -2.878  0.8482E-68
 -2.868  0.4993E-67
 -2.858  0.2908E-66
 -2.848  0.1675E-65
 -2.838  0.9548E-65
 -2.828  0.5383E-64
 -2.818  0.3002E-63
 -2.808  0.1656E-62
 -2.798  0.9041E-62
 -2.788  0.4882E-61
 -2.778  0.2608E-60
 -2.768  0.1378E-59
 -2.758  0.7202E-59
 -2.748  0.3724E-58
 -2.738  0.1905E-57
 -2.728  0.9641E-57
 -2.718  0.4827E-56
 -2.708  0.2390E-55
 -2.698  0.1171E-54
 -2.688  0.5675E-54
 -2.678  0.2721E-53
 -2.668  0.1291E-52
 -2.658  0.6055E-52
 -2.648  0.2810E-51
 -2.638  0.1290E-50
 -2.628  0.5862E-50
 -2.618  0.2634E-49
 -2.608  0.1171E-48
 -2.598  0.5149E-48
 -2.588  0.2240E-47
 -2.578  0.9639E-47
 -2.568  0.4103E-46
 -2.558  0.1728E-45
 -2.548  0.7199E-45
 -2.538  0.2967E-44
 -2.528  0.1210E-43
 -2.518  0.4879E-43
 -2.508  0.1947E-42
 -2.498  0.7684E-42
 -2.488  0.3000E-41
 -2.478  0.1159E-40
 -2.468  0.4429E-40
 -2.458  0.1674E-39
 -2.448  0.6260E-39
 -2.438  0.2316E-38
 -2.428  0.8475E-38
 -2.418  0.3068E-37
 -2.408  0.1099E-36
 -2.398  0.3893E-36
 -2.388  0.1364E-35
 -2.378  0.4731E-35
 -2.368  0.1623E-34
 -2.358  0.5505E-34
 -2.348  0.1848E-33
 -2.338  0.6136E-33
 -2.328  0.2016E-32
 -2.318  0.6550E-32
 -2.308  0.2105E-31
 -2.298  0.6695E-31
 -2.288  0.2106E-30
 -2.278  0.6555E-30
 -2.268  0.2018E-29
 -2.258  0.6146E-29
 -2.248  0.1852E-28
 -2.238  0.5519E-28
 -2.228  0.1627E-27
 -2.218  0.4746E-27
 -2.208  0.1369E-26
 -2.198  0.3909E-26
 -2.188  0.1104E-25
 -2.178  0.3083E-25
 -2.168  0.8520E-25
 -2.158  0.2329E-24
 -2.148  0.6298E-24
 -2.138  0.1685E-23
 -2.128  0.4459E-23
 -2.118  0.1167E-22
 -2.108  0.3023E-22
 -2.098  0.7746E-22
 -2.088  0.1963E-21
 -2.078  0.4923E-21
 -2.068  0.1221E-20
 -2.058  0.2996E-20
 -2.048  0.7273E-20
 -2.038  0.1746E-19
 -2.028  0.4148E-19
 -2.018  0.9749E-19
 -2.008  0.2266E-18
 -1.998  0.5212E-18
 -1.988  0.1186E-17
 -1.978  0.2669E-17
 -1.968  0.5941E-17
 -1.958  0.1309E-16
 -1.948  0.2851E-16
 -1.938  0.6146E-16
 -1.928  0.1310E-15
 -1.918  0.2764E-15
 -1.908  0.5768E-15
 -1.898  0.1191E-14
 -1.888  0.2432E-14
 -1.878  0.4913E-14
 -1.868  0.9818E-14
 -1.858  0.1941E-13
 -1.848  0.3797E-13
 -1.838  0.7346E-13
 -1.828  0.1406E-12
 -1.818  0.2663E-12
 -1.808  0.4988E-12
 -1.798  0.9244E-12
 -1.788  0.1695E-11
 -1.778  0.3074E-11
 -1.768  0.5515E-11
 -1.758  0.9789E-11
 -1.748  0.1719E-10
 -1.738  0.2987E-10
 -1.728  0.5133E-10
 -1.718  0.8728E-10
 -1.708  0.1468E-09
 -1.698  0.2443E-09
 -1.688  0.4023E-09
 -1.678  0.6554E-09
 -1.668  0.1056E-08
 -1.658  0.1684E-08
 -1.648  0.2657E-08
 -1.638  0.4147E-08
 -1.628  0.6405E-08
 -1.618  0.9787E-08
 -1.608  0.1480E-07
 -1.598  0.2214E-07
 -1.588  0.3277E-07
 -1.578  0.4801E-07
 -1.568  0.6960E-07
 -1.558  0.9984E-07
 -1.548  0.1418E-06
 -1.538  0.1992E-06
 -1.528  0.2770E-06
 -1.518  0.3814E-06
 -1.508  0.5197E-06
 -1.498  0.7010E-06
 -1.488  0.9362E-06
 -1.478  0.1238E-05
 -1.468  0.1621E-05
 -1.458  0.2102E-05
 -1.448  0.2699E-05
 -1.438  0.3432E-05
 -1.428  0.4325E-05
 -1.418  0.5399E-05
 -1.408  0.6677E-05
 -1.398  0.8185E-05
 -1.388  0.9944E-05
 -1.378  0.1198E-04
 -1.368  0.1430E-04
 -1.358  0.1693E-04
 -1.348  0.1988E-04
 -1.338  0.2315E-04
 -1.328  0.2675E-04
 -1.318  0.3066E-04
 -1.308  0.3487E-04
 -1.298  0.3935E-04
 -1.288  0.4408E-04
 -1.278  0.4901E-04
 -1.268  0.5408E-04
 -1.258  0.5923E-04
 -1.248  0.6439E-04
 -1.238  0.6948E-04
 -1.228  0.7442E-04
 -1.218  0.7911E-04
 -1.208  0.8345E-04
 -1.198  0.8735E-04
 -1.188  0.9072E-04
 -1.178  0.9347E-04
 -1.168  0.9553E-04
 -1.158  0.9684E-04
 -1.148  0.9734E-04
 -1.138  0.9701E-04
 -1.128  0.9585E-04
 -1.118  0.9387E-04
 -1.108  0.9110E-04
 -1.098  0.8762E-04
 -1.088  0.8350E-04
 -1.078  0.7883E-04
 -1.068  0.7372E-04
 -1.058  0.6828E-04
 -1.048  0.6263E-04
 -1.038  0.5690E-04
 -1.028  0.5118E-04
 -1.018  0.4559E-04
 -1.008  0.4021E-04
 -0.998  0.3513E-04
 -0.988  0.3040E-04
 -0.978  0.2608E-04
 -0.968  0.2219E-04
 -0.958  0.1876E-04
 -0.948  0.1579E-04
 -0.938  0.1329E-04
 -0.928  0.1126E-04
 -0.918  0.9697E-05
 -0.908  0.8588E-05
 -0.898  0.7937E-05
 -0.888  0.7748E-05
 -0.878  0.8032E-05
 -0.868  0.8809E-05
 -0.858  0.1010E-04
 -0.848  0.1195E-04
 -0.838  0.1438E-04
 -0.828  0.1744E-04
 -0.818  0.2118E-04
 -0.808  0.2562E-04
 -0.798  0.3080E-04
 -0.788  0.3674E-04
 -0.778  0.4344E-04
 -0.768  0.5089E-04
 -0.758  0.5903E-04
 -0.748  0.6781E-04
 -0.738  0.7714E-04
 -0.728  0.8689E-04
 -0.718  0.9693E-04
 -0.708  0.1071E-03
 -0.698  0.1172E-03
 -0.688  0.1271E-03
 -0.678  0.1367E-03
 -0.668  0.1456E-03
 -0.658  0.1539E-03
 -0.648  0.1614E-03
 -0.638  0.1680E-03
 -0.628  0.1736E-03
 -0.618  0.1784E-03
 -0.608  0.1824E-03
 -0.598  0.1857E-03
 -0.588  0.1883E-03
 -0.578  0.1906E-03
 -0.568  0.1926E-03
 -0.558  0.1945E-03
 -0.548  0.1966E-03
 -0.538  0.1990E-03
 -0.528  0.2018E-03
 -0.518  0.2051E-03
 -0.508  0.2089E-03
 -0.498  0.2132E-03
 -0.488  0.2179E-03
 -0.478  0.2228E-03
 -0.468  0.2278E-03
 -0.458  0.2327E-03
 -0.448  0.2371E-03
 -0.438  0.2410E-03
 -0.428  0.2439E-03
 -0.418  0.2457E-03
 -0.408  0.2461E-03
 -0.398  0.2452E-03
 -0.388  0.2426E-03
 -0.378  0.2385E-03
 -0.368  0.2328E-03
 -0.358  0.2257E-03
 -0.348  0.2172E-03
 -0.338  0.2076E-03
 -0.328  0.1971E-03
 -0.318  0.1859E-03
 -0.308  0.1742E-03
 -0.298  0.1624E-03
 -0.288  0.1507E-03
 -0.278  0.1392E-03
 -0.268  0.1282E-03
 -0.258  0.1178E-03
 -0.248  0.1082E-03
 -0.238  0.9929E-04
 -0.228  0.9126E-04
 -0.218  0.8405E-04
 -0.208  0.7763E-04
 -0.198  0.7196E-04
 -0.188  0.6695E-04
 -0.178  0.6254E-04
 -0.168  0.5866E-04
 -0.158  0.5524E-04
 -0.148  0.5222E-04
 -0.138  0.4959E-04
 -0.128  0.4731E-04
 -0.118  0.4541E-04
 -0.108  0.4393E-04
 -0.098  0.4293E-04
 -0.088  0.4249E-04
 -0.078  0.4271E-04
 -0.068  0.4372E-04
 -0.058  0.4563E-04
 -0.048  0.4860E-04
 -0.038  0.5274E-04
 -0.028  0.5819E-04
 -0.018  0.6506E-04
 -0.008  0.7346E-04
  0.002  0.8345E-04
  0.012  0.9509E-04
  0.022  0.1084E-03
  0.032  0.1233E-03
  0.042  0.1399E-03
  0.052  0.1578E-03
  0.062  0.1772E-03
  0.072  0.1977E-03
  0.082  0.2191E-03
  0.092  0.2411E-03
  0.102  0.2636E-03
  0.112  0.2861E-03
  0.122  0.3085E-03
  0.132  0.3302E-03
  0.142  0.3512E-03
  0.152  0.3710E-03
  0.162  0.3894E-03
  0.172  0.4062E-03
  0.182  0.4214E-03
  0.192  0.4347E-03
  0.202  0.4463E-03
  0.212  0.4562E-03
  0.222  0.4645E-03
  0.232  0.4716E-03
  0.242  0.4776E-03
  0.252  0.4829E-03
  0.262  0.4879E-03
  0.272  0.4928E-03
  0.282  0.4980E-03
  0.292  0.5036E-03
  0.302  0.5099E-03
  0.312  0.5170E-03
  0.322  0.5247E-03
  0.332  0.5328E-03
  0.342  0.5412E-03
  0.352  0.5493E-03
  0.362  0.5567E-03
  0.372  0.5629E-03
  0.382  0.5673E-03
  0.392  0.5692E-03
  0.402  0.5683E-03
  0.412  0.5640E-03
  0.422  0.5561E-03
  0.432  0.5443E-03
  0.442  0.5286E-03
  0.452  0.5092E-03
  0.462  0.4862E-03
  0.472  0.4602E-03
  0.482  0.4314E-03
  0.492  0.4007E-03
  0.502  0.3685E-03
  0.512  0.3356E-03
  0.522  0.3025E-03
  0.532  0.2700E-03
  0.542  0.2385E-03
  0.552  0.2085E-03
  0.562  0.1804E-03
  0.572  0.1544E-03
  0.582  0.1308E-03
  0.592  0.1097E-03
  0.602  0.9100E-04
  0.612  0.7469E-04
  0.622  0.6067E-04
  0.632  0.4875E-04
  0.642  0.3877E-04
  0.652  0.3050E-04
  0.662  0.2374E-04
  0.672  0.1828E-04
  0.682  0.1393E-04
  0.692  0.1050E-04
  0.702  0.7834E-05
  0.712  0.5782E-05
  0.722  0.4222E-05
  0.732  0.3050E-05
  0.742  0.2180E-05
  0.752  0.1541E-05
  0.762  0.1078E-05
  0.772  0.7465E-06
  0.782  0.5112E-06
  0.792  0.3464E-06
  0.802  0.2322E-06
  0.812  0.1540E-06
  0.822  0.1011E-06
  0.832  0.6562E-07
  0.842  0.4215E-07
