 -5.548  0.4966E-06
 -5.538  0.7678E-06
 -5.528  0.1174E-05
 -5.518  0.1777E-05
 -5.508  0.2660E-05
 -5.498  0.3938E-05
 -5.488  0.5769E-05
 -5.478  0.8361E-05
 -5.468  0.1199E-04
 -5.458  0.1700E-04
 -5.448  0.2386E-04
 -5.438  0.3313E-04
 -5.428  0.4550E-04
 -5.418  0.6183E-04
 -5.408  0.8313E-04
 -5.398  0.1106E-03
 -5.388  0.1456E-03
 -5.378  0.1896E-03
 -5.368  0.2444E-03
 -5.358  0.3117E-03
 -5.348  0.3934E-03
 -5.338  0.4914E-03
 -5.328  0.6076E-03
 -5.318  0.7438E-03
 -5.308  0.9013E-03
 -5.298  0.1081E-02
 -5.288  0.1285E-02
 -5.278  0.1513E-02
 -5.268  0.1764E-02
 -5.258  0.2038E-02
 -5.248  0.2335E-02
 -5.238  0.2652E-02
 -5.228  0.2989E-02
 -5.218  0.3342E-02
 -5.208  0.3711E-02
 -5.198  0.4093E-02
 -5.188  0.4487E-02
 -5.178  0.4892E-02
 -5.168  0.5307E-02
 -5.158  0.5734E-02
 -5.148  0.6172E-02
 -5.138  0.6624E-02
 -5.128  0.7090E-02
 -5.118  0.7574E-02
 -5.108  0.8077E-02
 -5.098  0.8601E-02
 -5.088  0.9147E-02
 -5.078  0.9716E-02
 -5.068  0.1031E-01
 -5.058  0.1092E-01
 -5.048  0.1155E-01
 -5.038  0.1219E-01
 -5.028  0.1284E-01
 -5.018  0.1349E-01
 -5.008  0.1414E-01
 -4.998  0.1478E-01
 -4.988  0.1540E-01
 -4.978  0.1599E-01
 -4.968  0.1654E-01
 -4.958  0.1706E-01
 -4.948  0.1753E-01
 -4.938  0.1795E-01
 -4.928  0.1832E-01
 -4.918  0.1862E-01
 -4.908  0.1886E-01
 -4.898  0.1904E-01
 -4.888  0.1916E-01
 -4.878  0.1920E-01
 -4.868  0.1919E-01
 -4.858  0.1911E-01
 -4.848  0.1896E-01
 -4.838  0.1875E-01
 -4.828  0.1848E-01
 -4.818  0.1815E-01
 -4.808  0.1777E-01
 -4.798  0.1732E-01
 -4.788  0.1683E-01
 -4.778  0.1628E-01
 -4.768  0.1568E-01
 -4.758  0.1503E-01
 -4.748  0.1435E-01
 -4.738  0.1362E-01
 -4.728  0.1286E-01
 -4.718  0.1207E-01
 -4.708  0.1126E-01
 -4.698  0.1044E-01
 -4.688  0.9607E-02
 -4.678  0.8781E-02
 -4.668  0.7965E-02
 -4.658  0.7169E-02
 -4.648  0.6400E-02
 -4.638  0.5667E-02
 -4.628  0.4974E-02
 -4.618  0.4327E-02
 -4.608  0.3731E-02
 -4.598  0.3187E-02
 -4.588  0.2697E-02
 -4.578  0.2260E-02
 -4.568  0.1876E-02
 -4.558  0.1542E-02
 -4.548  0.1255E-02
 -4.538  0.1011E-02
 -4.528  0.8062E-03
 -4.518  0.6364E-03
 -4.508  0.4972E-03
 -4.498  0.3844E-03
 -4.488  0.2942E-03
 -4.478  0.2228E-03
 -4.468  0.1669E-03
 -4.458  0.1238E-03
 -4.448  0.9080E-04
 -4.438  0.6591E-04
 -4.428  0.4734E-04
 -4.418  0.3364E-04
 -4.408  0.2365E-04
 -4.398  0.1645E-04
 -4.388  0.1132E-04
 -4.378  0.7711E-05
 -4.368  0.5194E-05
 -4.358  0.3462E-05
 -4.348  0.2282E-05
 -4.338  0.1489E-05
 -4.328  0.9606E-06
 -4.318  0.6132E-06
 -4.308  0.3873E-06
 -4.298  0.2420E-06
 -4.288  0.1495E-06
 -4.278  0.9144E-07
 -4.268  0.5531E-07
 -4.258  0.3310E-07
 -4.248  0.1959E-07
 -4.238  0.1147E-07
 -4.228  0.6648E-08
 -4.218  0.3810E-08
 -4.208  0.2160E-08
 -4.198  0.1212E-08
 -4.188  0.6722E-09
 -4.178  0.3690E-09
 -4.168  0.2004E-09
 -4.158  0.1076E-09
 -4.148  0.5719E-10
 -4.138  0.3006E-10
 -4.128  0.1564E-10
 -4.118  0.8044E-11
 -4.108  0.4094E-11
 -4.098  0.2061E-11
 -4.088  0.1026E-11
 -4.078  0.5057E-12
 -4.068  0.2465E-12
 -4.058  0.1189E-12
 -4.048  0.5669E-13
 -4.038  0.2675E-13
 -4.028  0.1249E-13
 -4.018  0.5766E-14
 -4.008  0.2634E-14
 -3.998  0.1190E-14
 -3.988  0.5322E-15
 -3.978  0.2354E-15
 -3.968  0.1030E-15
 -3.958  0.4456E-16
 -3.948  0.1908E-16
 -3.938  0.8081E-17
 -3.928  0.3386E-17
 -3.918  0.1403E-17
 -3.908  0.5755E-18
 -3.898  0.2334E-18
 -3.888  0.9367E-19
 -3.878  0.3718E-19
 -3.868  0.1460E-19
 -3.858  0.5672E-20
 -3.848  0.2180E-20
 -3.838  0.8287E-21
 -3.828  0.3117E-21
 -3.818  0.1160E-21
 -3.808  0.4268E-22
 -3.798  0.1554E-22
 -3.788  0.5597E-23
 -3.778  0.1994E-23
 -3.768  0.7029E-24
 -3.758  0.2451E-24
 -3.748  0.8454E-25
 -3.738  0.2885E-25
 -3.728  0.9739E-26
 -3.718  0.3252E-26
 -3.708  0.1074E-26
 -3.698  0.3511E-27
 -3.688  0.1135E-27
 -3.678  0.3630E-28
 -3.668  0.1149E-28
 -3.658  0.3595E-29
 -3.648  0.1113E-29
 -3.638  0.3409E-30
 -3.628  0.1033E-30
 -3.618  0.3096E-31
 -3.608  0.9182E-32
 -3.598  0.2693E-32
 -3.588  0.7816E-33
 -3.578  0.2244E-33
 -3.568  0.6372E-34
 -3.558  0.1790E-34
 -3.548  0.4975E-35
 -3.538  0.1368E-35
 -3.528  0.3720E-36
 -3.518  0.1001E-36
 -3.508  0.2664E-37
 -3.498  0.7014E-38
 -3.488  0.1827E-38
 -3.478  0.4707E-39
 -3.468  0.1200E-39
 -3.458  0.3026E-40
 -3.448  0.7548E-41
 -3.438  0.1863E-41
 -3.428  0.4547E-42
 -3.418  0.1098E-42
 -3.408  0.2623E-43
 -3.398  0.6200E-44
 -3.388  0.1450E-44
 -3.378  0.3353E-45
 -3.368  0.7671E-46
 -3.358  0.1736E-46
 -3.348  0.3888E-47
 -3.338  0.8611E-48
 -3.328  0.1887E-48
 -3.318  0.4090E-49
 -3.308  0.8771E-50
 -3.298  0.1861E-50
 -3.288  0.3904E-51
 -3.278  0.8106E-52
 -3.268  0.1665E-52
 -3.258  0.3382E-53
 -3.248  0.6797E-54
 -3.238  0.1351E-54
 -3.228  0.2658E-55
 -3.218  0.5171E-56
 -3.208  0.9954E-57
 -3.198  0.1895E-57
 -3.188  0.3570E-58
 -3.178  0.6653E-59
 -3.168  0.1226E-59
 -3.158  0.2236E-60
 -3.148  0.4034E-61
 -3.138  0.7199E-62
 -3.128  0.1271E-62
 -3.118  0.2220E-63
 -3.108  0.3835E-64
 -3.098  0.6554E-65
 -3.088  0.1108E-65
 -3.078  0.1853E-66
 -3.068  0.3067E-67
 -3.058  0.5020E-68
 -3.048  0.8128E-69
 -3.038  0.1302E-69
 -3.028  0.2063E-70
 -3.018  0.3234E-71
 -3.008  0.5016E-72
 -2.998  0.7711E-73
 -2.988  0.1280E-73
 -2.978  0.9178E-74
 -2.968  0.4896E-73
 -2.958  0.3160E-72
 -2.948  0.2028E-71
 -2.938  0.1288E-70
 -2.928  0.8087E-70
 -2.918  0.5025E-69
 -2.908  0.3089E-68
 -2.898  0.1878E-67
 -2.888  0.1130E-66
 -2.878  0.6724E-66
 -2.868  0.3958E-65
 -2.858  0.2305E-64
 -2.848  0.1328E-63
 -2.838  0.7569E-63
 -2.828  0.4267E-62
 -2.818  0.2380E-61
 -2.808  0.1313E-60
 -2.798  0.7167E-60
 -2.788  0.3870E-59
 -2.778  0.2067E-58
 -2.768  0.1092E-57
 -2.758  0.5709E-57
 -2.748  0.2952E-56
 -2.738  0.1510E-55
 -2.728  0.7642E-55
 -2.718  0.3826E-54
 -2.708  0.1895E-53
 -2.698  0.9283E-53
 -2.688  0.4499E-52
 -2.678  0.2157E-51
 -2.668  0.1023E-50
 -2.658  0.4800E-50
 -2.648  0.2228E-49
 -2.638  0.1023E-48
 -2.628  0.4646E-48
 -2.618  0.2088E-47
 -2.608  0.9281E-47
 -2.598  0.4081E-46
 -2.588  0.1775E-45
 -2.578  0.7640E-45
 -2.568  0.3253E-44
 -2.558  0.1370E-43
 -2.548  0.5707E-43
 -2.538  0.2352E-42
 -2.528  0.9590E-42
 -2.518  0.3868E-41
 -2.508  0.1543E-40
 -2.498  0.6091E-40
 -2.488  0.2378E-39
 -2.478  0.9187E-39
 -2.468  0.3511E-38
 -2.458  0.1327E-37
 -2.448  0.4963E-37
 -2.438  0.1836E-36
 -2.428  0.6718E-36
 -2.418  0.2432E-35
 -2.408  0.8710E-35
 -2.398  0.3086E-34
 -2.388  0.1082E-33
 -2.378  0.3750E-33
 -2.368  0.1286E-32
 -2.358  0.4364E-32
 -2.348  0.1465E-31
 -2.338  0.4864E-31
 -2.328  0.1598E-30
 -2.318  0.5192E-30
 -2.308  0.1669E-29
 -2.298  0.5307E-29
 -2.288  0.1670E-28
 -2.278  0.5196E-28
 -2.268  0.1600E-27
 -2.258  0.4872E-27
 -2.248  0.1468E-26
 -2.238  0.4375E-26
 -2.228  0.1290E-25
 -2.218  0.3762E-25
 -2.208  0.1086E-24
 -2.198  0.3099E-24
 -2.188  0.8749E-24
 -2.178  0.2444E-23
 -2.168  0.6754E-23
 -2.158  0.1846E-22
 -2.148  0.4993E-22
 -2.138  0.1336E-21
 -2.128  0.3535E-21
 -2.118  0.9255E-21
 -2.108  0.2397E-20
 -2.098  0.6141E-20
 -2.088  0.1557E-19
 -2.078  0.3903E-19
 -2.068  0.9681E-19
 -2.058  0.2375E-18
 -2.048  0.5766E-18
 -2.038  0.1385E-17
 -2.028  0.3289E-17
 -2.018  0.7730E-17
 -2.008  0.1797E-16
 -1.998  0.4133E-16
 -1.988  0.9403E-16
 -1.978  0.2116E-15
 -1.968  0.4712E-15
 -1.958  0.1038E-14
 -1.948  0.2262E-14
 -1.938  0.4875E-14
 -1.928  0.1040E-13
 -1.918  0.2193E-13
 -1.908  0.4577E-13
 -1.898  0.9450E-13
 -1.888  0.1930E-12
 -1.878  0.3900E-12
 -1.868  0.7796E-12
 -1.858  0.1542E-11
 -1.848  0.3016E-11
 -1.838  0.5837E-11
 -1.828  0.1118E-10
 -1.818  0.2117E-10
 -1.808  0.3967E-10
 -1.798  0.7354E-10
 -1.788  0.1349E-09
 -1.778  0.2448E-09
 -1.768  0.4394E-09
 -1.758  0.7804E-09
 -1.748  0.1371E-08
 -1.738  0.2384E-08
 -1.728  0.4101E-08
 -1.718  0.6980E-08
 -1.708  0.1175E-07
 -1.698  0.1958E-07
 -1.688  0.3229E-07
 -1.678  0.5267E-07
 -1.668  0.8501E-07
 -1.658  0.1358E-06
 -1.648  0.2146E-06
 -1.638  0.3358E-06
 -1.628  0.5198E-06
 -1.618  0.7965E-06
 -1.608  0.1208E-05
 -1.598  0.1813E-05
 -1.588  0.2694E-05
 -1.578  0.3963E-05
 -1.568  0.5770E-05
 -1.558  0.8320E-05
 -1.548  0.1188E-04
 -1.538  0.1679E-04
 -1.528  0.2351E-04
 -1.518  0.3260E-04
 -1.508  0.4478E-04
 -1.498  0.6095E-04
 -1.488  0.8218E-04
 -1.478  0.1098E-03
 -1.468  0.1454E-03
 -1.458  0.1909E-03
 -1.448  0.2484E-03
 -1.438  0.3205E-03
 -1.428  0.4100E-03
 -1.418  0.5203E-03
 -1.408  0.6548E-03
 -1.398  0.8176E-03
 -1.388  0.1013E-02
 -1.378  0.1245E-02
 -1.368  0.1518E-02
 -1.358  0.1837E-02
 -1.348  0.2207E-02
 -1.338  0.2630E-02
 -1.328  0.3112E-02
 -1.318  0.3653E-02
 -1.308  0.4256E-02
 -1.298  0.4921E-02
 -1.288  0.5646E-02
 -1.278  0.6426E-02
 -1.268  0.7257E-02
 -1.258  0.8130E-02
 -1.248  0.9033E-02
 -1.238  0.9953E-02
 -1.228  0.1087E-01
 -1.218  0.1178E-01
 -1.208  0.1265E-01
 -1.198  0.1347E-01
 -1.188  0.1420E-01
 -1.178  0.1485E-01
 -1.168  0.1538E-01
 -1.158  0.1578E-01
 -1.148  0.1603E-01
 -1.138  0.1614E-01
 -1.128  0.1609E-01
 -1.118  0.1588E-01
 -1.108  0.1552E-01
 -1.098  0.1502E-01
 -1.088  0.1439E-01
 -1.078  0.1365E-01
 -1.068  0.1282E-01
 -1.058  0.1191E-01
 -1.048  0.1096E-01
 -1.038  0.9974E-02
 -1.028  0.8987E-02
 -1.018  0.8014E-02
 -1.008  0.7073E-02
 -0.998  0.6178E-02
 -0.988  0.5342E-02
 -0.978  0.4573E-02
 -0.968  0.3878E-02
 -0.958  0.3259E-02
 -0.948  0.2717E-02
 -0.938  0.2251E-02
 -0.928  0.1860E-02
 -0.918  0.1540E-02
 -0.908  0.1287E-02
 -0.898  0.1098E-02
 -0.888  0.9681E-03
 -0.878  0.8958E-03
 -0.868  0.8784E-03
 -0.858  0.9147E-03
 -0.848  0.1004E-02
 -0.838  0.1147E-02
 -0.828  0.1343E-02
 -0.818  0.1595E-02
 -0.808  0.1903E-02
 -0.798  0.2269E-02
 -0.788  0.2691E-02
 -0.778  0.3171E-02
 -0.768  0.3706E-02
 -0.758  0.4292E-02
 -0.748  0.4925E-02
 -0.738  0.5598E-02
 -0.728  0.6304E-02
 -0.718  0.7033E-02
 -0.708  0.7775E-02
 -0.698  0.8519E-02
 -0.688  0.9254E-02
 -0.678  0.9972E-02
 -0.668  0.1066E-01
 -0.658  0.1132E-01
 -0.648  0.1195E-01
 -0.638  0.1254E-01
 -0.628  0.1310E-01
 -0.618  0.1363E-01
 -0.608  0.1415E-01
 -0.598  0.1467E-01
 -0.588  0.1521E-01
 -0.578  0.1578E-01
 -0.568  0.1640E-01
 -0.558  0.1708E-01
 -0.548  0.1784E-01
 -0.538  0.1869E-01
 -0.528  0.1963E-01
 -0.518  0.2065E-01
 -0.508  0.2175E-01
 -0.498  0.2292E-01
 -0.488  0.2412E-01
 -0.478  0.2534E-01
 -0.468  0.2654E-01
 -0.458  0.2769E-01
 -0.448  0.2874E-01
 -0.438  0.2967E-01
 -0.428  0.3044E-01
 -0.418  0.3101E-01
 -0.408  0.3137E-01
 -0.398  0.3150E-01
 -0.388  0.3139E-01
 -0.378  0.3104E-01
 -0.368  0.3046E-01
 -0.358  0.2967E-01
 -0.348  0.2870E-01
 -0.338  0.2756E-01
 -0.328  0.2630E-01
 -0.318  0.2496E-01
 -0.308  0.2356E-01
 -0.298  0.2216E-01
 -0.288  0.2078E-01
 -0.278  0.1944E-01
 -0.268  0.1819E-01
 -0.258  0.1702E-01
 -0.248  0.1596E-01
 -0.238  0.1500E-01
 -0.228  0.1415E-01
 -0.218  0.1340E-01
 -0.208  0.1273E-01
 -0.198  0.1215E-01
 -0.188  0.1162E-01
 -0.178  0.1114E-01
 -0.168  0.1068E-01
 -0.158  0.1024E-01
 -0.148  0.9807E-02
 -0.138  0.9369E-02
 -0.128  0.8923E-02
 -0.118  0.8468E-02
 -0.108  0.8007E-02
 -0.098  0.7546E-02
 -0.088  0.7092E-02
 -0.078  0.6656E-02
 -0.068  0.6249E-02
 -0.058  0.5883E-02
 -0.048  0.5571E-02
 -0.038  0.5324E-02
 -0.028  0.5151E-02
 -0.018  0.5062E-02
 -0.008  0.5063E-02
  0.002  0.5158E-02
  0.012  0.5349E-02
  0.022  0.5636E-02
  0.032  0.6015E-02
  0.042  0.6481E-02
  0.052  0.7025E-02
  0.062  0.7639E-02
  0.072  0.8311E-02
  0.082  0.9027E-02
  0.092  0.9775E-02
  0.102  0.1054E-01
  0.112  0.1130E-01
  0.122  0.1205E-01
  0.132  0.1277E-01
  0.142  0.1344E-01
  0.152  0.1405E-01
  0.162  0.1460E-01
  0.172  0.1506E-01
  0.182  0.1543E-01
  0.192  0.1571E-01
  0.202  0.1589E-01
  0.212  0.1598E-01
  0.222  0.1596E-01
  0.232  0.1586E-01
  0.242  0.1567E-01
  0.252  0.1541E-01
  0.262  0.1508E-01
  0.272  0.1470E-01
  0.282  0.1428E-01
  0.292  0.1384E-01
  0.302  0.1339E-01
  0.312  0.1293E-01
  0.322  0.1248E-01
  0.332  0.1204E-01
  0.342  0.1162E-01
  0.352  0.1122E-01
  0.362  0.1084E-01
  0.372  0.1048E-01
  0.382  0.1012E-01
  0.392  0.9778E-02
  0.402  0.9433E-02
  0.412  0.9082E-02
  0.422  0.8720E-02
  0.432  0.8341E-02
  0.442  0.7944E-02
  0.452  0.7525E-02
  0.462  0.7086E-02
  0.472  0.6627E-02
  0.482  0.6153E-02
  0.492  0.5669E-02
  0.502  0.5179E-02
  0.512  0.4691E-02
  0.522  0.4211E-02
  0.532  0.3745E-02
  0.542  0.3299E-02
  0.552  0.2878E-02
  0.562  0.2486E-02
  0.572  0.2126E-02
  0.582  0.1800E-02
  0.592  0.1508E-02
  0.602  0.1251E-02
  0.612  0.1026E-02
  0.622  0.8337E-03
  0.632  0.6701E-03
  0.642  0.5330E-03
  0.652  0.4195E-03
  0.662  0.3267E-03
  0.672  0.2517E-03
  0.682  0.1919E-03
  0.692  0.1448E-03
  0.702  0.1081E-03
  0.712  0.7981E-04
  0.722  0.5832E-04
  0.732  0.4216E-04
  0.742  0.3016E-04
  0.752  0.2134E-04
  0.762  0.1494E-04
  0.772  0.1035E-04
  0.782  0.7096E-05
  0.792  0.4812E-05
  0.802  0.3229E-05
  0.812  0.2143E-05
  0.822  0.1408E-05
  0.832  0.9148E-06
  0.842  0.5881E-06
