 -5.548  0.4745E-07
 -5.538  0.7336E-07
 -5.528  0.1122E-06
 -5.518  0.1698E-06
 -5.508  0.2542E-06
 -5.498  0.3764E-06
 -5.488  0.5515E-06
 -5.478  0.7994E-06
 -5.468  0.1146E-05
 -5.458  0.1626E-05
 -5.448  0.2283E-05
 -5.438  0.3170E-05
 -5.428  0.4356E-05
 -5.418  0.5922E-05
 -5.408  0.7967E-05
 -5.398  0.1061E-04
 -5.388  0.1397E-04
 -5.378  0.1821E-04
 -5.368  0.2350E-04
 -5.358  0.3000E-04
 -5.348  0.3793E-04
 -5.338  0.4746E-04
 -5.328  0.5880E-04
 -5.318  0.7215E-04
 -5.308  0.8768E-04
 -5.298  0.1055E-03
 -5.288  0.1259E-03
 -5.278  0.1489E-03
 -5.268  0.1745E-03
 -5.258  0.2029E-03
 -5.248  0.2340E-03
 -5.238  0.2679E-03
 -5.228  0.3046E-03
 -5.218  0.3442E-03
 -5.208  0.3865E-03
 -5.198  0.4318E-03
 -5.188  0.4800E-03
 -5.178  0.5314E-03
 -5.168  0.5861E-03
 -5.158  0.6442E-03
 -5.148  0.7061E-03
 -5.138  0.7719E-03
 -5.128  0.8419E-03
 -5.118  0.9161E-03
 -5.108  0.9946E-03
 -5.098  0.1077E-02
 -5.088  0.1164E-02
 -5.078  0.1254E-02
 -5.068  0.1347E-02
 -5.058  0.1442E-02
 -5.048  0.1538E-02
 -5.038  0.1634E-02
 -5.028  0.1729E-02
 -5.018  0.1821E-02
 -5.008  0.1910E-02
 -4.998  0.1994E-02
 -4.988  0.2072E-02
 -4.978  0.2144E-02
 -4.968  0.2208E-02
 -4.958  0.2264E-02
 -4.948  0.2312E-02
 -4.938  0.2351E-02
 -4.928  0.2382E-02
 -4.918  0.2405E-02
 -4.908  0.2420E-02
 -4.898  0.2428E-02
 -4.888  0.2428E-02
 -4.878  0.2423E-02
 -4.868  0.2412E-02
 -4.858  0.2395E-02
 -4.848  0.2373E-02
 -4.838  0.2346E-02
 -4.828  0.2314E-02
 -4.818  0.2277E-02
 -4.808  0.2234E-02
 -4.798  0.2186E-02
 -4.788  0.2133E-02
 -4.778  0.2074E-02
 -4.768  0.2009E-02
 -4.758  0.1937E-02
 -4.748  0.1860E-02
 -4.738  0.1776E-02
 -4.728  0.1687E-02
 -4.718  0.1593E-02
 -4.708  0.1495E-02
 -4.698  0.1393E-02
 -4.688  0.1289E-02
 -4.678  0.1184E-02
 -4.668  0.1079E-02
 -4.658  0.9748E-03
 -4.648  0.8736E-03
 -4.638  0.7761E-03
 -4.628  0.6833E-03
 -4.618  0.5962E-03
 -4.608  0.5153E-03
 -4.598  0.4412E-03
 -4.588  0.3741E-03
 -4.578  0.3141E-03
 -4.568  0.2611E-03
 -4.558  0.2149E-03
 -4.548  0.1751E-03
 -4.538  0.1412E-03
 -4.528  0.1127E-03
 -4.518  0.8906E-04
 -4.508  0.6963E-04
 -4.498  0.5387E-04
 -4.488  0.4125E-04
 -4.478  0.3125E-04
 -4.468  0.2343E-04
 -4.458  0.1738E-04
 -4.448  0.1275E-04
 -4.438  0.9261E-05
 -4.428  0.6653E-05
 -4.418  0.4729E-05
 -4.408  0.3326E-05
 -4.398  0.2314E-05
 -4.388  0.1593E-05
 -4.378  0.1085E-05
 -4.368  0.7307E-06
 -4.358  0.4870E-06
 -4.348  0.3211E-06
 -4.338  0.2095E-06
 -4.328  0.1352E-06
 -4.318  0.8630E-07
 -4.308  0.5451E-07
 -4.298  0.3406E-07
 -4.288  0.2105E-07
 -4.278  0.1287E-07
 -4.268  0.7786E-08
 -4.258  0.4659E-08
 -4.248  0.2758E-08
 -4.238  0.1615E-08
 -4.228  0.9358E-09
 -4.218  0.5363E-09
 -4.208  0.3041E-09
 -4.198  0.1706E-09
 -4.188  0.9464E-10
 -4.178  0.5195E-10
 -4.168  0.2821E-10
 -4.158  0.1515E-10
 -4.148  0.8052E-11
 -4.138  0.4233E-11
 -4.128  0.2201E-11
 -4.118  0.1132E-11
 -4.108  0.5763E-12
 -4.098  0.2902E-12
 -4.088  0.1445E-12
 -4.078  0.7120E-13
 -4.068  0.3470E-13
 -4.058  0.1673E-13
 -4.048  0.7982E-14
 -4.038  0.3766E-14
 -4.028  0.1758E-14
 -4.018  0.8119E-15
 -4.008  0.3709E-15
 -3.998  0.1676E-15
 -3.988  0.7493E-16
 -3.978  0.3314E-16
 -3.968  0.1450E-16
 -3.958  0.6274E-17
 -3.948  0.2686E-17
 -3.938  0.1138E-17
 -3.928  0.4767E-18
 -3.918  0.1976E-18
 -3.908  0.8102E-19
 -3.898  0.3286E-19
 -3.888  0.1319E-19
 -3.878  0.5235E-20
 -3.868  0.2056E-20
 -3.858  0.7986E-21
 -3.848  0.3069E-21
 -3.838  0.1167E-21
 -3.828  0.4388E-22
 -3.818  0.1633E-22
 -3.808  0.6008E-23
 -3.798  0.2188E-23
 -3.788  0.7879E-24
 -3.778  0.2807E-24
 -3.768  0.9896E-25
 -3.758  0.3451E-25
 -3.748  0.1190E-25
 -3.738  0.4062E-26
 -3.728  0.1371E-26
 -3.718  0.4579E-27
 -3.708  0.1513E-27
 -3.698  0.4943E-28
 -3.688  0.1598E-28
 -3.678  0.5111E-29
 -3.668  0.1617E-29
 -3.658  0.5061E-30
 -3.648  0.1567E-30
 -3.638  0.4800E-31
 -3.628  0.1454E-31
 -3.618  0.4360E-32
 -3.608  0.1293E-32
 -3.598  0.3792E-33
 -3.588  0.1100E-33
 -3.578  0.3159E-34
 -3.568  0.8971E-35
 -3.558  0.2520E-35
 -3.548  0.7004E-36
 -3.538  0.1926E-36
 -3.528  0.5237E-37
 -3.518  0.1409E-37
 -3.508  0.3750E-38
 -3.498  0.9875E-39
 -3.488  0.2572E-39
 -3.478  0.6627E-40
 -3.468  0.1689E-40
 -3.458  0.4260E-41
 -3.448  0.1063E-41
 -3.438  0.2622E-42
 -3.428  0.6402E-43
 -3.418  0.1546E-43
 -3.408  0.3693E-44
 -3.398  0.8729E-45
 -3.388  0.2041E-45
 -3.378  0.4720E-46
 -3.368  0.1080E-46
 -3.358  0.2444E-47
 -3.348  0.5473E-48
 -3.338  0.1212E-48
 -3.328  0.2656E-49
 -3.318  0.5758E-50
 -3.308  0.1235E-50
 -3.298  0.2619E-51
 -3.288  0.5497E-52
 -3.278  0.1141E-52
 -3.268  0.2344E-53
 -3.258  0.4761E-54
 -3.248  0.9569E-55
 -3.238  0.1903E-55
 -3.228  0.3742E-56
 -3.218  0.7281E-57
 -3.208  0.1401E-57
 -3.198  0.2668E-58
 -3.188  0.5026E-59
 -3.178  0.9366E-60
 -3.168  0.1726E-60
 -3.158  0.3148E-61
 -3.148  0.5680E-62
 -3.138  0.1014E-62
 -3.128  0.1789E-63
 -3.118  0.3125E-64
 -3.108  0.5399E-65
 -3.098  0.9228E-66
 -3.088  0.1560E-66
 -3.078  0.2609E-67
 -3.068  0.4318E-68
 -3.058  0.7067E-69
 -3.048  0.1144E-69
 -3.038  0.1833E-70
 -3.028  0.2905E-71
 -3.018  0.4553E-72
 -3.008  0.7062E-73
 -2.998  0.1086E-73
 -2.988  0.1853E-74
 -2.978  0.1636E-74
 -2.968  0.9146E-74
 -2.958  0.5911E-73
 -2.948  0.3793E-72
 -2.938  0.2408E-71
 -2.928  0.1513E-70
 -2.918  0.9400E-70
 -2.908  0.5778E-69
 -2.898  0.3514E-68
 -2.888  0.2114E-67
 -2.878  0.1258E-66
 -2.868  0.7404E-66
 -2.858  0.4312E-65
 -2.848  0.2484E-64
 -2.838  0.1416E-63
 -2.828  0.7982E-63
 -2.818  0.4452E-62
 -2.808  0.2456E-61
 -2.798  0.1341E-60
 -2.788  0.7239E-60
 -2.778  0.3866E-59
 -2.768  0.2043E-58
 -2.758  0.1068E-57
 -2.748  0.5522E-57
 -2.738  0.2825E-56
 -2.728  0.1430E-55
 -2.718  0.7157E-55
 -2.708  0.3544E-54
 -2.698  0.1736E-53
 -2.688  0.8415E-53
 -2.678  0.4035E-52
 -2.668  0.1914E-51
 -2.658  0.8978E-51
 -2.648  0.4167E-50
 -2.638  0.1913E-49
 -2.628  0.8692E-49
 -2.618  0.3906E-48
 -2.608  0.1736E-47
 -2.598  0.7634E-47
 -2.588  0.3321E-46
 -2.578  0.1429E-45
 -2.568  0.6084E-45
 -2.558  0.2562E-44
 -2.548  0.1068E-43
 -2.538  0.4400E-43
 -2.528  0.1794E-42
 -2.518  0.7235E-42
 -2.508  0.2887E-41
 -2.498  0.1139E-40
 -2.488  0.4449E-40
 -2.478  0.1719E-39
 -2.468  0.6567E-39
 -2.458  0.2482E-38
 -2.448  0.9283E-38
 -2.438  0.3434E-37
 -2.428  0.1257E-36
 -2.418  0.4550E-36
 -2.408  0.1629E-35
 -2.398  0.5773E-35
 -2.388  0.2023E-34
 -2.378  0.7015E-34
 -2.368  0.2406E-33
 -2.358  0.8163E-33
 -2.348  0.2740E-32
 -2.338  0.9098E-32
 -2.328  0.2989E-31
 -2.318  0.9712E-31
 -2.308  0.3122E-30
 -2.298  0.9928E-30
 -2.288  0.3123E-29
 -2.278  0.9720E-29
 -2.268  0.2992E-28
 -2.258  0.9113E-28
 -2.248  0.2746E-27
 -2.238  0.8183E-27
 -2.228  0.2413E-26
 -2.218  0.7037E-26
 -2.208  0.2031E-25
 -2.198  0.5796E-25
 -2.188  0.1637E-24
 -2.178  0.4572E-24
 -2.168  0.1263E-23
 -2.158  0.3454E-23
 -2.148  0.9339E-23
 -2.138  0.2499E-22
 -2.128  0.6612E-22
 -2.118  0.1731E-21
 -2.108  0.4484E-21
 -2.098  0.1149E-20
 -2.088  0.2912E-20
 -2.078  0.7300E-20
 -2.068  0.1811E-19
 -2.058  0.4443E-19
 -2.048  0.1079E-18
 -2.038  0.2590E-18
 -2.028  0.6152E-18
 -2.018  0.1446E-17
 -2.008  0.3361E-17
 -1.998  0.7730E-17
 -1.988  0.1759E-16
 -1.978  0.3958E-16
 -1.968  0.8813E-16
 -1.958  0.1941E-15
 -1.948  0.4230E-15
 -1.938  0.9117E-15
 -1.928  0.1944E-14
 -1.918  0.4101E-14
 -1.908  0.8559E-14
 -1.898  0.1767E-13
 -1.888  0.3609E-13
 -1.878  0.7291E-13
 -1.868  0.1457E-12
 -1.858  0.2882E-12
 -1.848  0.5637E-12
 -1.838  0.1091E-11
 -1.828  0.2089E-11
 -1.818  0.3956E-11
 -1.808  0.7412E-11
 -1.798  0.1374E-10
 -1.788  0.2520E-10
 -1.778  0.4572E-10
 -1.768  0.8206E-10
 -1.758  0.1457E-09
 -1.748  0.2560E-09
 -1.738  0.4450E-09
 -1.728  0.7653E-09
 -1.718  0.1302E-08
 -1.708  0.2192E-08
 -1.698  0.3651E-08
 -1.688  0.6016E-08
 -1.678  0.9810E-08
 -1.668  0.1583E-07
 -1.658  0.2527E-07
 -1.648  0.3992E-07
 -1.638  0.6241E-07
 -1.628  0.9656E-07
 -1.618  0.1478E-06
 -1.608  0.2240E-06
 -1.598  0.3359E-06
 -1.588  0.4987E-06
 -1.578  0.7327E-06
 -1.568  0.1066E-05
 -1.558  0.1535E-05
 -1.548  0.2188E-05
 -1.538  0.3088E-05
 -1.528  0.4316E-05
 -1.518  0.5975E-05
 -1.508  0.8191E-05
 -1.498  0.1112E-04
 -1.488  0.1497E-04
 -1.478  0.1995E-04
 -1.468  0.2635E-04
 -1.458  0.3450E-04
 -1.448  0.4476E-04
 -1.438  0.5758E-04
 -1.428  0.7343E-04
 -1.418  0.9287E-04
 -1.408  0.1165E-03
 -1.398  0.1449E-03
 -1.388  0.1789E-03
 -1.378  0.2191E-03
 -1.368  0.2662E-03
 -1.358  0.3211E-03
 -1.348  0.3842E-03
 -1.338  0.4564E-03
 -1.328  0.5381E-03
 -1.318  0.6297E-03
 -1.308  0.7314E-03
 -1.298  0.8432E-03
 -1.288  0.9647E-03
 -1.278  0.1095E-02
 -1.268  0.1234E-02
 -1.258  0.1380E-02
 -1.248  0.1530E-02
 -1.238  0.1684E-02
 -1.228  0.1837E-02
 -1.218  0.1989E-02
 -1.208  0.2134E-02
 -1.198  0.2270E-02
 -1.188  0.2394E-02
 -1.178  0.2502E-02
 -1.168  0.2592E-02
 -1.158  0.2660E-02
 -1.148  0.2705E-02
 -1.138  0.2725E-02
 -1.128  0.2719E-02
 -1.118  0.2687E-02
 -1.108  0.2629E-02
 -1.098  0.2547E-02
 -1.088  0.2444E-02
 -1.078  0.2321E-02
 -1.068  0.2183E-02
 -1.058  0.2032E-02
 -1.048  0.1872E-02
 -1.038  0.1707E-02
 -1.028  0.1541E-02
 -1.018  0.1377E-02
 -1.008  0.1218E-02
 -0.998  0.1066E-02
 -0.988  0.9238E-03
 -0.978  0.7928E-03
 -0.968  0.6741E-03
 -0.958  0.5683E-03
 -0.948  0.4758E-03
 -0.938  0.3965E-03
 -0.928  0.3302E-03
 -0.918  0.2764E-03
 -0.908  0.2348E-03
 -0.898  0.2047E-03
 -0.888  0.1859E-03
 -0.878  0.1780E-03
 -0.868  0.1810E-03
 -0.858  0.1947E-03
 -0.848  0.2195E-03
 -0.838  0.2555E-03
 -0.828  0.3031E-03
 -0.818  0.3629E-03
 -0.808  0.4351E-03
 -0.798  0.5202E-03
 -0.788  0.6182E-03
 -0.778  0.7291E-03
 -0.768  0.8525E-03
 -0.758  0.9877E-03
 -0.748  0.1134E-02
 -0.738  0.1289E-02
 -0.728  0.1452E-02
 -0.718  0.1620E-02
 -0.708  0.1791E-02
 -0.698  0.1963E-02
 -0.688  0.2134E-02
 -0.678  0.2300E-02
 -0.668  0.2461E-02
 -0.658  0.2615E-02
 -0.648  0.2760E-02
 -0.638  0.2898E-02
 -0.628  0.3029E-02
 -0.618  0.3153E-02
 -0.608  0.3274E-02
 -0.598  0.3394E-02
 -0.588  0.3515E-02
 -0.578  0.3642E-02
 -0.568  0.3777E-02
 -0.558  0.3922E-02
 -0.548  0.4081E-02
 -0.538  0.4254E-02
 -0.528  0.4441E-02
 -0.518  0.4642E-02
 -0.508  0.4853E-02
 -0.498  0.5070E-02
 -0.488  0.5289E-02
 -0.478  0.5504E-02
 -0.468  0.5708E-02
 -0.458  0.5893E-02
 -0.448  0.6053E-02
 -0.438  0.6180E-02
 -0.428  0.6269E-02
 -0.418  0.6315E-02
 -0.408  0.6313E-02
 -0.398  0.6262E-02
 -0.388  0.6162E-02
 -0.378  0.6015E-02
 -0.368  0.5823E-02
 -0.358  0.5591E-02
 -0.348  0.5325E-02
 -0.338  0.5032E-02
 -0.328  0.4719E-02
 -0.318  0.4395E-02
 -0.308  0.4066E-02
 -0.298  0.3740E-02
 -0.288  0.3423E-02
 -0.278  0.3121E-02
 -0.268  0.2838E-02
 -0.258  0.2577E-02
 -0.248  0.2340E-02
 -0.238  0.2127E-02
 -0.228  0.1940E-02
 -0.218  0.1776E-02
 -0.208  0.1634E-02
 -0.198  0.1511E-02
 -0.188  0.1405E-02
 -0.178  0.1313E-02
 -0.168  0.1233E-02
 -0.158  0.1163E-02
 -0.148  0.1099E-02
 -0.138  0.1042E-02
 -0.128  0.9891E-03
 -0.118  0.9409E-03
 -0.108  0.8973E-03
 -0.098  0.8589E-03
 -0.088  0.8266E-03
 -0.078  0.8020E-03
 -0.068  0.7865E-03
 -0.058  0.7821E-03
 -0.048  0.7905E-03
 -0.038  0.8138E-03
 -0.028  0.8535E-03
 -0.018  0.9113E-03
 -0.008  0.9883E-03
  0.002  0.1085E-02
  0.012  0.1203E-02
  0.022  0.1341E-02
  0.032  0.1498E-02
  0.042  0.1675E-02
  0.052  0.1868E-02
  0.062  0.2077E-02
  0.072  0.2298E-02
  0.082  0.2528E-02
  0.092  0.2764E-02
  0.102  0.3002E-02
  0.112  0.3238E-02
  0.122  0.3467E-02
  0.132  0.3686E-02
  0.142  0.3891E-02
  0.152  0.4077E-02
  0.162  0.4241E-02
  0.172  0.4380E-02
  0.182  0.4492E-02
  0.192  0.4574E-02
  0.202  0.4626E-02
  0.212  0.4647E-02
  0.222  0.4638E-02
  0.232  0.4600E-02
  0.242  0.4537E-02
  0.252  0.4450E-02
  0.262  0.4342E-02
  0.272  0.4219E-02
  0.282  0.4084E-02
  0.292  0.3940E-02
  0.302  0.3793E-02
  0.312  0.3645E-02
  0.322  0.3500E-02
  0.332  0.3360E-02
  0.342  0.3226E-02
  0.352  0.3100E-02
  0.362  0.2981E-02
  0.372  0.2869E-02
  0.382  0.2763E-02
  0.392  0.2661E-02
  0.402  0.2561E-02
  0.412  0.2462E-02
  0.422  0.2362E-02
  0.432  0.2259E-02
  0.442  0.2151E-02
  0.452  0.2040E-02
  0.462  0.1923E-02
  0.472  0.1801E-02
  0.482  0.1675E-02
  0.492  0.1547E-02
  0.502  0.1416E-02
  0.512  0.1286E-02
  0.522  0.1157E-02
  0.532  0.1032E-02
  0.542  0.9113E-03
  0.552  0.7971E-03
  0.562  0.6904E-03
  0.572  0.5921E-03
  0.582  0.5026E-03
  0.592  0.4223E-03
  0.602  0.3512E-03
  0.612  0.2891E-03
  0.622  0.2355E-03
  0.632  0.1898E-03
  0.642  0.1514E-03
  0.652  0.1195E-03
  0.662  0.9329E-04
  0.672  0.7208E-04
  0.682  0.5510E-04
  0.692  0.4168E-04
  0.702  0.3120E-04
  0.712  0.2310E-04
  0.722  0.1692E-04
  0.732  0.1227E-04
  0.742  0.8798E-05
  0.752  0.6242E-05
  0.762  0.4382E-05
  0.772  0.3044E-05
  0.782  0.2091E-05
  0.792  0.1422E-05
  0.802  0.9564E-06
  0.812  0.6364E-06
  0.822  0.4190E-06
  0.832  0.2729E-06
  0.842  0.1759E-06
