 -5.548  0.8060E-09
 -5.538  0.1246E-08
 -5.528  0.1907E-08
 -5.518  0.2886E-08
 -5.508  0.4322E-08
 -5.498  0.6402E-08
 -5.488  0.9384E-08
 -5.478  0.1361E-07
 -5.468  0.1953E-07
 -5.458  0.2772E-07
 -5.448  0.3895E-07
 -5.438  0.5414E-07
 -5.428  0.7448E-07
 -5.418  0.1014E-06
 -5.408  0.1366E-06
 -5.398  0.1822E-06
 -5.388  0.2406E-06
 -5.378  0.3145E-06
 -5.368  0.4071E-06
 -5.358  0.5218E-06
 -5.348  0.6625E-06
 -5.338  0.8334E-06
 -5.328  0.1039E-05
 -5.318  0.1284E-05
 -5.308  0.1573E-05
 -5.298  0.1911E-05
 -5.288  0.2305E-05
 -5.278  0.2760E-05
 -5.268  0.3281E-05
 -5.258  0.3877E-05
 -5.248  0.4554E-05
 -5.238  0.5320E-05
 -5.228  0.6186E-05
 -5.218  0.7161E-05
 -5.208  0.8256E-05
 -5.198  0.9484E-05
 -5.188  0.1086E-04
 -5.178  0.1239E-04
 -5.168  0.1410E-04
 -5.158  0.1598E-04
 -5.148  0.1807E-04
 -5.138  0.2034E-04
 -5.128  0.2282E-04
 -5.118  0.2549E-04
 -5.108  0.2834E-04
 -5.098  0.3135E-04
 -5.088  0.3449E-04
 -5.078  0.3772E-04
 -5.068  0.4099E-04
 -5.058  0.4426E-04
 -5.048  0.4746E-04
 -5.038  0.5053E-04
 -5.028  0.5342E-04
 -5.018  0.5605E-04
 -5.008  0.5838E-04
 -4.998  0.6036E-04
 -4.988  0.6196E-04
 -4.978  0.6314E-04
 -4.968  0.6391E-04
 -4.958  0.6426E-04
 -4.948  0.6422E-04
 -4.938  0.6380E-04
 -4.928  0.6304E-04
 -4.918  0.6201E-04
 -4.908  0.6074E-04
 -4.898  0.5929E-04
 -4.888  0.5771E-04
 -4.878  0.5606E-04
 -4.868  0.5438E-04
 -4.858  0.5270E-04
 -4.848  0.5106E-04
 -4.838  0.4947E-04
 -4.828  0.4793E-04
 -4.818  0.4646E-04
 -4.808  0.4505E-04
 -4.798  0.4367E-04
 -4.788  0.4231E-04
 -4.778  0.4094E-04
 -4.768  0.3955E-04
 -4.758  0.3811E-04
 -4.748  0.3661E-04
 -4.738  0.3503E-04
 -4.728  0.3336E-04
 -4.718  0.3160E-04
 -4.708  0.2976E-04
 -4.698  0.2784E-04
 -4.688  0.2586E-04
 -4.678  0.2384E-04
 -4.668  0.2180E-04
 -4.658  0.1978E-04
 -4.648  0.1778E-04
 -4.638  0.1585E-04
 -4.628  0.1399E-04
 -4.618  0.1224E-04
 -4.608  0.1061E-04
 -4.598  0.9100E-05
 -4.588  0.7731E-05
 -4.578  0.6503E-05
 -4.568  0.5415E-05
 -4.558  0.4463E-05
 -4.548  0.3641E-05
 -4.538  0.2940E-05
 -4.528  0.2349E-05
 -4.518  0.1857E-05
 -4.508  0.1453E-05
 -4.498  0.1125E-05
 -4.488  0.8619E-06
 -4.478  0.6534E-06
 -4.468  0.4900E-06
 -4.458  0.3636E-06
 -4.448  0.2670E-06
 -4.438  0.1939E-06
 -4.428  0.1394E-06
 -4.418  0.9908E-07
 -4.408  0.6969E-07
 -4.398  0.4850E-07
 -4.388  0.3339E-07
 -4.378  0.2274E-07
 -4.368  0.1532E-07
 -4.358  0.1021E-07
 -4.348  0.6735E-08
 -4.338  0.4394E-08
 -4.328  0.2836E-08
 -4.318  0.1810E-08
 -4.308  0.1143E-08
 -4.298  0.7145E-09
 -4.288  0.4416E-09
 -4.278  0.2701E-09
 -4.268  0.1634E-09
 -4.258  0.9776E-10
 -4.248  0.5788E-10
 -4.238  0.3390E-10
 -4.228  0.1964E-10
 -4.218  0.1126E-10
 -4.208  0.6382E-11
 -4.198  0.3579E-11
 -4.188  0.1986E-11
 -4.178  0.1090E-11
 -4.168  0.5920E-12
 -4.158  0.3180E-12
 -4.148  0.1690E-12
 -4.138  0.8884E-13
 -4.128  0.4620E-13
 -4.118  0.2377E-13
 -4.108  0.1210E-13
 -4.098  0.6090E-14
 -4.088  0.3033E-14
 -4.078  0.1494E-14
 -4.068  0.7284E-15
 -4.058  0.3512E-15
 -4.048  0.1675E-15
 -4.038  0.7905E-16
 -4.028  0.3690E-16
 -4.018  0.1704E-16
 -4.008  0.7784E-17
 -3.998  0.3518E-17
 -3.988  0.1573E-17
 -3.978  0.6955E-18
 -3.968  0.3043E-18
 -3.958  0.1317E-18
 -3.948  0.5639E-19
 -3.938  0.2388E-19
 -3.928  0.1001E-19
 -3.918  0.4148E-20
 -3.908  0.1701E-20
 -3.898  0.6898E-21
 -3.888  0.2768E-21
 -3.878  0.1099E-21
 -3.868  0.4315E-22
 -3.858  0.1676E-22
 -3.848  0.6442E-23
 -3.838  0.2449E-23
 -3.828  0.9211E-24
 -3.818  0.3427E-24
 -3.808  0.1261E-24
 -3.798  0.4592E-25
 -3.788  0.1654E-25
 -3.778  0.5894E-26
 -3.768  0.2077E-26
 -3.758  0.7244E-27
 -3.748  0.2499E-27
 -3.738  0.8527E-28
 -3.728  0.2878E-28
 -3.718  0.9612E-29
 -3.708  0.3175E-29
 -3.698  0.1038E-29
 -3.688  0.3355E-30
 -3.678  0.1073E-30
 -3.668  0.3395E-31
 -3.658  0.1063E-31
 -3.648  0.3290E-32
 -3.638  0.1008E-32
 -3.628  0.3053E-33
 -3.618  0.9152E-34
 -3.608  0.2714E-34
 -3.598  0.7961E-35
 -3.588  0.2310E-35
 -3.578  0.6632E-36
 -3.568  0.1883E-36
 -3.558  0.5291E-37
 -3.548  0.1470E-37
 -3.538  0.4043E-38
 -3.528  0.1100E-38
 -3.518  0.2958E-39
 -3.508  0.7874E-40
 -3.498  0.2073E-40
 -3.488  0.5400E-41
 -3.478  0.1391E-41
 -3.468  0.3547E-42
 -3.458  0.8944E-43
 -3.448  0.2231E-43
 -3.438  0.5506E-44
 -3.428  0.1344E-44
 -3.418  0.3246E-45
 -3.408  0.7755E-46
 -3.398  0.1833E-46
 -3.388  0.4285E-47
 -3.378  0.9910E-48
 -3.368  0.2268E-48
 -3.358  0.5132E-49
 -3.348  0.1149E-49
 -3.338  0.2545E-50
 -3.328  0.5578E-51
 -3.318  0.1209E-51
 -3.308  0.2593E-52
 -3.298  0.5500E-53
 -3.288  0.1154E-53
 -3.278  0.2396E-54
 -3.268  0.4921E-55
 -3.258  0.9998E-56
 -3.248  0.2009E-56
 -3.238  0.3995E-57
 -3.228  0.7857E-58
 -3.218  0.1529E-58
 -3.208  0.2943E-59
 -3.198  0.5603E-60
 -3.188  0.1055E-60
 -3.178  0.1967E-61
 -3.168  0.3625E-62
 -3.158  0.6611E-63
 -3.148  0.1193E-63
 -3.138  0.2128E-64
 -3.128  0.3757E-65
 -3.118  0.6562E-66
 -3.108  0.1134E-66
 -3.098  0.1938E-67
 -3.088  0.3276E-68
 -3.078  0.5480E-69
 -3.068  0.9067E-70
 -3.058  0.1484E-70
 -3.048  0.2403E-71
 -3.038  0.3849E-72
 -3.028  0.6100E-73
 -3.018  0.9562E-74
 -3.008  0.1484E-74
 -2.998  0.2324E-75
 -2.988  0.6766E-76
 -2.978  0.2249E-75
 -2.968  0.1442E-74
 -2.958  0.9349E-74
 -2.948  0.6000E-73
 -2.938  0.3810E-72
 -2.928  0.2393E-71
 -2.918  0.1487E-70
 -2.908  0.9140E-70
 -2.898  0.5558E-69
 -2.888  0.3343E-68
 -2.878  0.1990E-67
 -2.868  0.1171E-66
 -2.858  0.6821E-66
 -2.848  0.3929E-65
 -2.838  0.2239E-64
 -2.828  0.1263E-63
 -2.818  0.7042E-63
 -2.808  0.3885E-62
 -2.798  0.2121E-61
 -2.788  0.1145E-60
 -2.778  0.6116E-60
 -2.768  0.3232E-59
 -2.758  0.1689E-58
 -2.748  0.8735E-58
 -2.738  0.4469E-57
 -2.728  0.2261E-56
 -2.718  0.1132E-55
 -2.708  0.5606E-55
 -2.698  0.2747E-54
 -2.688  0.1331E-53
 -2.678  0.6382E-53
 -2.668  0.3027E-52
 -2.658  0.1420E-51
 -2.648  0.6592E-51
 -2.638  0.3027E-50
 -2.628  0.1375E-49
 -2.618  0.6178E-49
 -2.608  0.2746E-48
 -2.598  0.1208E-47
 -2.588  0.5253E-47
 -2.578  0.2261E-46
 -2.568  0.9624E-46
 -2.558  0.4053E-45
 -2.548  0.1689E-44
 -2.538  0.6959E-44
 -2.528  0.2837E-43
 -2.518  0.1144E-42
 -2.508  0.4566E-42
 -2.498  0.1802E-41
 -2.488  0.7037E-41
 -2.478  0.2718E-40
 -2.468  0.1039E-39
 -2.458  0.3927E-39
 -2.448  0.1468E-38
 -2.438  0.5432E-38
 -2.428  0.1988E-37
 -2.418  0.7197E-37
 -2.408  0.2577E-36
 -2.398  0.9131E-36
 -2.388  0.3200E-35
 -2.378  0.1110E-34
 -2.368  0.3806E-34
 -2.358  0.1291E-33
 -2.348  0.4334E-33
 -2.338  0.1439E-32
 -2.328  0.4727E-32
 -2.318  0.1536E-31
 -2.308  0.4938E-31
 -2.298  0.1570E-30
 -2.288  0.4940E-30
 -2.278  0.1537E-29
 -2.268  0.4733E-29
 -2.258  0.1442E-28
 -2.248  0.4343E-28
 -2.238  0.1294E-27
 -2.228  0.3816E-27
 -2.218  0.1113E-26
 -2.208  0.3212E-26
 -2.198  0.9168E-26
 -2.188  0.2589E-25
 -2.178  0.7231E-25
 -2.168  0.1998E-24
 -2.158  0.5463E-24
 -2.148  0.1477E-23
 -2.138  0.3952E-23
 -2.128  0.1046E-22
 -2.118  0.2738E-22
 -2.108  0.7092E-22
 -2.098  0.1817E-21
 -2.088  0.4605E-21
 -2.078  0.1155E-20
 -2.068  0.2864E-20
 -2.058  0.7027E-20
 -2.048  0.1706E-19
 -2.038  0.4096E-19
 -2.028  0.9730E-19
 -2.018  0.2287E-18
 -2.008  0.5316E-18
 -1.998  0.1222E-17
 -1.988  0.2781E-17
 -1.978  0.6259E-17
 -1.968  0.1394E-16
 -1.958  0.3069E-16
 -1.948  0.6688E-16
 -1.938  0.1442E-15
 -1.928  0.3074E-15
 -1.918  0.6484E-15
 -1.908  0.1353E-14
 -1.898  0.2793E-14
 -1.888  0.5704E-14
 -1.878  0.1152E-13
 -1.868  0.2303E-13
 -1.858  0.4554E-13
 -1.848  0.8907E-13
 -1.838  0.1723E-12
 -1.828  0.3299E-12
 -1.818  0.6247E-12
 -1.808  0.1170E-11
 -1.798  0.2169E-11
 -1.788  0.3977E-11
 -1.778  0.7213E-11
 -1.768  0.1294E-10
 -1.758  0.2298E-10
 -1.748  0.4035E-10
 -1.738  0.7011E-10
 -1.728  0.1205E-09
 -1.718  0.2049E-09
 -1.708  0.3448E-09
 -1.698  0.5739E-09
 -1.688  0.9451E-09
 -1.678  0.1540E-08
 -1.668  0.2482E-08
 -1.658  0.3959E-08
 -1.648  0.6247E-08
 -1.638  0.9753E-08
 -1.628  0.1507E-07
 -1.618  0.2303E-07
 -1.608  0.3484E-07
 -1.598  0.5214E-07
 -1.588  0.7723E-07
 -1.578  0.1132E-06
 -1.568  0.1642E-06
 -1.558  0.2357E-06
 -1.548  0.3349E-06
 -1.538  0.4710E-06
 -1.528  0.6557E-06
 -1.518  0.9035E-06
 -1.508  0.1233E-05
 -1.498  0.1665E-05
 -1.488  0.2226E-05
 -1.478  0.2948E-05
 -1.468  0.3867E-05
 -1.458  0.5023E-05
 -1.448  0.6463E-05
 -1.438  0.8238E-05
 -1.428  0.1040E-04
 -1.418  0.1302E-04
 -1.408  0.1615E-04
 -1.398  0.1985E-04
 -1.388  0.2420E-04
 -1.378  0.2924E-04
 -1.368  0.3504E-04
 -1.358  0.4164E-04
 -1.348  0.4909E-04
 -1.338  0.5741E-04
 -1.328  0.6661E-04
 -1.318  0.7670E-04
 -1.308  0.8764E-04
 -1.298  0.9938E-04
 -1.288  0.1119E-03
 -1.278  0.1250E-03
 -1.268  0.1386E-03
 -1.258  0.1525E-03
 -1.248  0.1666E-03
 -1.238  0.1806E-03
 -1.228  0.1943E-03
 -1.218  0.2075E-03
 -1.208  0.2198E-03
 -1.198  0.2310E-03
 -1.188  0.2408E-03
 -1.178  0.2490E-03
 -1.168  0.2553E-03
 -1.158  0.2596E-03
 -1.148  0.2617E-03
 -1.138  0.2616E-03
 -1.128  0.2591E-03
 -1.118  0.2543E-03
 -1.108  0.2473E-03
 -1.098  0.2383E-03
 -1.088  0.2274E-03
 -1.078  0.2150E-03
 -1.068  0.2013E-03
 -1.058  0.1867E-03
 -1.048  0.1714E-03
 -1.038  0.1558E-03
 -1.028  0.1403E-03
 -1.018  0.1250E-03
 -1.008  0.1103E-03
 -0.998  0.9643E-04
 -0.988  0.8347E-04
 -0.978  0.7160E-04
 -0.968  0.6091E-04
 -0.958  0.5146E-04
 -0.948  0.4328E-04
 -0.938  0.3637E-04
 -0.928  0.3073E-04
 -0.918  0.2634E-04
 -0.908  0.2318E-04
 -0.898  0.2124E-04
 -0.888  0.2054E-04
 -0.878  0.2107E-04
 -0.868  0.2290E-04
 -0.858  0.2607E-04
 -0.848  0.3066E-04
 -0.838  0.3676E-04
 -0.828  0.4446E-04
 -0.818  0.5388E-04
 -0.808  0.6508E-04
 -0.798  0.7815E-04
 -0.788  0.9312E-04
 -0.778  0.1100E-03
 -0.768  0.1287E-03
 -0.758  0.1492E-03
 -0.748  0.1712E-03
 -0.738  0.1946E-03
 -0.728  0.2190E-03
 -0.718  0.2440E-03
 -0.708  0.2694E-03
 -0.698  0.2946E-03
 -0.688  0.3192E-03
 -0.678  0.3428E-03
 -0.668  0.3651E-03
 -0.658  0.3856E-03
 -0.648  0.4041E-03
 -0.638  0.4205E-03
 -0.628  0.4347E-03
 -0.618  0.4468E-03
 -0.608  0.4570E-03
 -0.598  0.4655E-03
 -0.588  0.4728E-03
 -0.578  0.4793E-03
 -0.568  0.4854E-03
 -0.558  0.4916E-03
 -0.548  0.4984E-03
 -0.538  0.5061E-03
 -0.528  0.5149E-03
 -0.518  0.5251E-03
 -0.508  0.5366E-03
 -0.498  0.5493E-03
 -0.488  0.5628E-03
 -0.478  0.5768E-03
 -0.468  0.5908E-03
 -0.458  0.6040E-03
 -0.448  0.6160E-03
 -0.438  0.6258E-03
 -0.428  0.6330E-03
 -0.418  0.6370E-03
 -0.408  0.6372E-03
 -0.398  0.6333E-03
 -0.388  0.6252E-03
 -0.378  0.6128E-03
 -0.368  0.5962E-03
 -0.358  0.5758E-03
 -0.348  0.5519E-03
 -0.338  0.5250E-03
 -0.328  0.4959E-03
 -0.318  0.4651E-03
 -0.308  0.4334E-03
 -0.298  0.4014E-03
 -0.288  0.3697E-03
 -0.278  0.3390E-03
 -0.268  0.3097E-03
 -0.258  0.2821E-03
 -0.248  0.2566E-03
 -0.238  0.2333E-03
 -0.228  0.2123E-03
 -0.218  0.1935E-03
 -0.208  0.1769E-03
 -0.198  0.1624E-03
 -0.188  0.1496E-03
 -0.178  0.1385E-03
 -0.168  0.1288E-03
 -0.158  0.1204E-03
 -0.148  0.1130E-03
 -0.138  0.1065E-03
 -0.128  0.1010E-03
 -0.118  0.9624E-04
 -0.108  0.9243E-04
 -0.098  0.8961E-04
 -0.088  0.8792E-04
 -0.078  0.8754E-04
 -0.068  0.8867E-04
 -0.058  0.9156E-04
 -0.048  0.9645E-04
 -0.038  0.1036E-03
 -0.028  0.1132E-03
 -0.018  0.1255E-03
 -0.008  0.1407E-03
  0.002  0.1588E-03
  0.012  0.1801E-03
  0.022  0.2043E-03
  0.032  0.2317E-03
  0.042  0.2618E-03
  0.052  0.2947E-03
  0.062  0.3298E-03
  0.072  0.3670E-03
  0.082  0.4058E-03
  0.092  0.4456E-03
  0.102  0.4859E-03
  0.112  0.5261E-03
  0.122  0.5657E-03
  0.132  0.6040E-03
  0.142  0.6404E-03
  0.152  0.6744E-03
  0.162  0.7056E-03
  0.172  0.7336E-03
  0.182  0.7580E-03
  0.192  0.7788E-03
  0.202  0.7958E-03
  0.212  0.8093E-03
  0.222  0.8195E-03
  0.232  0.8267E-03
  0.242  0.8315E-03
  0.252  0.8343E-03
  0.262  0.8359E-03
  0.272  0.8369E-03
  0.282  0.8377E-03
  0.292  0.8390E-03
  0.302  0.8410E-03
  0.312  0.8441E-03
  0.322  0.8483E-03
  0.332  0.8534E-03
  0.342  0.8591E-03
  0.352  0.8649E-03
  0.362  0.8702E-03
  0.372  0.8741E-03
  0.382  0.8759E-03
  0.392  0.8748E-03
  0.402  0.8699E-03
  0.412  0.8606E-03
  0.422  0.8463E-03
  0.432  0.8267E-03
  0.442  0.8018E-03
  0.452  0.7715E-03
  0.462  0.7362E-03
  0.472  0.6964E-03
  0.482  0.6529E-03
  0.492  0.6064E-03
  0.502  0.5578E-03
  0.512  0.5082E-03
  0.522  0.4584E-03
  0.532  0.4093E-03
  0.542  0.3618E-03
  0.552  0.3166E-03
  0.562  0.2741E-03
  0.572  0.2349E-03
  0.582  0.1992E-03
  0.592  0.1672E-03
  0.602  0.1388E-03
  0.612  0.1141E-03
  0.622  0.9274E-04
  0.632  0.7461E-04
  0.642  0.5939E-04
  0.652  0.4677E-04
  0.662  0.3644E-04
  0.672  0.2810E-04
  0.682  0.2143E-04
  0.692  0.1618E-04
  0.702  0.1208E-04
  0.712  0.8924E-05
  0.722  0.6523E-05
  0.732  0.4717E-05
  0.742  0.3375E-05
  0.752  0.2389E-05
  0.762  0.1673E-05
  0.772  0.1160E-05
  0.782  0.7950E-06
  0.792  0.5392E-06
  0.802  0.3619E-06
  0.812  0.2403E-06
  0.822  0.1578E-06
  0.832  0.1026E-06
  0.842  0.6596E-07
