 -5.548  0.5591E-09
 -5.538  0.8657E-09
 -5.528  0.1327E-08
 -5.518  0.2012E-08
 -5.508  0.3019E-08
 -5.498  0.4484E-08
 -5.488  0.6593E-08
 -5.478  0.9597E-08
 -5.468  0.1383E-07
 -5.458  0.1974E-07
 -5.448  0.2790E-07
 -5.438  0.3906E-07
 -5.428  0.5418E-07
 -5.418  0.7449E-07
 -5.408  0.1015E-06
 -5.398  0.1372E-06
 -5.388  0.1840E-06
 -5.378  0.2449E-06
 -5.368  0.3236E-06
 -5.358  0.4247E-06
 -5.348  0.5540E-06
 -5.338  0.7185E-06
 -5.328  0.9271E-06
 -5.318  0.1191E-05
 -5.308  0.1522E-05
 -5.298  0.1939E-05
 -5.288  0.2460E-05
 -5.278  0.3112E-05
 -5.268  0.3923E-05
 -5.258  0.4930E-05
 -5.248  0.6176E-05
 -5.238  0.7711E-05
 -5.228  0.9595E-05
 -5.218  0.1190E-04
 -5.208  0.1469E-04
 -5.198  0.1807E-04
 -5.188  0.2214E-04
 -5.178  0.2701E-04
 -5.168  0.3284E-04
 -5.158  0.3977E-04
 -5.148  0.4804E-04
 -5.138  0.5789E-04
 -5.128  0.6968E-04
 -5.118  0.8388E-04
 -5.108  0.1011E-03
 -5.098  0.1223E-03
 -5.088  0.1485E-03
 -5.078  0.1814E-03
 -5.068  0.2231E-03
 -5.058  0.2763E-03
 -5.048  0.3447E-03
 -5.038  0.4327E-03
 -5.028  0.5461E-03
 -5.018  0.6919E-03
 -5.008  0.8784E-03
 -4.998  0.1115E-02
 -4.988  0.1414E-02
 -4.978  0.1788E-02
 -4.968  0.2250E-02
 -4.958  0.2816E-02
 -4.948  0.3500E-02
 -4.938  0.4318E-02
 -4.928  0.5282E-02
 -4.918  0.6405E-02
 -4.908  0.7695E-02
 -4.898  0.9157E-02
 -4.888  0.1079E-01
 -4.878  0.1259E-01
 -4.868  0.1453E-01
 -4.858  0.1660E-01
 -4.848  0.1878E-01
 -4.838  0.2101E-01
 -4.828  0.2326E-01
 -4.818  0.2548E-01
 -4.808  0.2761E-01
 -4.798  0.2960E-01
 -4.788  0.3140E-01
 -4.778  0.3295E-01
 -4.768  0.3421E-01
 -4.758  0.3514E-01
 -4.748  0.3570E-01
 -4.738  0.3588E-01
 -4.728  0.3568E-01
 -4.718  0.3510E-01
 -4.708  0.3416E-01
 -4.698  0.3288E-01
 -4.688  0.3131E-01
 -4.678  0.2950E-01
 -4.668  0.2750E-01
 -4.658  0.2535E-01
 -4.648  0.2312E-01
 -4.638  0.2086E-01
 -4.628  0.1862E-01
 -4.618  0.1644E-01
 -4.608  0.1436E-01
 -4.598  0.1241E-01
 -4.588  0.1061E-01
 -4.578  0.8971E-02
 -4.568  0.7505E-02
 -4.558  0.6211E-02
 -4.548  0.5085E-02
 -4.538  0.4118E-02
 -4.528  0.3299E-02
 -4.518  0.2615E-02
 -4.508  0.2050E-02
 -4.498  0.1590E-02
 -4.488  0.1220E-02
 -4.478  0.9262E-03
 -4.468  0.6954E-03
 -4.458  0.5166E-03
 -4.448  0.3796E-03
 -4.438  0.2760E-03
 -4.428  0.1984E-03
 -4.418  0.1412E-03
 -4.408  0.9936E-04
 -4.398  0.6917E-04
 -4.388  0.4764E-04
 -4.378  0.3246E-04
 -4.368  0.2188E-04
 -4.358  0.1459E-04
 -4.348  0.9621E-05
 -4.338  0.6278E-05
 -4.328  0.4052E-05
 -4.318  0.2587E-05
 -4.308  0.1634E-05
 -4.298  0.1021E-05
 -4.288  0.6314E-06
 -4.278  0.3861E-06
 -4.268  0.2336E-06
 -4.258  0.1398E-06
 -4.248  0.8277E-07
 -4.238  0.4848E-07
 -4.228  0.2809E-07
 -4.218  0.1610E-07
 -4.208  0.9128E-08
 -4.198  0.5120E-08
 -4.188  0.2841E-08
 -4.178  0.1559E-08
 -4.168  0.8468E-09
 -4.158  0.4549E-09
 -4.148  0.2417E-09
 -4.138  0.1271E-09
 -4.128  0.6609E-10
 -4.118  0.3400E-10
 -4.108  0.1730E-10
 -4.098  0.8712E-11
 -4.088  0.4339E-11
 -4.078  0.2138E-11
 -4.068  0.1042E-11
 -4.058  0.5025E-12
 -4.048  0.2397E-12
 -4.038  0.1131E-12
 -4.028  0.5279E-13
 -4.018  0.2438E-13
 -4.008  0.1114E-13
 -3.998  0.5033E-14
 -3.988  0.2250E-14
 -3.978  0.9950E-15
 -3.968  0.4353E-15
 -3.958  0.1884E-15
 -3.948  0.8066E-16
 -3.938  0.3416E-16
 -3.928  0.1431E-16
 -3.918  0.5933E-17
 -3.908  0.2433E-17
 -3.898  0.9869E-18
 -3.888  0.3960E-18
 -3.878  0.1572E-18
 -3.868  0.6173E-19
 -3.858  0.2398E-19
 -3.848  0.9216E-20
 -3.838  0.3504E-20
 -3.828  0.1318E-20
 -3.818  0.4902E-21
 -3.808  0.1804E-21
 -3.798  0.6569E-22
 -3.788  0.2366E-22
 -3.778  0.8431E-23
 -3.768  0.2972E-23
 -3.758  0.1036E-23
 -3.748  0.3574E-24
 -3.738  0.1220E-24
 -3.728  0.4117E-25
 -3.718  0.1375E-25
 -3.708  0.4542E-26
 -3.698  0.1484E-26
 -3.688  0.4799E-27
 -3.678  0.1535E-27
 -3.668  0.4856E-28
 -3.658  0.1520E-28
 -3.648  0.4706E-29
 -3.638  0.1441E-29
 -3.628  0.4368E-30
 -3.618  0.1309E-30
 -3.608  0.3882E-31
 -3.598  0.1139E-31
 -3.588  0.3305E-32
 -3.578  0.9486E-33
 -3.568  0.2694E-33
 -3.558  0.7568E-34
 -3.548  0.2103E-34
 -3.538  0.5783E-35
 -3.528  0.1573E-35
 -3.518  0.4231E-36
 -3.508  0.1126E-36
 -3.498  0.2965E-37
 -3.488  0.7724E-38
 -3.478  0.1990E-38
 -3.468  0.5073E-39
 -3.458  0.1279E-39
 -3.448  0.3191E-40
 -3.438  0.7875E-41
 -3.428  0.1923E-41
 -3.418  0.4643E-42
 -3.408  0.1109E-42
 -3.398  0.2621E-43
 -3.388  0.6129E-44
 -3.378  0.1417E-44
 -3.368  0.3243E-45
 -3.358  0.7341E-46
 -3.348  0.1644E-46
 -3.338  0.3641E-47
 -3.328  0.7978E-48
 -3.318  0.1729E-48
 -3.308  0.3708E-49
 -3.298  0.7867E-50
 -3.288  0.1651E-50
 -3.278  0.3427E-51
 -3.268  0.7038E-52
 -3.258  0.1430E-52
 -3.248  0.2874E-53
 -3.238  0.5714E-54
 -3.228  0.1124E-54
 -3.218  0.2187E-55
 -3.208  0.4209E-56
 -3.198  0.8014E-57
 -3.188  0.1509E-57
 -3.178  0.2813E-58
 -3.168  0.5185E-59
 -3.158  0.9455E-60
 -3.148  0.1706E-60
 -3.138  0.3044E-61
 -3.128  0.5374E-62
 -3.118  0.9385E-63
 -3.108  0.1621E-63
 -3.098  0.2771E-64
 -3.088  0.4686E-65
 -3.078  0.7837E-66
 -3.068  0.1297E-66
 -3.058  0.2122E-67
 -3.048  0.3437E-68
 -3.038  0.5505E-69
 -3.028  0.8724E-70
 -3.018  0.1368E-70
 -3.008  0.2121E-71
 -2.998  0.3264E-72
 -2.988  0.5678E-73
 -2.978  0.5652E-73
 -2.968  0.3232E-72
 -2.958  0.2090E-71
 -2.948  0.1341E-70
 -2.938  0.8516E-70
 -2.928  0.5349E-69
 -2.918  0.3324E-68
 -2.908  0.2043E-67
 -2.898  0.1242E-66
 -2.888  0.7473E-66
 -2.878  0.4447E-65
 -2.868  0.2618E-64
 -2.858  0.1525E-63
 -2.848  0.8784E-63
 -2.838  0.5006E-62
 -2.828  0.2822E-61
 -2.818  0.1574E-60
 -2.808  0.8685E-60
 -2.798  0.4740E-59
 -2.788  0.2560E-58
 -2.778  0.1367E-57
 -2.768  0.7224E-57
 -2.758  0.3776E-56
 -2.748  0.1953E-55
 -2.738  0.9989E-55
 -2.728  0.5055E-54
 -2.718  0.2531E-53
 -2.708  0.1253E-52
 -2.698  0.6140E-52
 -2.688  0.2976E-51
 -2.678  0.1427E-50
 -2.668  0.6766E-50
 -2.658  0.3175E-49
 -2.648  0.1474E-48
 -2.638  0.6766E-48
 -2.628  0.3073E-47
 -2.618  0.1381E-46
 -2.608  0.6139E-46
 -2.598  0.2699E-45
 -2.588  0.1174E-44
 -2.578  0.5054E-44
 -2.568  0.2151E-43
 -2.558  0.9060E-43
 -2.548  0.3775E-42
 -2.538  0.1556E-41
 -2.528  0.6343E-41
 -2.518  0.2558E-40
 -2.508  0.1021E-39
 -2.498  0.4029E-39
 -2.488  0.1573E-38
 -2.478  0.6077E-38
 -2.468  0.2322E-37
 -2.458  0.8777E-37
 -2.448  0.3282E-36
 -2.438  0.1214E-35
 -2.428  0.4444E-35
 -2.418  0.1609E-34
 -2.408  0.5761E-34
 -2.398  0.2041E-33
 -2.388  0.7154E-33
 -2.378  0.2480E-32
 -2.368  0.8507E-32
 -2.358  0.2887E-31
 -2.348  0.9689E-31
 -2.338  0.3217E-30
 -2.328  0.1057E-29
 -2.318  0.3434E-29
 -2.308  0.1104E-28
 -2.298  0.3510E-28
 -2.288  0.1104E-27
 -2.278  0.3437E-27
 -2.268  0.1058E-26
 -2.258  0.3222E-26
 -2.248  0.9708E-26
 -2.238  0.2893E-25
 -2.228  0.8531E-25
 -2.218  0.2488E-24
 -2.208  0.7180E-24
 -2.198  0.2049E-23
 -2.188  0.5787E-23
 -2.178  0.1616E-22
 -2.168  0.4467E-22
 -2.158  0.1221E-21
 -2.148  0.3302E-21
 -2.138  0.8834E-21
 -2.128  0.2338E-20
 -2.118  0.6121E-20
 -2.108  0.1585E-19
 -2.098  0.4061E-19
 -2.088  0.1029E-18
 -2.078  0.2581E-18
 -2.068  0.6402E-18
 -2.058  0.1571E-17
 -2.048  0.3813E-17
 -2.038  0.9156E-17
 -2.028  0.2175E-16
 -2.018  0.5111E-16
 -2.008  0.1188E-15
 -1.998  0.2732E-15
 -1.988  0.6216E-15
 -1.978  0.1399E-14
 -1.968  0.3115E-14
 -1.958  0.6860E-14
 -1.948  0.1495E-13
 -1.938  0.3222E-13
 -1.928  0.6869E-13
 -1.918  0.1449E-12
 -1.908  0.3024E-12
 -1.898  0.6242E-12
 -1.888  0.1275E-11
 -1.878  0.2575E-11
 -1.868  0.5146E-11
 -1.858  0.1017E-10
 -1.848  0.1990E-10
 -1.838  0.3850E-10
 -1.828  0.7368E-10
 -1.818  0.1395E-09
 -1.808  0.2613E-09
 -1.798  0.4843E-09
 -1.788  0.8878E-09
 -1.778  0.1610E-08
 -1.768  0.2888E-08
 -1.758  0.5126E-08
 -1.748  0.9001E-08
 -1.738  0.1563E-07
 -1.728  0.2687E-07
 -1.718  0.4567E-07
 -1.708  0.7681E-07
 -1.698  0.1278E-06
 -1.688  0.2103E-06
 -1.678  0.3425E-06
 -1.668  0.5518E-06
 -1.658  0.8795E-06
 -1.648  0.1387E-05
 -1.638  0.2163E-05
 -1.628  0.3339E-05
 -1.618  0.5099E-05
 -1.608  0.7703E-05
 -1.598  0.1151E-04
 -1.588  0.1703E-04
 -1.578  0.2492E-04
 -1.568  0.3608E-04
 -1.558  0.5168E-04
 -1.548  0.7326E-04
 -1.538  0.1028E-03
 -1.528  0.1426E-03
 -1.518  0.1959E-03
 -1.508  0.2663E-03
 -1.498  0.3583E-03
 -1.488  0.4770E-03
 -1.478  0.6286E-03
 -1.468  0.8199E-03
 -1.458  0.1059E-02
 -1.448  0.1353E-02
 -1.438  0.1712E-02
 -1.428  0.2145E-02
 -1.418  0.2660E-02
 -1.408  0.3268E-02
 -1.398  0.3976E-02
 -1.388  0.4790E-02
 -1.378  0.5717E-02
 -1.368  0.6759E-02
 -1.358  0.7918E-02
 -1.348  0.9191E-02
 -1.338  0.1057E-01
 -1.328  0.1206E-01
 -1.318  0.1363E-01
 -1.308  0.1527E-01
 -1.298  0.1697E-01
 -1.288  0.1870E-01
 -1.278  0.2044E-01
 -1.268  0.2216E-01
 -1.258  0.2383E-01
 -1.248  0.2543E-01
 -1.238  0.2693E-01
 -1.228  0.2829E-01
 -1.218  0.2949E-01
 -1.208  0.3051E-01
 -1.198  0.3133E-01
 -1.188  0.3192E-01
 -1.178  0.3227E-01
 -1.168  0.3238E-01
 -1.158  0.3223E-01
 -1.148  0.3183E-01
 -1.138  0.3119E-01
 -1.128  0.3031E-01
 -1.118  0.2922E-01
 -1.108  0.2793E-01
 -1.098  0.2648E-01
 -1.088  0.2488E-01
 -1.078  0.2318E-01
 -1.068  0.2141E-01
 -1.058  0.1959E-01
 -1.048  0.1776E-01
 -1.038  0.1596E-01
 -1.028  0.1421E-01
 -1.018  0.1252E-01
 -1.008  0.1094E-01
 -0.998  0.9459E-02
 -0.988  0.8101E-02
 -0.978  0.6869E-02
 -0.968  0.5768E-02
 -0.958  0.4795E-02
 -0.948  0.3946E-02
 -0.938  0.3216E-02
 -0.928  0.2595E-02
 -0.918  0.2073E-02
 -0.908  0.1642E-02
 -0.898  0.1289E-02
 -0.888  0.1005E-02
 -0.878  0.7808E-03
 -0.868  0.6070E-03
 -0.858  0.4760E-03
 -0.848  0.3814E-03
 -0.838  0.3176E-03
 -0.828  0.2802E-03
 -0.818  0.2660E-03
 -0.808  0.2725E-03
 -0.798  0.2983E-03
 -0.788  0.3423E-03
 -0.778  0.4042E-03
 -0.768  0.4842E-03
 -0.758  0.5825E-03
 -0.748  0.6995E-03
 -0.738  0.8356E-03
 -0.728  0.9909E-03
 -0.718  0.1165E-02
 -0.708  0.1359E-02
 -0.698  0.1570E-02
 -0.688  0.1799E-02
 -0.678  0.2043E-02
 -0.668  0.2302E-02
 -0.658  0.2574E-02
 -0.648  0.2859E-02
 -0.638  0.3155E-02
 -0.628  0.3463E-02
 -0.618  0.3786E-02
 -0.608  0.4127E-02
 -0.598  0.4489E-02
 -0.588  0.4882E-02
 -0.578  0.5314E-02
 -0.568  0.5796E-02
 -0.558  0.6341E-02
 -0.548  0.6963E-02
 -0.538  0.7678E-02
 -0.528  0.8499E-02
 -0.518  0.9442E-02
 -0.508  0.1052E-01
 -0.498  0.1173E-01
 -0.488  0.1310E-01
 -0.478  0.1460E-01
 -0.468  0.1625E-01
 -0.458  0.1801E-01
 -0.448  0.1988E-01
 -0.438  0.2181E-01
 -0.428  0.2378E-01
 -0.418  0.2575E-01
 -0.408  0.2765E-01
 -0.398  0.2946E-01
 -0.388  0.3111E-01
 -0.378  0.3256E-01
 -0.368  0.3376E-01
 -0.358  0.3467E-01
 -0.348  0.3527E-01
 -0.338  0.3554E-01
 -0.328  0.3545E-01
 -0.318  0.3502E-01
 -0.308  0.3426E-01
 -0.298  0.3319E-01
 -0.288  0.3184E-01
 -0.278  0.3024E-01
 -0.268  0.2846E-01
 -0.258  0.2653E-01
 -0.248  0.2451E-01
 -0.238  0.2244E-01
 -0.228  0.2036E-01
 -0.218  0.1833E-01
 -0.208  0.1638E-01
 -0.198  0.1453E-01
 -0.188  0.1282E-01
 -0.178  0.1125E-01
 -0.168  0.9840E-02
 -0.158  0.8595E-02
 -0.148  0.7519E-02
 -0.138  0.6612E-02
 -0.128  0.5872E-02
 -0.118  0.5296E-02
 -0.108  0.4883E-02
 -0.098  0.4632E-02
 -0.088  0.4542E-02
 -0.078  0.4614E-02
 -0.068  0.4850E-02
 -0.058  0.5253E-02
 -0.048  0.5825E-02
 -0.038  0.6569E-02
 -0.028  0.7484E-02
 -0.018  0.8569E-02
 -0.008  0.9815E-02
  0.002  0.1121E-01
  0.012  0.1275E-01
  0.022  0.1440E-01
  0.032  0.1613E-01
  0.042  0.1793E-01
  0.052  0.1974E-01
  0.062  0.2152E-01
  0.072  0.2324E-01
  0.082  0.2485E-01
  0.092  0.2630E-01
  0.102  0.2756E-01
  0.112  0.2859E-01
  0.122  0.2936E-01
  0.132  0.2986E-01
  0.142  0.3008E-01
  0.152  0.3001E-01
  0.162  0.2967E-01
  0.172  0.2907E-01
  0.182  0.2826E-01
  0.192  0.2726E-01
  0.202  0.2612E-01
  0.212  0.2488E-01
  0.222  0.2361E-01
  0.232  0.2235E-01
  0.242  0.2114E-01
  0.252  0.2003E-01
  0.262  0.1906E-01
  0.272  0.1825E-01
  0.282  0.1763E-01
  0.292  0.1720E-01
  0.302  0.1698E-01
  0.312  0.1695E-01
  0.322  0.1709E-01
  0.332  0.1739E-01
  0.342  0.1781E-01
  0.352  0.1831E-01
  0.362  0.1886E-01
  0.372  0.1942E-01
  0.382  0.1994E-01
  0.392  0.2039E-01
  0.402  0.2073E-01
  0.412  0.2094E-01
  0.422  0.2099E-01
  0.432  0.2086E-01
  0.442  0.2054E-01
  0.452  0.2005E-01
  0.462  0.1937E-01
  0.472  0.1854E-01
  0.482  0.1756E-01
  0.492  0.1647E-01
  0.502  0.1528E-01
  0.512  0.1404E-01
  0.522  0.1276E-01
  0.532  0.1147E-01
  0.542  0.1021E-01
  0.552  0.8989E-02
  0.562  0.7831E-02
  0.572  0.6750E-02
  0.582  0.5756E-02
  0.592  0.4857E-02
  0.602  0.4055E-02
  0.612  0.3349E-02
  0.622  0.2736E-02
  0.632  0.2212E-02
  0.642  0.1770E-02
  0.652  0.1400E-02
  0.662  0.1096E-02
  0.672  0.8492E-03
  0.682  0.6508E-03
  0.692  0.4934E-03
  0.702  0.3701E-03
  0.712  0.2747E-03
  0.722  0.2017E-03
  0.732  0.1465E-03
  0.742  0.1053E-03
  0.752  0.7484E-04
  0.762  0.5264E-04
  0.772  0.3664E-04
  0.782  0.2522E-04
  0.792  0.1718E-04
  0.802  0.1158E-04
  0.812  0.7719E-05
  0.822  0.5091E-05
  0.832  0.3322E-05
  0.842  0.2145E-05
