 -5.548  0.9751E-09
 -5.538  0.1508E-08
 -5.528  0.2307E-08
 -5.518  0.3492E-08
 -5.508  0.5229E-08
 -5.498  0.7747E-08
 -5.488  0.1136E-07
 -5.478  0.1647E-07
 -5.468  0.2363E-07
 -5.458  0.3355E-07
 -5.448  0.4714E-07
 -5.438  0.6553E-07
 -5.428  0.9016E-07
 -5.418  0.1228E-06
 -5.408  0.1654E-06
 -5.398  0.2207E-06
 -5.388  0.2914E-06
 -5.378  0.3811E-06
 -5.368  0.4933E-06
 -5.358  0.6325E-06
 -5.348  0.8034E-06
 -5.338  0.1011E-05
 -5.328  0.1261E-05
 -5.318  0.1559E-05
 -5.308  0.1911E-05
 -5.298  0.2324E-05
 -5.288  0.2805E-05
 -5.278  0.3362E-05
 -5.268  0.4001E-05
 -5.258  0.4733E-05
 -5.248  0.5567E-05
 -5.238  0.6513E-05
 -5.228  0.7585E-05
 -5.218  0.8794E-05
 -5.208  0.1016E-04
 -5.198  0.1169E-04
 -5.188  0.1341E-04
 -5.178  0.1533E-04
 -5.168  0.1747E-04
 -5.158  0.1985E-04
 -5.148  0.2247E-04
 -5.138  0.2535E-04
 -5.128  0.2849E-04
 -5.118  0.3187E-04
 -5.108  0.3548E-04
 -5.098  0.3930E-04
 -5.088  0.4329E-04
 -5.078  0.4740E-04
 -5.068  0.5157E-04
 -5.058  0.5573E-04
 -5.048  0.5981E-04
 -5.038  0.6374E-04
 -5.028  0.6742E-04
 -5.018  0.7080E-04
 -5.008  0.7379E-04
 -4.998  0.7635E-04
 -4.988  0.7842E-04
 -4.978  0.7997E-04
 -4.968  0.8100E-04
 -4.958  0.8149E-04
 -4.948  0.8149E-04
 -4.938  0.8101E-04
 -4.928  0.8010E-04
 -4.918  0.7884E-04
 -4.908  0.7727E-04
 -4.898  0.7547E-04
 -4.888  0.7350E-04
 -4.878  0.7143E-04
 -4.868  0.6932E-04
 -4.858  0.6720E-04
 -4.848  0.6512E-04
 -4.838  0.6309E-04
 -4.828  0.6114E-04
 -4.818  0.5925E-04
 -4.808  0.5743E-04
 -4.798  0.5565E-04
 -4.788  0.5389E-04
 -4.778  0.5213E-04
 -4.768  0.5033E-04
 -4.758  0.4847E-04
 -4.748  0.4653E-04
 -4.738  0.4449E-04
 -4.728  0.4235E-04
 -4.718  0.4009E-04
 -4.708  0.3773E-04
 -4.698  0.3528E-04
 -4.688  0.3276E-04
 -4.678  0.3018E-04
 -4.668  0.2760E-04
 -4.658  0.2502E-04
 -4.648  0.2249E-04
 -4.638  0.2004E-04
 -4.628  0.1769E-04
 -4.618  0.1547E-04
 -4.608  0.1340E-04
 -4.598  0.1150E-04
 -4.588  0.9765E-05
 -4.578  0.8212E-05
 -4.568  0.6837E-05
 -4.558  0.5634E-05
 -4.548  0.4596E-05
 -4.538  0.3710E-05
 -4.528  0.2964E-05
 -4.518  0.2344E-05
 -4.508  0.1834E-05
 -4.498  0.1420E-05
 -4.488  0.1088E-05
 -4.478  0.8244E-06
 -4.468  0.6183E-06
 -4.458  0.4588E-06
 -4.448  0.3368E-06
 -4.438  0.2447E-06
 -4.428  0.1758E-06
 -4.418  0.1250E-06
 -4.408  0.8792E-07
 -4.398  0.6118E-07
 -4.388  0.4212E-07
 -4.378  0.2869E-07
 -4.368  0.1933E-07
 -4.358  0.1288E-07
 -4.348  0.8496E-08
 -4.338  0.5542E-08
 -4.328  0.3577E-08
 -4.318  0.2284E-08
 -4.308  0.1442E-08
 -4.298  0.9012E-09
 -4.288  0.5571E-09
 -4.278  0.3406E-09
 -4.268  0.2061E-09
 -4.258  0.1233E-09
 -4.248  0.7300E-10
 -4.238  0.4275E-10
 -4.228  0.2477E-10
 -4.218  0.1420E-10
 -4.208  0.8049E-11
 -4.198  0.4515E-11
 -4.188  0.2505E-11
 -4.178  0.1375E-11
 -4.168  0.7467E-12
 -4.158  0.4011E-12
 -4.148  0.2131E-12
 -4.138  0.1121E-12
 -4.128  0.5827E-13
 -4.118  0.2998E-13
 -4.108  0.1526E-13
 -4.098  0.7681E-14
 -4.088  0.3826E-14
 -4.078  0.1885E-14
 -4.068  0.9188E-15
 -4.058  0.4430E-15
 -4.048  0.2113E-15
 -4.038  0.9971E-16
 -4.028  0.4654E-16
 -4.018  0.2149E-16
 -4.008  0.9818E-17
 -3.998  0.4437E-17
 -3.988  0.1984E-17
 -3.978  0.8772E-18
 -3.968  0.3838E-18
 -3.958  0.1661E-18
 -3.948  0.7112E-19
 -3.938  0.3012E-19
 -3.928  0.1262E-19
 -3.918  0.5231E-20
 -3.908  0.2145E-20
 -3.898  0.8701E-21
 -3.888  0.3491E-21
 -3.878  0.1386E-21
 -3.868  0.5442E-22
 -3.858  0.2114E-22
 -3.848  0.8125E-23
 -3.838  0.3089E-23
 -3.828  0.1162E-23
 -3.818  0.4322E-24
 -3.808  0.1591E-24
 -3.798  0.5792E-25
 -3.788  0.2086E-25
 -3.778  0.7433E-26
 -3.768  0.2620E-26
 -3.758  0.9136E-27
 -3.748  0.3151E-27
 -3.738  0.1075E-27
 -3.728  0.3630E-28
 -3.718  0.1212E-28
 -3.708  0.4005E-29
 -3.698  0.1309E-29
 -3.688  0.4231E-30
 -3.678  0.1353E-30
 -3.668  0.4281E-31
 -3.658  0.1340E-31
 -3.648  0.4149E-32
 -3.638  0.1271E-32
 -3.628  0.3851E-33
 -3.618  0.1154E-33
 -3.608  0.3423E-34
 -3.598  0.1004E-34
 -3.588  0.2913E-35
 -3.578  0.8364E-36
 -3.568  0.2375E-36
 -3.558  0.6673E-37
 -3.548  0.1854E-37
 -3.538  0.5098E-38
 -3.528  0.1387E-38
 -3.518  0.3731E-39
 -3.508  0.9930E-40
 -3.498  0.2614E-40
 -3.488  0.6810E-41
 -3.478  0.1755E-41
 -3.468  0.4473E-42
 -3.458  0.1128E-42
 -3.448  0.2814E-43
 -3.438  0.6943E-44
 -3.428  0.1695E-44
 -3.418  0.4093E-45
 -3.408  0.9779E-46
 -3.398  0.2311E-46
 -3.388  0.5404E-47
 -3.378  0.1250E-47
 -3.368  0.2859E-48
 -3.358  0.6472E-49
 -3.348  0.1449E-49
 -3.338  0.3210E-50
 -3.328  0.7034E-51
 -3.318  0.1525E-51
 -3.308  0.3270E-52
 -3.298  0.6936E-53
 -3.288  0.1456E-53
 -3.278  0.3022E-54
 -3.268  0.6205E-55
 -3.258  0.1261E-55
 -3.248  0.2534E-56
 -3.238  0.5038E-57
 -3.228  0.9908E-58
 -3.218  0.1928E-58
 -3.208  0.3711E-59
 -3.198  0.7066E-60
 -3.188  0.1331E-60
 -3.178  0.2480E-61
 -3.168  0.4572E-62
 -3.158  0.8337E-63
 -3.148  0.1504E-63
 -3.138  0.2684E-64
 -3.128  0.4738E-65
 -3.118  0.8275E-66
 -3.108  0.1430E-66
 -3.098  0.2443E-67
 -3.088  0.4131E-68
 -3.078  0.6910E-69
 -3.068  0.1143E-69
 -3.058  0.1871E-70
 -3.048  0.3030E-71
 -3.038  0.4854E-72
 -3.028  0.7691E-73
 -3.018  0.1206E-73
 -3.008  0.1871E-74
 -2.998  0.2924E-75
 -2.988  0.8085E-76
 -2.978  0.2540E-75
 -2.968  0.1624E-74
 -2.958  0.1053E-73
 -2.948  0.6758E-73
 -2.938  0.4291E-72
 -2.928  0.2695E-71
 -2.918  0.1675E-70
 -2.908  0.1029E-69
 -2.898  0.6260E-69
 -2.888  0.3766E-68
 -2.878  0.2241E-67
 -2.868  0.1319E-66
 -2.858  0.7682E-66
 -2.848  0.4426E-65
 -2.838  0.2522E-64
 -2.828  0.1422E-63
 -2.818  0.7931E-63
 -2.808  0.4376E-62
 -2.798  0.2389E-61
 -2.788  0.1290E-60
 -2.778  0.6889E-60
 -2.768  0.3640E-59
 -2.758  0.1903E-58
 -2.748  0.9839E-58
 -2.738  0.5033E-57
 -2.728  0.2547E-56
 -2.718  0.1275E-55
 -2.708  0.6315E-55
 -2.698  0.3094E-54
 -2.688  0.1499E-53
 -2.678  0.7188E-53
 -2.668  0.3409E-52
 -2.658  0.1600E-51
 -2.648  0.7425E-51
 -2.638  0.3409E-50
 -2.628  0.1549E-49
 -2.618  0.6958E-49
 -2.608  0.3093E-48
 -2.598  0.1360E-47
 -2.588  0.5917E-47
 -2.578  0.2546E-46
 -2.568  0.1084E-45
 -2.558  0.4565E-45
 -2.548  0.1902E-44
 -2.538  0.7839E-44
 -2.528  0.3196E-43
 -2.518  0.1289E-42
 -2.508  0.5143E-42
 -2.498  0.2030E-41
 -2.488  0.7927E-41
 -2.478  0.3062E-40
 -2.468  0.1170E-39
 -2.458  0.4423E-39
 -2.448  0.1654E-38
 -2.438  0.6118E-38
 -2.428  0.2239E-37
 -2.418  0.8106E-37
 -2.408  0.2903E-36
 -2.398  0.1028E-35
 -2.388  0.3605E-35
 -2.378  0.1250E-34
 -2.368  0.4287E-34
 -2.358  0.1454E-33
 -2.348  0.4882E-33
 -2.338  0.1621E-32
 -2.328  0.5325E-32
 -2.318  0.1730E-31
 -2.308  0.5562E-31
 -2.298  0.1769E-30
 -2.288  0.5564E-30
 -2.278  0.1732E-29
 -2.268  0.5331E-29
 -2.258  0.1624E-28
 -2.248  0.4892E-28
 -2.238  0.1458E-27
 -2.228  0.4299E-27
 -2.218  0.1254E-26
 -2.208  0.3618E-26
 -2.198  0.1033E-25
 -2.188  0.2916E-25
 -2.178  0.8145E-25
 -2.168  0.2251E-24
 -2.158  0.6153E-24
 -2.148  0.1664E-23
 -2.138  0.4451E-23
 -2.128  0.1178E-22
 -2.118  0.3084E-22
 -2.108  0.7988E-22
 -2.098  0.2047E-21
 -2.088  0.5187E-21
 -2.078  0.1301E-20
 -2.068  0.3226E-20
 -2.058  0.7915E-20
 -2.048  0.1921E-19
 -2.038  0.4614E-19
 -2.028  0.1096E-18
 -2.018  0.2576E-18
 -2.008  0.5987E-18
 -1.998  0.1377E-17
 -1.988  0.3133E-17
 -1.978  0.7050E-17
 -1.968  0.1570E-16
 -1.958  0.3457E-16
 -1.948  0.7533E-16
 -1.938  0.1624E-15
 -1.928  0.3462E-15
 -1.918  0.7304E-15
 -1.908  0.1524E-14
 -1.898  0.3146E-14
 -1.888  0.6425E-14
 -1.878  0.1298E-13
 -1.868  0.2594E-13
 -1.858  0.5129E-13
 -1.848  0.1003E-12
 -1.838  0.1941E-12
 -1.828  0.3716E-12
 -1.818  0.7037E-12
 -1.808  0.1318E-11
 -1.798  0.2443E-11
 -1.788  0.4480E-11
 -1.778  0.8126E-11
 -1.768  0.1458E-10
 -1.758  0.2588E-10
 -1.748  0.4546E-10
 -1.738  0.7899E-10
 -1.728  0.1358E-09
 -1.718  0.2309E-09
 -1.708  0.3885E-09
 -1.698  0.6466E-09
 -1.688  0.1065E-08
 -1.678  0.1735E-08
 -1.668  0.2797E-08
 -1.658  0.4461E-08
 -1.648  0.7040E-08
 -1.638  0.1099E-07
 -1.628  0.1698E-07
 -1.618  0.2596E-07
 -1.608  0.3927E-07
 -1.598  0.5878E-07
 -1.588  0.8707E-07
 -1.578  0.1276E-06
 -1.568  0.1852E-06
 -1.558  0.2659E-06
 -1.548  0.3778E-06
 -1.538  0.5314E-06
 -1.528  0.7399E-06
 -1.518  0.1020E-05
 -1.508  0.1392E-05
 -1.498  0.1880E-05
 -1.488  0.2515E-05
 -1.478  0.3331E-05
 -1.468  0.4371E-05
 -1.458  0.5679E-05
 -1.448  0.7310E-05
 -1.438  0.9322E-05
 -1.428  0.1178E-04
 -1.418  0.1475E-04
 -1.408  0.1830E-04
 -1.398  0.2251E-04
 -1.388  0.2746E-04
 -1.378  0.3320E-04
 -1.368  0.3981E-04
 -1.358  0.4735E-04
 -1.348  0.5587E-04
 -1.338  0.6539E-04
 -1.328  0.7594E-04
 -1.318  0.8752E-04
 -1.308  0.1001E-03
 -1.298  0.1136E-03
 -1.288  0.1280E-03
 -1.278  0.1431E-03
 -1.268  0.1588E-03
 -1.258  0.1750E-03
 -1.248  0.1913E-03
 -1.238  0.2076E-03
 -1.228  0.2235E-03
 -1.218  0.2389E-03
 -1.208  0.2532E-03
 -1.198  0.2664E-03
 -1.188  0.2779E-03
 -1.178  0.2875E-03
 -1.168  0.2951E-03
 -1.158  0.3002E-03
 -1.148  0.3028E-03
 -1.138  0.3027E-03
 -1.128  0.3000E-03
 -1.118  0.2945E-03
 -1.108  0.2866E-03
 -1.098  0.2762E-03
 -1.088  0.2637E-03
 -1.078  0.2494E-03
 -1.068  0.2336E-03
 -1.058  0.2166E-03
 -1.048  0.1989E-03
 -1.038  0.1809E-03
 -1.028  0.1629E-03
 -1.018  0.1452E-03
 -1.008  0.1281E-03
 -0.998  0.1120E-03
 -0.988  0.9694E-04
 -0.978  0.8316E-04
 -0.968  0.7074E-04
 -0.958  0.5976E-04
 -0.948  0.5025E-04
 -0.938  0.4222E-04
 -0.928  0.3565E-04
 -0.918  0.3053E-04
 -0.908  0.2683E-04
 -0.898  0.2454E-04
 -0.888  0.2367E-04
 -0.878  0.2424E-04
 -0.868  0.2629E-04
 -0.858  0.2987E-04
 -0.848  0.3509E-04
 -0.838  0.4204E-04
 -0.828  0.5083E-04
 -0.818  0.6157E-04
 -0.808  0.7435E-04
 -0.798  0.8927E-04
 -0.788  0.1064E-03
 -0.778  0.1256E-03
 -0.768  0.1470E-03
 -0.758  0.1703E-03
 -0.748  0.1955E-03
 -0.738  0.2221E-03
 -0.728  0.2499E-03
 -0.718  0.2785E-03
 -0.708  0.3074E-03
 -0.698  0.3362E-03
 -0.688  0.3643E-03
 -0.678  0.3912E-03
 -0.668  0.4166E-03
 -0.658  0.4400E-03
 -0.648  0.4611E-03
 -0.638  0.4799E-03
 -0.628  0.4962E-03
 -0.618  0.5101E-03
 -0.608  0.5219E-03
 -0.598  0.5319E-03
 -0.588  0.5405E-03
 -0.578  0.5482E-03
 -0.568  0.5555E-03
 -0.558  0.5630E-03
 -0.548  0.5712E-03
 -0.538  0.5805E-03
 -0.528  0.5912E-03
 -0.518  0.6034E-03
 -0.508  0.6171E-03
 -0.498  0.6321E-03
 -0.488  0.6482E-03
 -0.478  0.6647E-03
 -0.468  0.6811E-03
 -0.458  0.6966E-03
 -0.448  0.7105E-03
 -0.438  0.7220E-03
 -0.428  0.7304E-03
 -0.418  0.7349E-03
 -0.408  0.7350E-03
 -0.398  0.7304E-03
 -0.388  0.7209E-03
 -0.378  0.7063E-03
 -0.368  0.6869E-03
 -0.358  0.6630E-03
 -0.348  0.6352E-03
 -0.338  0.6039E-03
 -0.328  0.5700E-03
 -0.318  0.5342E-03
 -0.308  0.4973E-03
 -0.298  0.4602E-03
 -0.288  0.4235E-03
 -0.278  0.3878E-03
 -0.268  0.3539E-03
 -0.258  0.3219E-03
 -0.248  0.2924E-03
 -0.238  0.2655E-03
 -0.228  0.2412E-03
 -0.218  0.2196E-03
 -0.208  0.2004E-03
 -0.198  0.1836E-03
 -0.188  0.1690E-03
 -0.178  0.1562E-03
 -0.168  0.1450E-03
 -0.158  0.1353E-03
 -0.148  0.1269E-03
 -0.138  0.1195E-03
 -0.128  0.1131E-03
 -0.118  0.1077E-03
 -0.108  0.1033E-03
 -0.098  0.1000E-03
 -0.088  0.9800E-04
 -0.078  0.9742E-04
 -0.068  0.9852E-04
 -0.058  0.1015E-03
 -0.048  0.1068E-03
 -0.038  0.1145E-03
 -0.028  0.1249E-03
 -0.018  0.1383E-03
 -0.008  0.1549E-03
  0.002  0.1747E-03
  0.012  0.1979E-03
  0.022  0.2244E-03
  0.032  0.2543E-03
  0.042  0.2873E-03
  0.052  0.3232E-03
  0.062  0.3617E-03
  0.072  0.4023E-03
  0.082  0.4447E-03
  0.092  0.4882E-03
  0.102  0.5322E-03
  0.112  0.5761E-03
  0.122  0.6193E-03
  0.132  0.6610E-03
  0.142  0.7007E-03
  0.152  0.7377E-03
  0.162  0.7715E-03
  0.172  0.8017E-03
  0.182  0.8280E-03
  0.192  0.8502E-03
  0.202  0.8683E-03
  0.212  0.8823E-03
  0.222  0.8927E-03
  0.232  0.8997E-03
  0.242  0.9039E-03
  0.252  0.9059E-03
  0.262  0.9063E-03
  0.272  0.9060E-03
  0.282  0.9054E-03
  0.292  0.9051E-03
  0.302  0.9057E-03
  0.312  0.9073E-03
  0.322  0.9101E-03
  0.332  0.9139E-03
  0.342  0.9184E-03
  0.352  0.9231E-03
  0.362  0.9274E-03
  0.372  0.9303E-03
  0.382  0.9312E-03
  0.392  0.9290E-03
  0.402  0.9230E-03
  0.412  0.9124E-03
  0.422  0.8968E-03
  0.432  0.8756E-03
  0.442  0.8488E-03
  0.452  0.8165E-03
  0.462  0.7790E-03
  0.472  0.7368E-03
  0.482  0.6907E-03
  0.492  0.6415E-03
  0.502  0.5901E-03
  0.512  0.5376E-03
  0.522  0.4850E-03
  0.532  0.4331E-03
  0.542  0.3829E-03
  0.552  0.3350E-03
  0.562  0.2901E-03
  0.572  0.2487E-03
  0.582  0.2109E-03
  0.592  0.1770E-03
  0.602  0.1470E-03
  0.612  0.1208E-03
  0.622  0.9824E-04
  0.632  0.7905E-04
  0.642  0.6293E-04
  0.652  0.4957E-04
  0.662  0.3863E-04
  0.672  0.2979E-04
  0.682  0.2273E-04
  0.692  0.1715E-04
  0.702  0.1281E-04
  0.712  0.9466E-05
  0.722  0.6921E-05
  0.732  0.5006E-05
  0.742  0.3582E-05
  0.752  0.2536E-05
  0.762  0.1777E-05
  0.772  0.1231E-05
  0.782  0.8443E-06
  0.792  0.5728E-06
  0.802  0.3845E-06
  0.812  0.2553E-06
  0.822  0.1677E-06
  0.832  0.1090E-06
  0.842  0.7012E-07
