 -5.548  0.6937E-09
 -5.538  0.1073E-08
 -5.528  0.1641E-08
 -5.518  0.2484E-08
 -5.508  0.3719E-08
 -5.498  0.5509E-08
 -5.488  0.8074E-08
 -5.478  0.1171E-07
 -5.468  0.1680E-07
 -5.458  0.2385E-07
 -5.448  0.3350E-07
 -5.438  0.4656E-07
 -5.428  0.6404E-07
 -5.418  0.8717E-07
 -5.408  0.1174E-06
 -5.398  0.1566E-06
 -5.388  0.2067E-06
 -5.378  0.2700E-06
 -5.368  0.3494E-06
 -5.358  0.4476E-06
 -5.348  0.5679E-06
 -5.338  0.7138E-06
 -5.328  0.8890E-06
 -5.318  0.1097E-05
 -5.308  0.1343E-05
 -5.298  0.1630E-05
 -5.288  0.1963E-05
 -5.278  0.2345E-05
 -5.268  0.2783E-05
 -5.258  0.3281E-05
 -5.248  0.3845E-05
 -5.238  0.4480E-05
 -5.228  0.5193E-05
 -5.218  0.5993E-05
 -5.208  0.6886E-05
 -5.198  0.7883E-05
 -5.188  0.8993E-05
 -5.178  0.1023E-04
 -5.168  0.1159E-04
 -5.158  0.1310E-04
 -5.148  0.1475E-04
 -5.138  0.1655E-04
 -5.128  0.1851E-04
 -5.118  0.2061E-04
 -5.108  0.2285E-04
 -5.098  0.2521E-04
 -5.088  0.2767E-04
 -5.078  0.3020E-04
 -5.068  0.3276E-04
 -5.058  0.3531E-04
 -5.048  0.3780E-04
 -5.038  0.4019E-04
 -5.028  0.4243E-04
 -5.018  0.4447E-04
 -5.008  0.4627E-04
 -4.998  0.4779E-04
 -4.988  0.4901E-04
 -4.978  0.4991E-04
 -4.968  0.5047E-04
 -4.958  0.5070E-04
 -4.948  0.5063E-04
 -4.938  0.5025E-04
 -4.928  0.4962E-04
 -4.918  0.4877E-04
 -4.908  0.4774E-04
 -4.898  0.4657E-04
 -4.888  0.4530E-04
 -4.878  0.4398E-04
 -4.868  0.4263E-04
 -4.858  0.4130E-04
 -4.848  0.4000E-04
 -4.838  0.3874E-04
 -4.828  0.3754E-04
 -4.818  0.3639E-04
 -4.808  0.3529E-04
 -4.798  0.3421E-04
 -4.788  0.3316E-04
 -4.778  0.3210E-04
 -4.768  0.3102E-04
 -4.758  0.2991E-04
 -4.748  0.2875E-04
 -4.738  0.2752E-04
 -4.728  0.2622E-04
 -4.718  0.2485E-04
 -4.708  0.2341E-04
 -4.698  0.2191E-04
 -4.688  0.2036E-04
 -4.678  0.1878E-04
 -4.668  0.1718E-04
 -4.658  0.1559E-04
 -4.648  0.1402E-04
 -4.638  0.1250E-04
 -4.628  0.1104E-04
 -4.618  0.9660E-05
 -4.608  0.8371E-05
 -4.598  0.7184E-05
 -4.588  0.6104E-05
 -4.578  0.5135E-05
 -4.568  0.4276E-05
 -4.558  0.3525E-05
 -4.548  0.2876E-05
 -4.538  0.2322E-05
 -4.528  0.1856E-05
 -4.518  0.1467E-05
 -4.508  0.1148E-05
 -4.498  0.8890E-06
 -4.488  0.6811E-06
 -4.478  0.5163E-06
 -4.468  0.3873E-06
 -4.458  0.2874E-06
 -4.448  0.2110E-06
 -4.438  0.1533E-06
 -4.428  0.1101E-06
 -4.418  0.7831E-07
 -4.408  0.5508E-07
 -4.398  0.3833E-07
 -4.388  0.2639E-07
 -4.378  0.1797E-07
 -4.368  0.1211E-07
 -4.358  0.8073E-08
 -4.348  0.5324E-08
 -4.338  0.3473E-08
 -4.328  0.2241E-08
 -4.318  0.1431E-08
 -4.308  0.9039E-09
 -4.298  0.5648E-09
 -4.288  0.3491E-09
 -4.278  0.2135E-09
 -4.268  0.1291E-09
 -4.258  0.7728E-10
 -4.248  0.4575E-10
 -4.238  0.2680E-10
 -4.228  0.1552E-10
 -4.218  0.8898E-11
 -4.208  0.5045E-11
 -4.198  0.2830E-11
 -4.188  0.1570E-11
 -4.178  0.8618E-12
 -4.168  0.4680E-12
 -4.158  0.2514E-12
 -4.148  0.1336E-12
 -4.138  0.7023E-13
 -4.128  0.3652E-13
 -4.118  0.1879E-13
 -4.108  0.9563E-14
 -4.098  0.4815E-14
 -4.088  0.2398E-14
 -4.078  0.1181E-14
 -4.068  0.5759E-15
 -4.058  0.2777E-15
 -4.048  0.1324E-15
 -4.038  0.6250E-16
 -4.028  0.2917E-16
 -4.018  0.1347E-16
 -4.008  0.6154E-17
 -3.998  0.2781E-17
 -3.988  0.1243E-17
 -3.978  0.5499E-18
 -3.968  0.2406E-18
 -3.958  0.1041E-18
 -3.948  0.4458E-19
 -3.938  0.1888E-19
 -3.928  0.7911E-20
 -3.918  0.3279E-20
 -3.908  0.1345E-20
 -3.898  0.5454E-21
 -3.888  0.2189E-21
 -3.878  0.8688E-22
 -3.868  0.3412E-22
 -3.858  0.1325E-22
 -3.848  0.5094E-23
 -3.838  0.1936E-23
 -3.828  0.7283E-24
 -3.818  0.2710E-24
 -3.808  0.9973E-25
 -3.798  0.3631E-25
 -3.788  0.1308E-25
 -3.778  0.4660E-26
 -3.768  0.1643E-26
 -3.758  0.5728E-27
 -3.748  0.1976E-27
 -3.738  0.6742E-28
 -3.728  0.2276E-28
 -3.718  0.7600E-29
 -3.708  0.2511E-29
 -3.698  0.8206E-30
 -3.688  0.2653E-30
 -3.678  0.8485E-31
 -3.668  0.2684E-31
 -3.658  0.8402E-32
 -3.648  0.2601E-32
 -3.638  0.7968E-33
 -3.628  0.2414E-33
 -3.618  0.7237E-34
 -3.608  0.2146E-34
 -3.598  0.6295E-35
 -3.588  0.1827E-35
 -3.578  0.5244E-36
 -3.568  0.1489E-36
 -3.558  0.4184E-37
 -3.548  0.1163E-37
 -3.538  0.3197E-38
 -3.528  0.8695E-39
 -3.518  0.2339E-39
 -3.508  0.6226E-40
 -3.498  0.1639E-40
 -3.488  0.4270E-41
 -3.478  0.1100E-41
 -3.468  0.2805E-42
 -3.458  0.7073E-43
 -3.448  0.1764E-43
 -3.438  0.4354E-44
 -3.428  0.1063E-44
 -3.418  0.2567E-45
 -3.408  0.6133E-46
 -3.398  0.1449E-46
 -3.388  0.3389E-47
 -3.378  0.7837E-48
 -3.368  0.1793E-48
 -3.358  0.4059E-49
 -3.348  0.9088E-50
 -3.338  0.2013E-50
 -3.328  0.4411E-51
 -3.318  0.9562E-52
 -3.308  0.2050E-52
 -3.298  0.4350E-53
 -3.288  0.9128E-54
 -3.278  0.1895E-54
 -3.268  0.3892E-55
 -3.258  0.7907E-56
 -3.248  0.1589E-56
 -3.238  0.3159E-57
 -3.228  0.6214E-58
 -3.218  0.1209E-58
 -3.208  0.2327E-59
 -3.198  0.4431E-60
 -3.188  0.8347E-61
 -3.178  0.1555E-61
 -3.168  0.2867E-62
 -3.158  0.5229E-63
 -3.148  0.9433E-64
 -3.138  0.1683E-64
 -3.128  0.2972E-65
 -3.118  0.5190E-66
 -3.108  0.8967E-67
 -3.098  0.1533E-67
 -3.088  0.2591E-68
 -3.078  0.4334E-69
 -3.068  0.7171E-70
 -3.058  0.1174E-70
 -3.048  0.1901E-71
 -3.038  0.3045E-72
 -3.028  0.4825E-73
 -3.018  0.7563E-74
 -3.008  0.1173E-74
 -2.998  0.1843E-75
 -2.988  0.5669E-76
 -2.978  0.1989E-75
 -2.968  0.1278E-74
 -2.958  0.8289E-74
 -2.948  0.5320E-73
 -2.938  0.3378E-72
 -2.928  0.2122E-71
 -2.918  0.1318E-70
 -2.908  0.8104E-70
 -2.898  0.4928E-69
 -2.888  0.2964E-68
 -2.878  0.1764E-67
 -2.868  0.1039E-66
 -2.858  0.6048E-66
 -2.848  0.3484E-65
 -2.838  0.1986E-64
 -2.828  0.1120E-63
 -2.818  0.6244E-63
 -2.808  0.3445E-62
 -2.798  0.1880E-61
 -2.788  0.1015E-60
 -2.778  0.5423E-60
 -2.768  0.2866E-59
 -2.758  0.1498E-58
 -2.748  0.7746E-58
 -2.738  0.3962E-57
 -2.728  0.2005E-56
 -2.718  0.1004E-55
 -2.708  0.4971E-55
 -2.698  0.2435E-54
 -2.688  0.1180E-53
 -2.678  0.5659E-53
 -2.668  0.2684E-52
 -2.658  0.1259E-51
 -2.648  0.5845E-51
 -2.638  0.2684E-50
 -2.628  0.1219E-49
 -2.618  0.5478E-49
 -2.608  0.2435E-48
 -2.598  0.1071E-47
 -2.588  0.4658E-47
 -2.578  0.2005E-46
 -2.568  0.8534E-46
 -2.558  0.3594E-45
 -2.548  0.1497E-44
 -2.538  0.6171E-44
 -2.528  0.2516E-43
 -2.518  0.1015E-42
 -2.508  0.4049E-42
 -2.498  0.1598E-41
 -2.488  0.6240E-41
 -2.478  0.2410E-40
 -2.468  0.9211E-40
 -2.458  0.3482E-39
 -2.448  0.1302E-38
 -2.438  0.4816E-38
 -2.428  0.1763E-37
 -2.418  0.6381E-37
 -2.408  0.2285E-36
 -2.398  0.8097E-36
 -2.388  0.2838E-35
 -2.378  0.9839E-35
 -2.368  0.3375E-34
 -2.358  0.1145E-33
 -2.348  0.3843E-33
 -2.338  0.1276E-32
 -2.328  0.4192E-32
 -2.318  0.1362E-31
 -2.308  0.4379E-31
 -2.298  0.1392E-30
 -2.288  0.4380E-30
 -2.278  0.1363E-29
 -2.268  0.4197E-29
 -2.258  0.1278E-28
 -2.248  0.3851E-28
 -2.238  0.1148E-27
 -2.228  0.3384E-27
 -2.218  0.9870E-27
 -2.208  0.2848E-26
 -2.198  0.8129E-26
 -2.188  0.2295E-25
 -2.178  0.6412E-25
 -2.168  0.1772E-24
 -2.158  0.4844E-24
 -2.148  0.1310E-23
 -2.138  0.3504E-23
 -2.128  0.9274E-23
 -2.118  0.2428E-22
 -2.108  0.6288E-22
 -2.098  0.1611E-21
 -2.088  0.4083E-21
 -2.078  0.1024E-20
 -2.068  0.2539E-20
 -2.058  0.6231E-20
 -2.048  0.1513E-19
 -2.038  0.3632E-19
 -2.028  0.8628E-19
 -2.018  0.2028E-18
 -2.008  0.4713E-18
 -1.998  0.1084E-17
 -1.988  0.2466E-17
 -1.978  0.5550E-17
 -1.968  0.1236E-16
 -1.958  0.2722E-16
 -1.948  0.5930E-16
 -1.938  0.1278E-15
 -1.928  0.2726E-15
 -1.918  0.5749E-15
 -1.908  0.1200E-14
 -1.898  0.2477E-14
 -1.888  0.5058E-14
 -1.878  0.1022E-13
 -1.868  0.2042E-13
 -1.858  0.4038E-13
 -1.848  0.7898E-13
 -1.838  0.1528E-12
 -1.828  0.2925E-12
 -1.818  0.5539E-12
 -1.808  0.1038E-11
 -1.798  0.1923E-11
 -1.788  0.3526E-11
 -1.778  0.6395E-11
 -1.768  0.1148E-10
 -1.758  0.2037E-10
 -1.748  0.3578E-10
 -1.738  0.6216E-10
 -1.728  0.1068E-09
 -1.718  0.1817E-09
 -1.708  0.3057E-09
 -1.698  0.5087E-09
 -1.688  0.8378E-09
 -1.678  0.1365E-08
 -1.668  0.2200E-08
 -1.658  0.3509E-08
 -1.648  0.5536E-08
 -1.638  0.8644E-08
 -1.628  0.1335E-07
 -1.618  0.2041E-07
 -1.608  0.3087E-07
 -1.598  0.4620E-07
 -1.588  0.6842E-07
 -1.578  0.1003E-06
 -1.568  0.1454E-06
 -1.558  0.2087E-06
 -1.548  0.2966E-06
 -1.538  0.4170E-06
 -1.528  0.5804E-06
 -1.518  0.7996E-06
 -1.508  0.1091E-05
 -1.498  0.1473E-05
 -1.488  0.1969E-05
 -1.478  0.2607E-05
 -1.468  0.3417E-05
 -1.458  0.4437E-05
 -1.448  0.5707E-05
 -1.438  0.7271E-05
 -1.428  0.9179E-05
 -1.418  0.1148E-04
 -1.408  0.1423E-04
 -1.398  0.1749E-04
 -1.388  0.2130E-04
 -1.378  0.2572E-04
 -1.368  0.3080E-04
 -1.358  0.3658E-04
 -1.348  0.4309E-04
 -1.338  0.5035E-04
 -1.328  0.5838E-04
 -1.318  0.6716E-04
 -1.308  0.7667E-04
 -1.298  0.8686E-04
 -1.288  0.9768E-04
 -1.278  0.1090E-03
 -1.268  0.1208E-03
 -1.258  0.1328E-03
 -1.248  0.1449E-03
 -1.238  0.1570E-03
 -1.228  0.1688E-03
 -1.218  0.1800E-03
 -1.208  0.1906E-03
 -1.198  0.2001E-03
 -1.188  0.2085E-03
 -1.178  0.2155E-03
 -1.168  0.2208E-03
 -1.158  0.2244E-03
 -1.148  0.2261E-03
 -1.138  0.2258E-03
 -1.128  0.2236E-03
 -1.118  0.2193E-03
 -1.108  0.2132E-03
 -1.098  0.2054E-03
 -1.088  0.1960E-03
 -1.078  0.1852E-03
 -1.068  0.1734E-03
 -1.058  0.1607E-03
 -1.048  0.1476E-03
 -1.038  0.1341E-03
 -1.028  0.1207E-03
 -1.018  0.1076E-03
 -1.008  0.9494E-04
 -0.998  0.8296E-04
 -0.988  0.7181E-04
 -0.978  0.6159E-04
 -0.968  0.5240E-04
 -0.958  0.4427E-04
 -0.948  0.3724E-04
 -0.938  0.3131E-04
 -0.928  0.2647E-04
 -0.918  0.2271E-04
 -0.908  0.2001E-04
 -0.898  0.1837E-04
 -0.888  0.1780E-04
 -0.878  0.1830E-04
 -0.868  0.1992E-04
 -0.858  0.2272E-04
 -0.848  0.2675E-04
 -0.838  0.3210E-04
 -0.828  0.3885E-04
 -0.818  0.4709E-04
 -0.808  0.5690E-04
 -0.798  0.6833E-04
 -0.788  0.8144E-04
 -0.778  0.9620E-04
 -0.768  0.1126E-03
 -0.758  0.1305E-03
 -0.748  0.1498E-03
 -0.738  0.1703E-03
 -0.728  0.1916E-03
 -0.718  0.2136E-03
 -0.708  0.2358E-03
 -0.698  0.2579E-03
 -0.688  0.2795E-03
 -0.678  0.3002E-03
 -0.668  0.3196E-03
 -0.658  0.3376E-03
 -0.648  0.3538E-03
 -0.638  0.3681E-03
 -0.628  0.3805E-03
 -0.618  0.3911E-03
 -0.608  0.3999E-03
 -0.598  0.4073E-03
 -0.588  0.4135E-03
 -0.578  0.4190E-03
 -0.568  0.4241E-03
 -0.558  0.4293E-03
 -0.548  0.4349E-03
 -0.538  0.4413E-03
 -0.528  0.4486E-03
 -0.518  0.4572E-03
 -0.508  0.4668E-03
 -0.498  0.4775E-03
 -0.488  0.4890E-03
 -0.478  0.5009E-03
 -0.468  0.5128E-03
 -0.458  0.5242E-03
 -0.448  0.5344E-03
 -0.438  0.5429E-03
 -0.428  0.5491E-03
 -0.418  0.5526E-03
 -0.408  0.5529E-03
 -0.398  0.5496E-03
 -0.388  0.5427E-03
 -0.378  0.5322E-03
 -0.368  0.5180E-03
 -0.358  0.5005E-03
 -0.348  0.4800E-03
 -0.338  0.4569E-03
 -0.328  0.4318E-03
 -0.318  0.4053E-03
 -0.308  0.3780E-03
 -0.298  0.3504E-03
 -0.288  0.3231E-03
 -0.278  0.2966E-03
 -0.268  0.2713E-03
 -0.258  0.2475E-03
 -0.248  0.2254E-03
 -0.238  0.2053E-03
 -0.228  0.1871E-03
 -0.218  0.1708E-03
 -0.208  0.1565E-03
 -0.198  0.1438E-03
 -0.188  0.1328E-03
 -0.178  0.1231E-03
 -0.168  0.1147E-03
 -0.158  0.1073E-03
 -0.148  0.1008E-03
 -0.138  0.9520E-04
 -0.128  0.9032E-04
 -0.118  0.8621E-04
 -0.108  0.8289E-04
 -0.098  0.8046E-04
 -0.088  0.7905E-04
 -0.078  0.7882E-04
 -0.068  0.7996E-04
 -0.058  0.8269E-04
 -0.048  0.8725E-04
 -0.038  0.9384E-04
 -0.028  0.1027E-03
 -0.018  0.1140E-03
 -0.008  0.1279E-03
  0.002  0.1445E-03
  0.012  0.1639E-03
  0.022  0.1862E-03
  0.032  0.2111E-03
  0.042  0.2387E-03
  0.052  0.2687E-03
  0.062  0.3009E-03
  0.072  0.3350E-03
  0.082  0.3704E-03
  0.092  0.4069E-03
  0.102  0.4438E-03
  0.112  0.4807E-03
  0.122  0.5170E-03
  0.132  0.5522E-03
  0.142  0.5857E-03
  0.152  0.6171E-03
  0.162  0.6459E-03
  0.172  0.6718E-03
  0.182  0.6945E-03
  0.192  0.7139E-03
  0.202  0.7301E-03
  0.212  0.7430E-03
  0.222  0.7530E-03
  0.232  0.7604E-03
  0.242  0.7656E-03
  0.252  0.7692E-03
  0.262  0.7717E-03
  0.272  0.7737E-03
  0.282  0.7757E-03
  0.292  0.7782E-03
  0.302  0.7815E-03
  0.312  0.7858E-03
  0.322  0.7911E-03
  0.332  0.7972E-03
  0.342  0.8039E-03
  0.352  0.8105E-03
  0.362  0.8166E-03
  0.372  0.8214E-03
  0.382  0.8240E-03
  0.392  0.8237E-03
  0.402  0.8197E-03
  0.412  0.8114E-03
  0.422  0.7984E-03
  0.432  0.7803E-03
  0.442  0.7570E-03
  0.452  0.7285E-03
  0.462  0.6953E-03
  0.472  0.6579E-03
  0.482  0.6168E-03
  0.492  0.5729E-03
  0.502  0.5270E-03
  0.512  0.4801E-03
  0.522  0.4330E-03
  0.532  0.3866E-03
  0.542  0.3417E-03
  0.552  0.2989E-03
  0.562  0.2588E-03
  0.572  0.2218E-03
  0.582  0.1881E-03
  0.592  0.1578E-03
  0.602  0.1310E-03
  0.612  0.1076E-03
  0.622  0.8749E-04
  0.632  0.7037E-04
  0.642  0.5601E-04
  0.652  0.4410E-04
  0.662  0.3436E-04
  0.672  0.2649E-04
  0.682  0.2020E-04
  0.692  0.1524E-04
  0.702  0.1138E-04
  0.712  0.8406E-05
  0.722  0.6143E-05
  0.732  0.4442E-05
  0.742  0.3178E-05
  0.752  0.2249E-05
  0.762  0.1575E-05
  0.772  0.1091E-05
  0.782  0.7480E-06
  0.792  0.5073E-06
  0.802  0.3404E-06
  0.812  0.2260E-06
  0.822  0.1484E-06
  0.832  0.9644E-07
  0.842  0.6200E-07
