 -5.548  0.2123E-09
 -5.538  0.3283E-09
 -5.528  0.5021E-09
 -5.518  0.7597E-09
 -5.508  0.1137E-08
 -5.498  0.1684E-08
 -5.488  0.2467E-08
 -5.478  0.3576E-08
 -5.468  0.5128E-08
 -5.458  0.7275E-08
 -5.448  0.1021E-07
 -5.438  0.1418E-07
 -5.428  0.1948E-07
 -5.418  0.2648E-07
 -5.408  0.3562E-07
 -5.398  0.4741E-07
 -5.388  0.6244E-07
 -5.378  0.8138E-07
 -5.368  0.1050E-06
 -5.358  0.1340E-06
 -5.348  0.1693E-06
 -5.338  0.2118E-06
 -5.328  0.2622E-06
 -5.318  0.3215E-06
 -5.308  0.3905E-06
 -5.298  0.4696E-06
 -5.288  0.5596E-06
 -5.278  0.6608E-06
 -5.268  0.7734E-06
 -5.258  0.8976E-06
 -5.248  0.1033E-05
 -5.238  0.1180E-05
 -5.228  0.1338E-05
 -5.218  0.1507E-05
 -5.208  0.1687E-05
 -5.198  0.1877E-05
 -5.188  0.2077E-05
 -5.178  0.2287E-05
 -5.168  0.2507E-05
 -5.158  0.2738E-05
 -5.148  0.2980E-05
 -5.138  0.3232E-05
 -5.128  0.3495E-05
 -5.118  0.3767E-05
 -5.108  0.4049E-05
 -5.098  0.4338E-05
 -5.088  0.4632E-05
 -5.078  0.4929E-05
 -5.068  0.5223E-05
 -5.058  0.5512E-05
 -5.048  0.5790E-05
 -5.038  0.6051E-05
 -5.028  0.6290E-05
 -5.018  0.6502E-05
 -5.008  0.6682E-05
 -4.998  0.6826E-05
 -4.988  0.6931E-05
 -4.978  0.6995E-05
 -4.968  0.7017E-05
 -4.958  0.6999E-05
 -4.948  0.6944E-05
 -4.938  0.6854E-05
 -4.928  0.6734E-05
 -4.918  0.6590E-05
 -4.908  0.6429E-05
 -4.898  0.6255E-05
 -4.888  0.6076E-05
 -4.878  0.5896E-05
 -4.868  0.5721E-05
 -4.858  0.5553E-05
 -4.848  0.5396E-05
 -4.838  0.5251E-05
 -4.828  0.5118E-05
 -4.818  0.4995E-05
 -4.808  0.4880E-05
 -4.798  0.4772E-05
 -4.788  0.4665E-05
 -4.778  0.4558E-05
 -4.768  0.4445E-05
 -4.758  0.4323E-05
 -4.748  0.4191E-05
 -4.738  0.4044E-05
 -4.728  0.3883E-05
 -4.718  0.3706E-05
 -4.708  0.3514E-05
 -4.698  0.3308E-05
 -4.688  0.3091E-05
 -4.678  0.2864E-05
 -4.668  0.2632E-05
 -4.658  0.2397E-05
 -4.648  0.2163E-05
 -4.638  0.1934E-05
 -4.628  0.1713E-05
 -4.618  0.1502E-05
 -4.608  0.1305E-05
 -4.598  0.1122E-05
 -4.588  0.9547E-06
 -4.578  0.8042E-06
 -4.568  0.6706E-06
 -4.558  0.5534E-06
 -4.548  0.4519E-06
 -4.538  0.3652E-06
 -4.528  0.2921E-06
 -4.518  0.2311E-06
 -4.508  0.1809E-06
 -4.498  0.1402E-06
 -4.488  0.1074E-06
 -4.478  0.8147E-07
 -4.468  0.6113E-07
 -4.458  0.4538E-07
 -4.448  0.3332E-07
 -4.438  0.2421E-07
 -4.428  0.1740E-07
 -4.418  0.1238E-07
 -4.408  0.8707E-08
 -4.398  0.6060E-08
 -4.388  0.4172E-08
 -4.378  0.2842E-08
 -4.368  0.1915E-08
 -4.358  0.1277E-08
 -4.348  0.8420E-09
 -4.338  0.5494E-09
 -4.328  0.3546E-09
 -4.318  0.2264E-09
 -4.308  0.1430E-09
 -4.298  0.8936E-10
 -4.288  0.5524E-10
 -4.278  0.3378E-10
 -4.268  0.2043E-10
 -4.258  0.1223E-10
 -4.248  0.7240E-11
 -4.238  0.4240E-11
 -4.228  0.2457E-11
 -4.218  0.1408E-11
 -4.208  0.7984E-12
 -4.198  0.4478E-12
 -4.188  0.2485E-12
 -4.178  0.1364E-12
 -4.168  0.7407E-13
 -4.158  0.3979E-13
 -4.148  0.2114E-13
 -4.138  0.1112E-13
 -4.128  0.5781E-14
 -4.118  0.2974E-14
 -4.108  0.1514E-14
 -4.098  0.7621E-15
 -4.088  0.3796E-15
 -4.078  0.1870E-15
 -4.068  0.9116E-16
 -4.058  0.4396E-16
 -4.048  0.2097E-16
 -4.038  0.9894E-17
 -4.028  0.4619E-17
 -4.018  0.2133E-17
 -4.008  0.9743E-18
 -3.998  0.4403E-18
 -3.988  0.1968E-18
 -3.978  0.8706E-19
 -3.968  0.3809E-19
 -3.958  0.1648E-19
 -3.948  0.7058E-20
 -3.938  0.2990E-20
 -3.928  0.1253E-20
 -3.918  0.5192E-21
 -3.908  0.2129E-21
 -3.898  0.8636E-22
 -3.888  0.3466E-22
 -3.878  0.1376E-22
 -3.868  0.5402E-23
 -3.858  0.2099E-23
 -3.848  0.8066E-24
 -3.838  0.3066E-24
 -3.828  0.1153E-24
 -3.818  0.4291E-25
 -3.808  0.1579E-25
 -3.798  0.5750E-26
 -3.788  0.2071E-26
 -3.778  0.7380E-27
 -3.768  0.2601E-27
 -3.758  0.9071E-28
 -3.748  0.3129E-28
 -3.738  0.1068E-28
 -3.728  0.3604E-29
 -3.718  0.1204E-29
 -3.708  0.3977E-30
 -3.698  0.1300E-30
 -3.688  0.4202E-31
 -3.678  0.1344E-31
 -3.668  0.4252E-32
 -3.658  0.1331E-32
 -3.648  0.4120E-33
 -3.638  0.1262E-33
 -3.628  0.3824E-34
 -3.618  0.1146E-34
 -3.608  0.3399E-35
 -3.598  0.9972E-36
 -3.588  0.2894E-36
 -3.578  0.8307E-37
 -3.568  0.2359E-37
 -3.558  0.6628E-38
 -3.548  0.1842E-38
 -3.538  0.5064E-39
 -3.528  0.1377E-39
 -3.518  0.3706E-40
 -3.508  0.9864E-41
 -3.498  0.2597E-41
 -3.488  0.6765E-42
 -3.478  0.1743E-42
 -3.468  0.4444E-43
 -3.458  0.1121E-43
 -3.448  0.2795E-44
 -3.438  0.6899E-45
 -3.428  0.1684E-45
 -3.418  0.4067E-46
 -3.408  0.9717E-47
 -3.398  0.2297E-47
 -3.388  0.5369E-48
 -3.378  0.1242E-48
 -3.368  0.2841E-49
 -3.358  0.6432E-50
 -3.348  0.1440E-50
 -3.338  0.3190E-51
 -3.328  0.6990E-52
 -3.318  0.1515E-52
 -3.308  0.3249E-53
 -3.298  0.6893E-54
 -3.288  0.1447E-54
 -3.278  0.3003E-55
 -3.268  0.6168E-56
 -3.258  0.1253E-56
 -3.248  0.2518E-57
 -3.238  0.5007E-58
 -3.228  0.9849E-59
 -3.218  0.1916E-59
 -3.208  0.3689E-60
 -3.198  0.7024E-61
 -3.188  0.1323E-61
 -3.178  0.2465E-62
 -3.168  0.4545E-63
 -3.158  0.8288E-64
 -3.148  0.1495E-64
 -3.138  0.2668E-65
 -3.128  0.4711E-66
 -3.118  0.8227E-67
 -3.108  0.1421E-67
 -3.098  0.2429E-68
 -3.088  0.4108E-69
 -3.078  0.6870E-70
 -3.068  0.1137E-70
 -3.058  0.1861E-71
 -3.048  0.3013E-72
 -3.038  0.4827E-73
 -3.028  0.7649E-74
 -3.018  0.1199E-74
 -3.008  0.1862E-75
 -2.998  0.2999E-76
 -2.988  0.1417E-76
 -2.978  0.6587E-76
 -2.968  0.4278E-75
 -2.958  0.2775E-74
 -2.948  0.1781E-73
 -2.938  0.1131E-72
 -2.928  0.7104E-72
 -2.918  0.4414E-71
 -2.908  0.2713E-70
 -2.898  0.1650E-69
 -2.888  0.9925E-69
 -2.878  0.5906E-68
 -2.868  0.3477E-67
 -2.858  0.2025E-66
 -2.848  0.1167E-65
 -2.838  0.6648E-65
 -2.828  0.3748E-64
 -2.818  0.2090E-63
 -2.808  0.1153E-62
 -2.798  0.6295E-62
 -2.788  0.3399E-61
 -2.778  0.1816E-60
 -2.768  0.9594E-60
 -2.758  0.5015E-59
 -2.748  0.2593E-58
 -2.738  0.1327E-57
 -2.728  0.6713E-57
 -2.718  0.3361E-56
 -2.708  0.1664E-55
 -2.698  0.8154E-55
 -2.688  0.3952E-54
 -2.678  0.1895E-53
 -2.668  0.8986E-53
 -2.658  0.4216E-52
 -2.648  0.1957E-51
 -2.638  0.8985E-51
 -2.628  0.4081E-50
 -2.618  0.1834E-49
 -2.608  0.8152E-49
 -2.598  0.3585E-48
 -2.588  0.1560E-47
 -2.578  0.6711E-47
 -2.568  0.2857E-46
 -2.558  0.1203E-45
 -2.548  0.5013E-45
 -2.538  0.2066E-44
 -2.528  0.8423E-44
 -2.518  0.3397E-43
 -2.508  0.1356E-42
 -2.498  0.5350E-42
 -2.488  0.2089E-41
 -2.478  0.8070E-41
 -2.468  0.3084E-40
 -2.458  0.1166E-39
 -2.448  0.4359E-39
 -2.438  0.1613E-38
 -2.428  0.5901E-38
 -2.418  0.2136E-37
 -2.408  0.7651E-37
 -2.398  0.2711E-36
 -2.388  0.9500E-36
 -2.378  0.3294E-35
 -2.368  0.1130E-34
 -2.358  0.3833E-34
 -2.348  0.1287E-33
 -2.338  0.4272E-33
 -2.328  0.1403E-32
 -2.318  0.4560E-32
 -2.308  0.1466E-31
 -2.298  0.4662E-31
 -2.288  0.1467E-30
 -2.278  0.4564E-30
 -2.268  0.1405E-29
 -2.258  0.4279E-29
 -2.248  0.1289E-28
 -2.238  0.3843E-28
 -2.228  0.1133E-27
 -2.218  0.3305E-27
 -2.208  0.9535E-27
 -2.198  0.2722E-26
 -2.188  0.7685E-26
 -2.178  0.2147E-25
 -2.168  0.5932E-25
 -2.158  0.1622E-24
 -2.148  0.4385E-24
 -2.138  0.1173E-23
 -2.128  0.3105E-23
 -2.118  0.8129E-23
 -2.108  0.2105E-22
 -2.098  0.5394E-22
 -2.088  0.1367E-21
 -2.078  0.3428E-21
 -2.068  0.8502E-21
 -2.058  0.2086E-20
 -2.048  0.5064E-20
 -2.038  0.1216E-19
 -2.028  0.2888E-19
 -2.018  0.6788E-19
 -2.008  0.1578E-18
 -1.998  0.3629E-18
 -1.988  0.8256E-18
 -1.978  0.1858E-17
 -1.968  0.4137E-17
 -1.958  0.9111E-17
 -1.948  0.1985E-16
 -1.938  0.4279E-16
 -1.928  0.9124E-16
 -1.918  0.1925E-15
 -1.908  0.4016E-15
 -1.898  0.8290E-15
 -1.888  0.1693E-14
 -1.878  0.3420E-14
 -1.868  0.6836E-14
 -1.858  0.1351E-13
 -1.848  0.2643E-13
 -1.838  0.5114E-13
 -1.828  0.9789E-13
 -1.818  0.1854E-12
 -1.808  0.3472E-12
 -1.798  0.6435E-12
 -1.788  0.1180E-11
 -1.778  0.2140E-11
 -1.768  0.3839E-11
 -1.758  0.6814E-11
 -1.748  0.1197E-10
 -1.738  0.2079E-10
 -1.728  0.3573E-10
 -1.718  0.6075E-10
 -1.708  0.1022E-09
 -1.698  0.1700E-09
 -1.688  0.2800E-09
 -1.678  0.4560E-09
 -1.668  0.7349E-09
 -1.658  0.1172E-08
 -1.648  0.1848E-08
 -1.638  0.2885E-08
 -1.628  0.4454E-08
 -1.618  0.6806E-08
 -1.608  0.1029E-07
 -1.598  0.1539E-07
 -1.588  0.2278E-07
 -1.578  0.3336E-07
 -1.568  0.4835E-07
 -1.558  0.6935E-07
 -1.548  0.9844E-07
 -1.538  0.1383E-06
 -1.528  0.1922E-06
 -1.518  0.2646E-06
 -1.508  0.3603E-06
 -1.498  0.4859E-06
 -1.488  0.6485E-06
 -1.478  0.8571E-06
 -1.468  0.1121E-05
 -1.458  0.1453E-05
 -1.448  0.1865E-05
 -1.438  0.2370E-05
 -1.428  0.2983E-05
 -1.418  0.3720E-05
 -1.408  0.4596E-05
 -1.398  0.5628E-05
 -1.388  0.6829E-05
 -1.378  0.8213E-05
 -1.368  0.9793E-05
 -1.358  0.1158E-04
 -1.348  0.1357E-04
 -1.338  0.1578E-04
 -1.328  0.1820E-04
 -1.318  0.2082E-04
 -1.308  0.2364E-04
 -1.298  0.2663E-04
 -1.288  0.2977E-04
 -1.278  0.3303E-04
 -1.268  0.3637E-04
 -1.258  0.3976E-04
 -1.248  0.4314E-04
 -1.238  0.4646E-04
 -1.228  0.4966E-04
 -1.218  0.5269E-04
 -1.208  0.5548E-04
 -1.198  0.5798E-04
 -1.188  0.6011E-04
 -1.178  0.6184E-04
 -1.168  0.6311E-04
 -1.158  0.6388E-04
 -1.148  0.6413E-04
 -1.138  0.6384E-04
 -1.128  0.6300E-04
 -1.118  0.6164E-04
 -1.108  0.5977E-04
 -1.098  0.5744E-04
 -1.088  0.5470E-04
 -1.078  0.5160E-04
 -1.068  0.4823E-04
 -1.058  0.4465E-04
 -1.048  0.4094E-04
 -1.038  0.3718E-04
 -1.028  0.3343E-04
 -1.018  0.2977E-04
 -1.008  0.2625E-04
 -0.998  0.2293E-04
 -0.988  0.1984E-04
 -0.978  0.1702E-04
 -0.968  0.1448E-04
 -0.958  0.1224E-04
 -0.948  0.1030E-04
 -0.938  0.8676E-05
 -0.928  0.7354E-05
 -0.918  0.6333E-05
 -0.908  0.5613E-05
 -0.898  0.5192E-05
 -0.888  0.5074E-05
 -0.878  0.5267E-05
 -0.868  0.5783E-05
 -0.858  0.6639E-05
 -0.848  0.7857E-05
 -0.838  0.9465E-05
 -0.828  0.1149E-04
 -0.818  0.1396E-04
 -0.808  0.1689E-04
 -0.798  0.2032E-04
 -0.788  0.2425E-04
 -0.778  0.2869E-04
 -0.768  0.3362E-04
 -0.758  0.3903E-04
 -0.748  0.4486E-04
 -0.738  0.5106E-04
 -0.728  0.5755E-04
 -0.718  0.6425E-04
 -0.708  0.7104E-04
 -0.698  0.7781E-04
 -0.688  0.8445E-04
 -0.678  0.9084E-04
 -0.668  0.9687E-04
 -0.658  0.1024E-03
 -0.648  0.1075E-03
 -0.638  0.1119E-03
 -0.628  0.1158E-03
 -0.618  0.1191E-03
 -0.608  0.1218E-03
 -0.598  0.1240E-03
 -0.588  0.1258E-03
 -0.578  0.1273E-03
 -0.568  0.1286E-03
 -0.558  0.1299E-03
 -0.548  0.1312E-03
 -0.538  0.1328E-03
 -0.528  0.1346E-03
 -0.518  0.1367E-03
 -0.508  0.1391E-03
 -0.498  0.1419E-03
 -0.488  0.1450E-03
 -0.478  0.1482E-03
 -0.468  0.1515E-03
 -0.458  0.1548E-03
 -0.448  0.1578E-03
 -0.438  0.1604E-03
 -0.428  0.1625E-03
 -0.418  0.1639E-03
 -0.408  0.1644E-03
 -0.398  0.1640E-03
 -0.388  0.1626E-03
 -0.378  0.1601E-03
 -0.368  0.1566E-03
 -0.358  0.1521E-03
 -0.348  0.1468E-03
 -0.338  0.1407E-03
 -0.328  0.1339E-03
 -0.318  0.1267E-03
 -0.308  0.1191E-03
 -0.298  0.1115E-03
 -0.288  0.1038E-03
 -0.278  0.9630E-04
 -0.268  0.8909E-04
 -0.258  0.8226E-04
 -0.248  0.7589E-04
 -0.238  0.7003E-04
 -0.228  0.6471E-04
 -0.218  0.5991E-04
 -0.208  0.5563E-04
 -0.198  0.5183E-04
 -0.188  0.4846E-04
 -0.178  0.4547E-04
 -0.168  0.4283E-04
 -0.158  0.4049E-04
 -0.148  0.3842E-04
 -0.138  0.3660E-04
 -0.128  0.3504E-04
 -0.118  0.3375E-04
 -0.108  0.3276E-04
 -0.098  0.3214E-04
 -0.088  0.3194E-04
 -0.078  0.3225E-04
 -0.068  0.3317E-04
 -0.058  0.3479E-04
 -0.048  0.3723E-04
 -0.038  0.4059E-04
 -0.028  0.4497E-04
 -0.018  0.5047E-04
 -0.008  0.5717E-04
  0.002  0.6512E-04
  0.012  0.7436E-04
  0.022  0.8493E-04
  0.032  0.9679E-04
  0.042  0.1099E-03
  0.052  0.1242E-03
  0.062  0.1396E-03
  0.072  0.1559E-03
  0.082  0.1729E-03
  0.092  0.1906E-03
  0.102  0.2085E-03
  0.112  0.2266E-03
  0.122  0.2446E-03
  0.132  0.2621E-03
  0.142  0.2790E-03
  0.152  0.2951E-03
  0.162  0.3101E-03
  0.172  0.3239E-03
  0.182  0.3364E-03
  0.192  0.3475E-03
  0.202  0.3573E-03
  0.212  0.3658E-03
  0.222  0.3731E-03
  0.232  0.3795E-03
  0.242  0.3851E-03
  0.252  0.3902E-03
  0.262  0.3950E-03
  0.272  0.4000E-03
  0.282  0.4051E-03
  0.292  0.4108E-03
  0.302  0.4170E-03
  0.312  0.4237E-03
  0.322  0.4311E-03
  0.332  0.4387E-03
  0.342  0.4465E-03
  0.352  0.4540E-03
  0.362  0.4609E-03
  0.372  0.4667E-03
  0.382  0.4708E-03
  0.392  0.4729E-03
  0.402  0.4725E-03
  0.412  0.4692E-03
  0.422  0.4628E-03
  0.432  0.4531E-03
  0.442  0.4402E-03
  0.452  0.4241E-03
  0.462  0.4049E-03
  0.472  0.3832E-03
  0.482  0.3593E-03
  0.492  0.3336E-03
  0.502  0.3067E-03
  0.512  0.2793E-03
  0.522  0.2517E-03
  0.532  0.2245E-03
  0.542  0.1983E-03
  0.552  0.1733E-03
  0.562  0.1499E-03
  0.572  0.1283E-03
  0.582  0.1086E-03
  0.592  0.9105E-04
  0.602  0.7550E-04
  0.612  0.6195E-04
  0.622  0.5030E-04
  0.632  0.4041E-04
  0.642  0.3212E-04
  0.652  0.2526E-04
  0.662  0.1965E-04
  0.672  0.1513E-04
  0.682  0.1152E-04
  0.692  0.8684E-05
  0.702  0.6475E-05
  0.712  0.4777E-05
  0.722  0.3486E-05
  0.732  0.2518E-05
  0.742  0.1799E-05
  0.752  0.1271E-05
  0.762  0.8892E-06
  0.772  0.6152E-06
  0.782  0.4212E-06
  0.792  0.2853E-06
  0.802  0.1912E-06
  0.812  0.1267E-06
  0.822  0.8313E-07
  0.832  0.5395E-07
  0.842  0.3464E-07
