 -5.548  0.1750E-07
 -5.538  0.2706E-07
 -5.528  0.4139E-07
 -5.518  0.6264E-07
 -5.508  0.9379E-07
 -5.498  0.1389E-06
 -5.488  0.2036E-06
 -5.478  0.2952E-06
 -5.468  0.4235E-06
 -5.458  0.6011E-06
 -5.448  0.8441E-06
 -5.438  0.1173E-05
 -5.428  0.1613E-05
 -5.418  0.2195E-05
 -5.408  0.2956E-05
 -5.398  0.3939E-05
 -5.388  0.5196E-05
 -5.378  0.6786E-05
 -5.368  0.8772E-05
 -5.358  0.1123E-04
 -5.348  0.1423E-04
 -5.338  0.1787E-04
 -5.328  0.2222E-04
 -5.318  0.2739E-04
 -5.308  0.3345E-04
 -5.298  0.4052E-04
 -5.288  0.4867E-04
 -5.278  0.5800E-04
 -5.268  0.6862E-04
 -5.258  0.8062E-04
 -5.248  0.9410E-04
 -5.238  0.1092E-03
 -5.228  0.1260E-03
 -5.218  0.1447E-03
 -5.208  0.1655E-03
 -5.198  0.1885E-03
 -5.188  0.2140E-03
 -5.178  0.2422E-03
 -5.168  0.2735E-03
 -5.158  0.3081E-03
 -5.148  0.3463E-03
 -5.138  0.3886E-03
 -5.128  0.4354E-03
 -5.118  0.4872E-03
 -5.108  0.5447E-03
 -5.098  0.6085E-03
 -5.088  0.6799E-03
 -5.078  0.7602E-03
 -5.068  0.8512E-03
 -5.058  0.9557E-03
 -5.048  0.1077E-02
 -5.038  0.1220E-02
 -5.028  0.1389E-02
 -5.018  0.1593E-02
 -5.008  0.1840E-02
 -4.998  0.2141E-02
 -4.988  0.2508E-02
 -4.978  0.2955E-02
 -4.968  0.3498E-02
 -4.958  0.4153E-02
 -4.948  0.4939E-02
 -4.938  0.5871E-02
 -4.928  0.6965E-02
 -4.918  0.8237E-02
 -4.908  0.9694E-02
 -4.898  0.1134E-01
 -4.888  0.1319E-01
 -4.878  0.1521E-01
 -4.868  0.1740E-01
 -4.858  0.1974E-01
 -4.848  0.2219E-01
 -4.838  0.2471E-01
 -4.828  0.2724E-01
 -4.818  0.2974E-01
 -4.808  0.3215E-01
 -4.798  0.3439E-01
 -4.788  0.3641E-01
 -4.778  0.3815E-01
 -4.768  0.3956E-01
 -4.758  0.4058E-01
 -4.748  0.4120E-01
 -4.738  0.4138E-01
 -4.728  0.4112E-01
 -4.718  0.4042E-01
 -4.708  0.3932E-01
 -4.698  0.3784E-01
 -4.688  0.3602E-01
 -4.678  0.3392E-01
 -4.668  0.3161E-01
 -4.658  0.2914E-01
 -4.648  0.2657E-01
 -4.638  0.2397E-01
 -4.628  0.2139E-01
 -4.618  0.1889E-01
 -4.608  0.1650E-01
 -4.598  0.1425E-01
 -4.588  0.1218E-01
 -4.578  0.1030E-01
 -4.568  0.8617E-02
 -4.558  0.7131E-02
 -4.548  0.5838E-02
 -4.538  0.4728E-02
 -4.528  0.3788E-02
 -4.518  0.3002E-02
 -4.508  0.2354E-02
 -4.498  0.1825E-02
 -4.488  0.1401E-02
 -4.478  0.1063E-02
 -4.468  0.7983E-03
 -4.458  0.5930E-03
 -4.448  0.4357E-03
 -4.438  0.3167E-03
 -4.428  0.2278E-03
 -4.418  0.1620E-03
 -4.408  0.1140E-03
 -4.398  0.7939E-04
 -4.388  0.5468E-04
 -4.378  0.3725E-04
 -4.368  0.2511E-04
 -4.358  0.1674E-04
 -4.348  0.1104E-04
 -4.338  0.7205E-05
 -4.328  0.4651E-05
 -4.318  0.2970E-05
 -4.308  0.1876E-05
 -4.298  0.1172E-05
 -4.288  0.7247E-06
 -4.278  0.4432E-06
 -4.268  0.2681E-06
 -4.258  0.1605E-06
 -4.248  0.9500E-07
 -4.238  0.5564E-07
 -4.228  0.3224E-07
 -4.218  0.1848E-07
 -4.208  0.1048E-07
 -4.198  0.5876E-08
 -4.188  0.3261E-08
 -4.178  0.1790E-08
 -4.168  0.9719E-09
 -4.158  0.5221E-09
 -4.148  0.2775E-09
 -4.138  0.1459E-09
 -4.128  0.7585E-10
 -4.118  0.3902E-10
 -4.108  0.1986E-10
 -4.098  0.9999E-11
 -4.088  0.4980E-11
 -4.078  0.2454E-11
 -4.068  0.1196E-11
 -4.058  0.5767E-12
 -4.048  0.2751E-12
 -4.038  0.1298E-12
 -4.028  0.6059E-13
 -4.018  0.2798E-13
 -4.008  0.1278E-13
 -3.998  0.5776E-14
 -3.988  0.2582E-14
 -3.978  0.1142E-14
 -3.968  0.4996E-15
 -3.958  0.2162E-15
 -3.948  0.9258E-16
 -3.938  0.3921E-16
 -3.928  0.1643E-16
 -3.918  0.6810E-17
 -3.908  0.2792E-17
 -3.898  0.1133E-17
 -3.888  0.4545E-18
 -3.878  0.1804E-18
 -3.868  0.7085E-19
 -3.858  0.2752E-19
 -3.848  0.1058E-19
 -3.838  0.4021E-20
 -3.828  0.1512E-20
 -3.818  0.5627E-21
 -3.808  0.2071E-21
 -3.798  0.7540E-22
 -3.788  0.2716E-22
 -3.778  0.9676E-23
 -3.768  0.3411E-23
 -3.758  0.1189E-23
 -3.748  0.4102E-24
 -3.738  0.1400E-24
 -3.728  0.4726E-25
 -3.718  0.1578E-25
 -3.708  0.5213E-26
 -3.698  0.1704E-26
 -3.688  0.5508E-27
 -3.678  0.1762E-27
 -3.668  0.5574E-28
 -3.658  0.1744E-28
 -3.648  0.5401E-29
 -3.638  0.1654E-29
 -3.628  0.5013E-30
 -3.618  0.1503E-30
 -3.608  0.4456E-31
 -3.598  0.1307E-31
 -3.588  0.3793E-32
 -3.578  0.1089E-32
 -3.568  0.3092E-33
 -3.558  0.8686E-34
 -3.548  0.2414E-34
 -3.538  0.6637E-35
 -3.528  0.1805E-35
 -3.518  0.4857E-36
 -3.508  0.1293E-36
 -3.498  0.3403E-37
 -3.488  0.8865E-38
 -3.478  0.2284E-38
 -3.468  0.5823E-39
 -3.458  0.1468E-39
 -3.448  0.3663E-40
 -3.438  0.9039E-41
 -3.428  0.2207E-41
 -3.418  0.5329E-42
 -3.408  0.1273E-42
 -3.398  0.3009E-43
 -3.388  0.7034E-44
 -3.378  0.1627E-44
 -3.368  0.3722E-45
 -3.358  0.8425E-46
 -3.348  0.1886E-46
 -3.338  0.4179E-47
 -3.328  0.9156E-48
 -3.318  0.1985E-48
 -3.308  0.4256E-49
 -3.298  0.9029E-50
 -3.288  0.1895E-50
 -3.278  0.3933E-51
 -3.268  0.8078E-52
 -3.258  0.1641E-52
 -3.248  0.3298E-53
 -3.238  0.6558E-54
 -3.228  0.1290E-54
 -3.218  0.2510E-55
 -3.208  0.4830E-56
 -3.198  0.9198E-57
 -3.188  0.1732E-57
 -3.178  0.3228E-58
 -3.168  0.5951E-59
 -3.158  0.1085E-59
 -3.148  0.1958E-60
 -3.138  0.3494E-61
 -3.128  0.6168E-62
 -3.118  0.1077E-62
 -3.108  0.1861E-63
 -3.098  0.3181E-64
 -3.088  0.5378E-65
 -3.078  0.8995E-66
 -3.068  0.1488E-66
 -3.058  0.2436E-67
 -3.048  0.3944E-68
 -3.038  0.6318E-69
 -3.028  0.1001E-69
 -3.018  0.1570E-70
 -3.008  0.2434E-71
 -2.998  0.3735E-72
 -2.988  0.5774E-73
 -2.978  0.1562E-73
 -2.968  0.4789E-73
 -2.958  0.3027E-72
 -2.948  0.1942E-71
 -2.938  0.1233E-70
 -2.928  0.7744E-70
 -2.918  0.4812E-69
 -2.908  0.2958E-68
 -2.898  0.1799E-67
 -2.888  0.1082E-66
 -2.878  0.6438E-66
 -2.868  0.3790E-65
 -2.858  0.2207E-64
 -2.848  0.1272E-63
 -2.838  0.7247E-63
 -2.828  0.4086E-62
 -2.818  0.2279E-61
 -2.808  0.1257E-60
 -2.798  0.6863E-60
 -2.788  0.3705E-59
 -2.778  0.1979E-58
 -2.768  0.1046E-57
 -2.758  0.5467E-57
 -2.748  0.2827E-56
 -2.738  0.1446E-55
 -2.728  0.7318E-55
 -2.718  0.3663E-54
 -2.708  0.1814E-53
 -2.698  0.8888E-53
 -2.688  0.4308E-52
 -2.678  0.2065E-51
 -2.668  0.9796E-51
 -2.658  0.4596E-50
 -2.648  0.2133E-49
 -2.638  0.9795E-49
 -2.628  0.4449E-48
 -2.618  0.1999E-47
 -2.608  0.8887E-47
 -2.598  0.3908E-46
 -2.588  0.1700E-45
 -2.578  0.7316E-45
 -2.568  0.3115E-44
 -2.558  0.1312E-43
 -2.548  0.5465E-43
 -2.538  0.2252E-42
 -2.528  0.9182E-42
 -2.518  0.3704E-41
 -2.508  0.1478E-40
 -2.498  0.5833E-40
 -2.488  0.2277E-39
 -2.478  0.8797E-39
 -2.468  0.3362E-38
 -2.458  0.1271E-37
 -2.448  0.4752E-37
 -2.438  0.1758E-36
 -2.428  0.6433E-36
 -2.418  0.2329E-35
 -2.408  0.8341E-35
 -2.398  0.2955E-34
 -2.388  0.1036E-33
 -2.378  0.3591E-33
 -2.368  0.1232E-32
 -2.358  0.4179E-32
 -2.348  0.1403E-31
 -2.338  0.4658E-31
 -2.328  0.1530E-30
 -2.318  0.4972E-30
 -2.308  0.1598E-29
 -2.298  0.5082E-29
 -2.288  0.1599E-28
 -2.278  0.4976E-28
 -2.268  0.1532E-27
 -2.258  0.4665E-27
 -2.248  0.1406E-26
 -2.238  0.4189E-26
 -2.228  0.1235E-25
 -2.218  0.3603E-25
 -2.208  0.1040E-24
 -2.198  0.2967E-24
 -2.188  0.8379E-24
 -2.178  0.2341E-23
 -2.168  0.6468E-23
 -2.158  0.1768E-22
 -2.148  0.4782E-22
 -2.138  0.1279E-21
 -2.128  0.3386E-21
 -2.118  0.8864E-21
 -2.108  0.2296E-20
 -2.098  0.5883E-20
 -2.088  0.1491E-19
 -2.078  0.3739E-19
 -2.068  0.9274E-19
 -2.058  0.2276E-18
 -2.048  0.5525E-18
 -2.038  0.1327E-17
 -2.028  0.3152E-17
 -2.018  0.7408E-17
 -2.008  0.1722E-16
 -1.998  0.3962E-16
 -1.988  0.9014E-16
 -1.978  0.2029E-15
 -1.968  0.4519E-15
 -1.958  0.9955E-15
 -1.948  0.2170E-14
 -1.938  0.4678E-14
 -1.928  0.9977E-14
 -1.918  0.2105E-13
 -1.908  0.4395E-13
 -1.898  0.9077E-13
 -1.888  0.1855E-12
 -1.878  0.3749E-12
 -1.868  0.7498E-12
 -1.858  0.1483E-11
 -1.848  0.2904E-11
 -1.838  0.5623E-11
 -1.828  0.1077E-10
 -1.818  0.2043E-10
 -1.808  0.3831E-10
 -1.798  0.7110E-10
 -1.788  0.1305E-09
 -1.778  0.2372E-09
 -1.768  0.4264E-09
 -1.758  0.7585E-09
 -1.748  0.1335E-08
 -1.738  0.2326E-08
 -1.728  0.4009E-08
 -1.718  0.6840E-08
 -1.708  0.1155E-07
 -1.698  0.1930E-07
 -1.688  0.3192E-07
 -1.678  0.5226E-07
 -1.668  0.8470E-07
 -1.658  0.1359E-06
 -1.648  0.2159E-06
 -1.638  0.3396E-06
 -1.628  0.5289E-06
 -1.618  0.8159E-06
 -1.608  0.1246E-05
 -1.598  0.1886E-05
 -1.588  0.2828E-05
 -1.578  0.4200E-05
 -1.568  0.6181E-05
 -1.558  0.9015E-05
 -1.548  0.1303E-04
 -1.538  0.1868E-04
 -1.528  0.2654E-04
 -1.518  0.3739E-04
 -1.508  0.5224E-04
 -1.498  0.7239E-04
 -1.488  0.9951E-04
 -1.478  0.1357E-03
 -1.468  0.1836E-03
 -1.458  0.2465E-03
 -1.448  0.3284E-03
 -1.438  0.4342E-03
 -1.428  0.5697E-03
 -1.418  0.7418E-03
 -1.408  0.9586E-03
 -1.398  0.1229E-02
 -1.388  0.1564E-02
 -1.378  0.1976E-02
 -1.368  0.2475E-02
 -1.358  0.3077E-02
 -1.348  0.3794E-02
 -1.338  0.4641E-02
 -1.328  0.5629E-02
 -1.318  0.6771E-02
 -1.308  0.8075E-02
 -1.298  0.9548E-02
 -1.288  0.1119E-01
 -1.278  0.1300E-01
 -1.268  0.1496E-01
 -1.258  0.1706E-01
 -1.248  0.1928E-01
 -1.238  0.2157E-01
 -1.228  0.2391E-01
 -1.218  0.2626E-01
 -1.208  0.2855E-01
 -1.198  0.3073E-01
 -1.188  0.3276E-01
 -1.178  0.3457E-01
 -1.168  0.3611E-01
 -1.158  0.3735E-01
 -1.148  0.3823E-01
 -1.138  0.3873E-01
 -1.128  0.3884E-01
 -1.118  0.3855E-01
 -1.108  0.3786E-01
 -1.098  0.3680E-01
 -1.088  0.3539E-01
 -1.078  0.3369E-01
 -1.068  0.3173E-01
 -1.058  0.2957E-01
 -1.048  0.2727E-01
 -1.038  0.2488E-01
 -1.028  0.2246E-01
 -1.018  0.2006E-01
 -1.008  0.1773E-01
 -0.998  0.1550E-01
 -0.988  0.1341E-01
 -0.978  0.1148E-01
 -0.968  0.9725E-02
 -0.958  0.8149E-02
 -0.948  0.6757E-02
 -0.938  0.5545E-02
 -0.928  0.4503E-02
 -0.918  0.3620E-02
 -0.908  0.2883E-02
 -0.898  0.2275E-02
 -0.888  0.1782E-02
 -0.878  0.1389E-02
 -0.868  0.1080E-02
 -0.858  0.8438E-03
 -0.848  0.6675E-03
 -0.838  0.5412E-03
 -0.828  0.4564E-03
 -0.818  0.4058E-03
 -0.808  0.3836E-03
 -0.798  0.3850E-03
 -0.788  0.4064E-03
 -0.778  0.4447E-03
 -0.768  0.4977E-03
 -0.758  0.5634E-03
 -0.748  0.6404E-03
 -0.738  0.7274E-03
 -0.728  0.8236E-03
 -0.718  0.9281E-03
 -0.708  0.1040E-02
 -0.698  0.1160E-02
 -0.688  0.1288E-02
 -0.678  0.1424E-02
 -0.668  0.1569E-02
 -0.658  0.1724E-02
 -0.648  0.1893E-02
 -0.638  0.2077E-02
 -0.628  0.2281E-02
 -0.618  0.2509E-02
 -0.608  0.2764E-02
 -0.598  0.3052E-02
 -0.588  0.3378E-02
 -0.578  0.3746E-02
 -0.568  0.4160E-02
 -0.558  0.4623E-02
 -0.548  0.5137E-02
 -0.538  0.5703E-02
 -0.528  0.6317E-02
 -0.518  0.6977E-02
 -0.508  0.7676E-02
 -0.498  0.8406E-02
 -0.488  0.9156E-02
 -0.478  0.9914E-02
 -0.468  0.1067E-01
 -0.458  0.1140E-01
 -0.448  0.1209E-01
 -0.438  0.1273E-01
 -0.428  0.1330E-01
 -0.418  0.1379E-01
 -0.408  0.1419E-01
 -0.398  0.1448E-01
 -0.388  0.1468E-01
 -0.378  0.1476E-01
 -0.368  0.1474E-01
 -0.358  0.1462E-01
 -0.348  0.1440E-01
 -0.338  0.1411E-01
 -0.328  0.1374E-01
 -0.318  0.1333E-01
 -0.308  0.1287E-01
 -0.298  0.1240E-01
 -0.288  0.1192E-01
 -0.278  0.1144E-01
 -0.268  0.1098E-01
 -0.258  0.1055E-01
 -0.248  0.1015E-01
 -0.238  0.9779E-02
 -0.228  0.9445E-02
 -0.218  0.9143E-02
 -0.208  0.8869E-02
 -0.198  0.8617E-02
 -0.188  0.8380E-02
 -0.178  0.8155E-02
 -0.168  0.7934E-02
 -0.158  0.7717E-02
 -0.148  0.7500E-02
 -0.138  0.7286E-02
 -0.128  0.7079E-02
 -0.118  0.6885E-02
 -0.108  0.6716E-02
 -0.098  0.6584E-02
 -0.088  0.6502E-02
 -0.078  0.6486E-02
 -0.068  0.6554E-02
 -0.058  0.6720E-02
 -0.048  0.7001E-02
 -0.038  0.7408E-02
 -0.028  0.7951E-02
 -0.018  0.8637E-02
 -0.008  0.9465E-02
  0.002  0.1043E-01
  0.012  0.1153E-01
  0.022  0.1274E-01
  0.032  0.1404E-01
  0.042  0.1541E-01
  0.052  0.1681E-01
  0.062  0.1821E-01
  0.072  0.1957E-01
  0.082  0.2085E-01
  0.092  0.2202E-01
  0.102  0.2304E-01
  0.112  0.2389E-01
  0.122  0.2453E-01
  0.132  0.2494E-01
  0.142  0.2513E-01
  0.152  0.2509E-01
  0.162  0.2483E-01
  0.172  0.2436E-01
  0.182  0.2371E-01
  0.192  0.2290E-01
  0.202  0.2198E-01
  0.212  0.2098E-01
  0.222  0.1995E-01
  0.232  0.1892E-01
  0.242  0.1793E-01
  0.252  0.1702E-01
  0.262  0.1622E-01
  0.272  0.1555E-01
  0.282  0.1503E-01
  0.292  0.1467E-01
  0.302  0.1447E-01
  0.312  0.1442E-01
  0.322  0.1452E-01
  0.332  0.1473E-01
  0.342  0.1505E-01
  0.352  0.1544E-01
  0.362  0.1586E-01
  0.372  0.1629E-01
  0.382  0.1669E-01
  0.392  0.1703E-01
  0.402  0.1728E-01
  0.412  0.1742E-01
  0.422  0.1743E-01
  0.432  0.1730E-01
  0.442  0.1701E-01
  0.452  0.1658E-01
  0.462  0.1601E-01
  0.472  0.1530E-01
  0.482  0.1448E-01
  0.492  0.1357E-01
  0.502  0.1258E-01
  0.512  0.1155E-01
  0.522  0.1049E-01
  0.532  0.9424E-02
  0.542  0.8381E-02
  0.552  0.7374E-02
  0.562  0.6420E-02
  0.572  0.5531E-02
  0.582  0.4714E-02
  0.592  0.3975E-02
  0.602  0.3317E-02
  0.612  0.2738E-02
  0.622  0.2236E-02
  0.632  0.1807E-02
  0.642  0.1445E-02
  0.652  0.1143E-02
  0.662  0.8941E-03
  0.672  0.6922E-03
  0.682  0.5302E-03
  0.692  0.4018E-03
  0.702  0.3013E-03
  0.712  0.2235E-03
  0.722  0.1640E-03
  0.732  0.1191E-03
  0.742  0.8554E-04
  0.752  0.6079E-04
  0.762  0.4274E-04
  0.772  0.2973E-04
  0.782  0.2046E-04
  0.792  0.1393E-04
  0.802  0.9386E-05
  0.812  0.6255E-05
  0.822  0.4124E-05
  0.832  0.2690E-05
  0.842  0.1736E-05
