 -5.548  0.2053E-08
 -5.538  0.3177E-08
 -5.528  0.4865E-08
 -5.518  0.7371E-08
 -5.508  0.1105E-07
 -5.498  0.1639E-07
 -5.488  0.2407E-07
 -5.478  0.3498E-07
 -5.468  0.5031E-07
 -5.458  0.7162E-07
 -5.448  0.1010E-06
 -5.438  0.1409E-06
 -5.428  0.1947E-06
 -5.418  0.2665E-06
 -5.408  0.3614E-06
 -5.398  0.4856E-06
 -5.388  0.6468E-06
 -5.378  0.8540E-06
 -5.368  0.1118E-05
 -5.358  0.1453E-05
 -5.348  0.1874E-05
 -5.338  0.2400E-05
 -5.328  0.3054E-05
 -5.318  0.3863E-05
 -5.308  0.4858E-05
 -5.298  0.6079E-05
 -5.288  0.7572E-05
 -5.278  0.9393E-05
 -5.268  0.1161E-04
 -5.258  0.1429E-04
 -5.248  0.1755E-04
 -5.238  0.2147E-04
 -5.228  0.2619E-04
 -5.218  0.3185E-04
 -5.208  0.3861E-04
 -5.198  0.4665E-04
 -5.188  0.5617E-04
 -5.178  0.6739E-04
 -5.168  0.8056E-04
 -5.158  0.9596E-04
 -5.148  0.1139E-03
 -5.138  0.1348E-03
 -5.128  0.1591E-03
 -5.118  0.1876E-03
 -5.108  0.2209E-03
 -5.098  0.2603E-03
 -5.088  0.3073E-03
 -5.078  0.3640E-03
 -5.068  0.4332E-03
 -5.058  0.5186E-03
 -5.048  0.6252E-03
 -5.038  0.7592E-03
 -5.028  0.9283E-03
 -5.018  0.1142E-02
 -5.008  0.1413E-02
 -4.998  0.1754E-02
 -4.988  0.2181E-02
 -4.978  0.2713E-02
 -4.968  0.3369E-02
 -4.958  0.4170E-02
 -4.948  0.5137E-02
 -4.938  0.6292E-02
 -4.928  0.7654E-02
 -4.918  0.9240E-02
 -4.908  0.1106E-01
 -4.898  0.1313E-01
 -4.888  0.1543E-01
 -4.878  0.1797E-01
 -4.868  0.2072E-01
 -4.858  0.2365E-01
 -4.848  0.2672E-01
 -4.838  0.2988E-01
 -4.828  0.3307E-01
 -4.818  0.3620E-01
 -4.808  0.3922E-01
 -4.798  0.4204E-01
 -4.788  0.4459E-01
 -4.778  0.4678E-01
 -4.768  0.4856E-01
 -4.758  0.4987E-01
 -4.748  0.5067E-01
 -4.738  0.5092E-01
 -4.728  0.5063E-01
 -4.718  0.4981E-01
 -4.708  0.4847E-01
 -4.698  0.4665E-01
 -4.688  0.4443E-01
 -4.678  0.4186E-01
 -4.668  0.3901E-01
 -4.658  0.3597E-01
 -4.648  0.3280E-01
 -4.638  0.2960E-01
 -4.628  0.2642E-01
 -4.618  0.2333E-01
 -4.608  0.2037E-01
 -4.598  0.1761E-01
 -4.588  0.1505E-01
 -4.578  0.1273E-01
 -4.568  0.1065E-01
 -4.558  0.8811E-02
 -4.548  0.7213E-02
 -4.538  0.5842E-02
 -4.528  0.4680E-02
 -4.518  0.3710E-02
 -4.508  0.2908E-02
 -4.498  0.2256E-02
 -4.488  0.1731E-02
 -4.478  0.1314E-02
 -4.468  0.9866E-03
 -4.458  0.7328E-03
 -4.448  0.5385E-03
 -4.438  0.3915E-03
 -4.428  0.2815E-03
 -4.418  0.2003E-03
 -4.408  0.1409E-03
 -4.398  0.9813E-04
 -4.388  0.6758E-04
 -4.378  0.4604E-04
 -4.368  0.3103E-04
 -4.358  0.2069E-04
 -4.348  0.1365E-04
 -4.338  0.8905E-05
 -4.328  0.5748E-05
 -4.318  0.3671E-05
 -4.308  0.2319E-05
 -4.298  0.1449E-05
 -4.288  0.8957E-06
 -4.278  0.5478E-06
 -4.268  0.3314E-06
 -4.258  0.1983E-06
 -4.248  0.1174E-06
 -4.238  0.6877E-07
 -4.228  0.3984E-07
 -4.218  0.2284E-07
 -4.208  0.1295E-07
 -4.198  0.7263E-08
 -4.188  0.4030E-08
 -4.178  0.2212E-08
 -4.168  0.1201E-08
 -4.158  0.6453E-09
 -4.148  0.3429E-09
 -4.138  0.1803E-09
 -4.128  0.9375E-10
 -4.118  0.4823E-10
 -4.108  0.2455E-10
 -4.098  0.1236E-10
 -4.088  0.6156E-11
 -4.078  0.3033E-11
 -4.068  0.1478E-11
 -4.058  0.7128E-12
 -4.048  0.3400E-12
 -4.038  0.1604E-12
 -4.028  0.7489E-13
 -4.018  0.3458E-13
 -4.008  0.1580E-13
 -3.998  0.7139E-14
 -3.988  0.3192E-14
 -3.978  0.1411E-14
 -3.968  0.6175E-15
 -3.958  0.2673E-15
 -3.948  0.1144E-15
 -3.938  0.4847E-16
 -3.928  0.2031E-16
 -3.918  0.8417E-17
 -3.908  0.3451E-17
 -3.898  0.1400E-17
 -3.888  0.5618E-18
 -3.878  0.2230E-18
 -3.868  0.8757E-19
 -3.858  0.3402E-19
 -3.848  0.1307E-19
 -3.838  0.4970E-20
 -3.828  0.1869E-20
 -3.818  0.6954E-21
 -3.808  0.2560E-21
 -3.798  0.9319E-22
 -3.788  0.3357E-22
 -3.778  0.1196E-22
 -3.768  0.4216E-23
 -3.758  0.1470E-23
 -3.748  0.5071E-24
 -3.738  0.1730E-24
 -3.728  0.5841E-25
 -3.718  0.1951E-25
 -3.708  0.6444E-26
 -3.698  0.2106E-26
 -3.688  0.6808E-27
 -3.678  0.2177E-27
 -3.668  0.6889E-28
 -3.658  0.2156E-28
 -3.648  0.6676E-29
 -3.638  0.2045E-29
 -3.628  0.6196E-30
 -3.618  0.1857E-30
 -3.608  0.5507E-31
 -3.598  0.1615E-31
 -3.588  0.4688E-32
 -3.578  0.1346E-32
 -3.568  0.3822E-33
 -3.558  0.1074E-33
 -3.548  0.2984E-34
 -3.538  0.8203E-35
 -3.528  0.2231E-35
 -3.518  0.6003E-36
 -3.508  0.1598E-36
 -3.498  0.4207E-37
 -3.488  0.1096E-37
 -3.478  0.2823E-38
 -3.468  0.7197E-39
 -3.458  0.1815E-39
 -3.448  0.4527E-40
 -3.438  0.1117E-40
 -3.428  0.2727E-41
 -3.418  0.6586E-42
 -3.408  0.1573E-42
 -3.398  0.3719E-43
 -3.388  0.8694E-44
 -3.378  0.2011E-44
 -3.368  0.4601E-45
 -3.358  0.1041E-45
 -3.348  0.2332E-46
 -3.338  0.5165E-47
 -3.328  0.1132E-47
 -3.318  0.2453E-48
 -3.308  0.5261E-49
 -3.298  0.1116E-49
 -3.288  0.2342E-50
 -3.278  0.4862E-51
 -3.268  0.9984E-52
 -3.258  0.2028E-52
 -3.248  0.4077E-53
 -3.238  0.8105E-54
 -3.228  0.1594E-54
 -3.218  0.3102E-55
 -3.208  0.5970E-56
 -3.198  0.1137E-56
 -3.188  0.2141E-57
 -3.178  0.3990E-58
 -3.168  0.7355E-59
 -3.158  0.1341E-59
 -3.148  0.2420E-60
 -3.138  0.4318E-61
 -3.128  0.7623E-62
 -3.118  0.1331E-62
 -3.108  0.2300E-63
 -3.098  0.3931E-64
 -3.088  0.6647E-65
 -3.078  0.1112E-65
 -3.068  0.1839E-66
 -3.058  0.3011E-67
 -3.048  0.4875E-68
 -3.038  0.7810E-69
 -3.028  0.1238E-69
 -3.018  0.1940E-70
 -3.008  0.3009E-71
 -2.998  0.4628E-72
 -2.988  0.7879E-73
 -2.978  0.6852E-73
 -2.968  0.3820E-72
 -2.958  0.2469E-71
 -2.948  0.1584E-70
 -2.938  0.1006E-69
 -2.928  0.6319E-69
 -2.918  0.3926E-68
 -2.908  0.2413E-67
 -2.898  0.1468E-66
 -2.888  0.8828E-66
 -2.878  0.5253E-65
 -2.868  0.3093E-64
 -2.858  0.1801E-63
 -2.848  0.1038E-62
 -2.838  0.5913E-62
 -2.828  0.3334E-61
 -2.818  0.1859E-60
 -2.808  0.1026E-59
 -2.798  0.5599E-59
 -2.788  0.3023E-58
 -2.778  0.1615E-57
 -2.768  0.8533E-57
 -2.758  0.4460E-56
 -2.748  0.2307E-55
 -2.738  0.1180E-54
 -2.728  0.5971E-54
 -2.718  0.2989E-53
 -2.708  0.1480E-52
 -2.698  0.7252E-52
 -2.688  0.3515E-51
 -2.678  0.1685E-50
 -2.668  0.7993E-50
 -2.658  0.3750E-49
 -2.648  0.1741E-48
 -2.638  0.7992E-48
 -2.628  0.3630E-47
 -2.618  0.1631E-46
 -2.608  0.7251E-46
 -2.598  0.3189E-45
 -2.588  0.1387E-44
 -2.578  0.5969E-44
 -2.568  0.2541E-43
 -2.558  0.1070E-42
 -2.548  0.4459E-42
 -2.538  0.1838E-41
 -2.528  0.7492E-41
 -2.518  0.3022E-40
 -2.508  0.1206E-39
 -2.498  0.4759E-39
 -2.488  0.1858E-38
 -2.478  0.7178E-38
 -2.468  0.2743E-37
 -2.458  0.1037E-36
 -2.448  0.3877E-36
 -2.438  0.1434E-35
 -2.428  0.5249E-35
 -2.418  0.1900E-34
 -2.408  0.6805E-34
 -2.398  0.2411E-33
 -2.388  0.8450E-33
 -2.378  0.2930E-32
 -2.368  0.1005E-31
 -2.358  0.3410E-31
 -2.348  0.1144E-30
 -2.338  0.3800E-30
 -2.328  0.1248E-29
 -2.318  0.4056E-29
 -2.308  0.1304E-28
 -2.298  0.4147E-28
 -2.288  0.1304E-27
 -2.278  0.4060E-27
 -2.268  0.1250E-26
 -2.258  0.3806E-26
 -2.248  0.1147E-25
 -2.238  0.3418E-25
 -2.228  0.1008E-24
 -2.218  0.2939E-24
 -2.208  0.8481E-24
 -2.198  0.2421E-23
 -2.188  0.6836E-23
 -2.178  0.1909E-22
 -2.168  0.5276E-22
 -2.158  0.1442E-21
 -2.148  0.3901E-21
 -2.138  0.1044E-20
 -2.128  0.2762E-20
 -2.118  0.7230E-20
 -2.108  0.1872E-19
 -2.098  0.4797E-19
 -2.088  0.1216E-18
 -2.078  0.3049E-18
 -2.068  0.7562E-18
 -2.058  0.1856E-17
 -2.048  0.4504E-17
 -2.038  0.1082E-16
 -2.028  0.2569E-16
 -2.018  0.6037E-16
 -2.008  0.1404E-15
 -1.998  0.3228E-15
 -1.988  0.7343E-15
 -1.978  0.1653E-14
 -1.968  0.3679E-14
 -1.958  0.8104E-14
 -1.948  0.1766E-13
 -1.938  0.3806E-13
 -1.928  0.8115E-13
 -1.918  0.1712E-12
 -1.908  0.3572E-12
 -1.898  0.7374E-12
 -1.888  0.1506E-11
 -1.878  0.3042E-11
 -1.868  0.6080E-11
 -1.858  0.1202E-10
 -1.848  0.2351E-10
 -1.838  0.4549E-10
 -1.828  0.8707E-10
 -1.818  0.1649E-09
 -1.808  0.3088E-09
 -1.798  0.5723E-09
 -1.788  0.1049E-08
 -1.778  0.1903E-08
 -1.768  0.3414E-08
 -1.758  0.6060E-08
 -1.748  0.1064E-07
 -1.738  0.1848E-07
 -1.728  0.3177E-07
 -1.718  0.5401E-07
 -1.708  0.9084E-07
 -1.698  0.1512E-06
 -1.688  0.2489E-06
 -1.678  0.4053E-06
 -1.668  0.6531E-06
 -1.658  0.1041E-05
 -1.648  0.1642E-05
 -1.638  0.2563E-05
 -1.628  0.3956E-05
 -1.618  0.6044E-05
 -1.608  0.9134E-05
 -1.598  0.1366E-04
 -1.588  0.2021E-04
 -1.578  0.2959E-04
 -1.568  0.4287E-04
 -1.558  0.6146E-04
 -1.548  0.8719E-04
 -1.538  0.1224E-03
 -1.528  0.1701E-03
 -1.518  0.2339E-03
 -1.508  0.3183E-03
 -1.498  0.4288E-03
 -1.488  0.5717E-03
 -1.478  0.7546E-03
 -1.468  0.9861E-03
 -1.458  0.1276E-02
 -1.448  0.1634E-02
 -1.438  0.2073E-02
 -1.428  0.2604E-02
 -1.418  0.3240E-02
 -1.408  0.3992E-02
 -1.398  0.4874E-02
 -1.388  0.5895E-02
 -1.378  0.7065E-02
 -1.368  0.8391E-02
 -1.358  0.9879E-02
 -1.348  0.1153E-01
 -1.338  0.1334E-01
 -1.328  0.1530E-01
 -1.318  0.1741E-01
 -1.308  0.1964E-01
 -1.298  0.2198E-01
 -1.288  0.2441E-01
 -1.278  0.2688E-01
 -1.268  0.2939E-01
 -1.258  0.3187E-01
 -1.248  0.3430E-01
 -1.238  0.3664E-01
 -1.228  0.3884E-01
 -1.218  0.4086E-01
 -1.208  0.4265E-01
 -1.198  0.4419E-01
 -1.188  0.4542E-01
 -1.178  0.4632E-01
 -1.168  0.4687E-01
 -1.158  0.4705E-01
 -1.148  0.4684E-01
 -1.138  0.4625E-01
 -1.128  0.4528E-01
 -1.118  0.4395E-01
 -1.108  0.4230E-01
 -1.098  0.4035E-01
 -1.088  0.3815E-01
 -1.078  0.3574E-01
 -1.068  0.3318E-01
 -1.058  0.3051E-01
 -1.048  0.2780E-01
 -1.038  0.2508E-01
 -1.028  0.2241E-01
 -1.018  0.1984E-01
 -1.008  0.1738E-01
 -0.998  0.1508E-01
 -0.988  0.1295E-01
 -0.978  0.1102E-01
 -0.968  0.9274E-02
 -0.958  0.7729E-02
 -0.948  0.6375E-02
 -0.938  0.5206E-02
 -0.928  0.4208E-02
 -0.918  0.3368E-02
 -0.908  0.2670E-02
 -0.898  0.2098E-02
 -0.888  0.1636E-02
 -0.878  0.1269E-02
 -0.868  0.9828E-03
 -0.858  0.7648E-03
 -0.848  0.6042E-03
 -0.838  0.4920E-03
 -0.828  0.4206E-03
 -0.818  0.3841E-03
 -0.808  0.3783E-03
 -0.798  0.3999E-03
 -0.788  0.4469E-03
 -0.778  0.5181E-03
 -0.768  0.6129E-03
 -0.758  0.7312E-03
 -0.748  0.8733E-03
 -0.738  0.1039E-02
 -0.728  0.1230E-02
 -0.718  0.1444E-02
 -0.708  0.1683E-02
 -0.698  0.1945E-02
 -0.688  0.2230E-02
 -0.678  0.2537E-02
 -0.668  0.2865E-02
 -0.658  0.3214E-02
 -0.648  0.3583E-02
 -0.638  0.3972E-02
 -0.628  0.4385E-02
 -0.618  0.4824E-02
 -0.608  0.5293E-02
 -0.598  0.5801E-02
 -0.588  0.6357E-02
 -0.578  0.6972E-02
 -0.568  0.7658E-02
 -0.558  0.8432E-02
 -0.548  0.9310E-02
 -0.538  0.1031E-01
 -0.528  0.1144E-01
 -0.518  0.1272E-01
 -0.508  0.1416E-01
 -0.498  0.1577E-01
 -0.488  0.1755E-01
 -0.478  0.1948E-01
 -0.468  0.2157E-01
 -0.458  0.2379E-01
 -0.448  0.2610E-01
 -0.438  0.2847E-01
 -0.428  0.3086E-01
 -0.418  0.3321E-01
 -0.408  0.3547E-01
 -0.398  0.3758E-01
 -0.388  0.3948E-01
 -0.378  0.4113E-01
 -0.368  0.4246E-01
 -0.358  0.4344E-01
 -0.348  0.4404E-01
 -0.338  0.4424E-01
 -0.328  0.4403E-01
 -0.318  0.4341E-01
 -0.308  0.4242E-01
 -0.298  0.4107E-01
 -0.288  0.3940E-01
 -0.278  0.3747E-01
 -0.268  0.3534E-01
 -0.258  0.3304E-01
 -0.248  0.3066E-01
 -0.238  0.2823E-01
 -0.228  0.2581E-01
 -0.218  0.2345E-01
 -0.208  0.2118E-01
 -0.198  0.1904E-01
 -0.188  0.1705E-01
 -0.178  0.1522E-01
 -0.168  0.1358E-01
 -0.158  0.1212E-01
 -0.148  0.1084E-01
 -0.138  0.9753E-02
 -0.128  0.8852E-02
 -0.118  0.8137E-02
 -0.108  0.7609E-02
 -0.098  0.7270E-02
 -0.088  0.7123E-02
 -0.078  0.7175E-02
 -0.068  0.7433E-02
 -0.058  0.7904E-02
 -0.048  0.8596E-02
 -0.038  0.9514E-02
 -0.028  0.1066E-01
 -0.018  0.1204E-01
 -0.008  0.1364E-01
  0.002  0.1544E-01
  0.012  0.1744E-01
  0.022  0.1960E-01
  0.032  0.2188E-01
  0.042  0.2424E-01
  0.052  0.2662E-01
  0.062  0.2899E-01
  0.072  0.3127E-01
  0.082  0.3340E-01
  0.092  0.3533E-01
  0.102  0.3701E-01
  0.112  0.3838E-01
  0.122  0.3941E-01
  0.132  0.4008E-01
  0.142  0.4036E-01
  0.152  0.4026E-01
  0.162  0.3980E-01
  0.172  0.3900E-01
  0.182  0.3791E-01
  0.192  0.3657E-01
  0.202  0.3504E-01
  0.212  0.3338E-01
  0.222  0.3168E-01
  0.232  0.2998E-01
  0.242  0.2836E-01
  0.252  0.2687E-01
  0.262  0.2556E-01
  0.272  0.2447E-01
  0.282  0.2363E-01
  0.292  0.2306E-01
  0.302  0.2275E-01
  0.312  0.2269E-01
  0.322  0.2288E-01
  0.332  0.2326E-01
  0.342  0.2381E-01
  0.352  0.2448E-01
  0.362  0.2520E-01
  0.372  0.2594E-01
  0.382  0.2662E-01
  0.392  0.2722E-01
  0.402  0.2767E-01
  0.412  0.2793E-01
  0.422  0.2799E-01
  0.432  0.2781E-01
  0.442  0.2738E-01
  0.452  0.2672E-01
  0.462  0.2582E-01
  0.472  0.2470E-01
  0.482  0.2339E-01
  0.492  0.2193E-01
  0.502  0.2035E-01
  0.512  0.1869E-01
  0.522  0.1698E-01
  0.532  0.1527E-01
  0.542  0.1359E-01
  0.552  0.1196E-01
  0.562  0.1042E-01
  0.572  0.8979E-02
  0.582  0.7656E-02
  0.592  0.6459E-02
  0.602  0.5392E-02
  0.612  0.4453E-02
  0.622  0.3638E-02
  0.632  0.2941E-02
  0.642  0.2352E-02
  0.652  0.1861E-02
  0.662  0.1457E-02
  0.672  0.1128E-02
  0.682  0.8646E-03
  0.692  0.6554E-03
  0.702  0.4916E-03
  0.712  0.3648E-03
  0.722  0.2678E-03
  0.732  0.1945E-03
  0.742  0.1398E-03
  0.752  0.9936E-04
  0.762  0.6988E-04
  0.772  0.4863E-04
  0.782  0.3348E-04
  0.792  0.2280E-04
  0.802  0.1536E-04
  0.812  0.1024E-04
  0.822  0.6755E-05
  0.832  0.4408E-05
  0.842  0.2845E-05
