 -5.548  0.1550E-08
 -5.538  0.2397E-08
 -5.528  0.3668E-08
 -5.518  0.5551E-08
 -5.508  0.8313E-08
 -5.498  0.1232E-07
 -5.488  0.1805E-07
 -5.478  0.2618E-07
 -5.468  0.3757E-07
 -5.458  0.5334E-07
 -5.448  0.7493E-07
 -5.438  0.1042E-06
 -5.428  0.1433E-06
 -5.418  0.1951E-06
 -5.408  0.2630E-06
 -5.398  0.3508E-06
 -5.388  0.4632E-06
 -5.378  0.6056E-06
 -5.368  0.7840E-06
 -5.358  0.1005E-05
 -5.348  0.1277E-05
 -5.338  0.1606E-05
 -5.328  0.2003E-05
 -5.318  0.2476E-05
 -5.308  0.3036E-05
 -5.298  0.3692E-05
 -5.288  0.4455E-05
 -5.278  0.5338E-05
 -5.268  0.6352E-05
 -5.258  0.7513E-05
 -5.248  0.8834E-05
 -5.238  0.1033E-04
 -5.228  0.1203E-04
 -5.218  0.1394E-04
 -5.208  0.1610E-04
 -5.198  0.1852E-04
 -5.188  0.2124E-04
 -5.178  0.2428E-04
 -5.168  0.2767E-04
 -5.158  0.3143E-04
 -5.148  0.3558E-04
 -5.138  0.4013E-04
 -5.128  0.4508E-04
 -5.118  0.5043E-04
 -5.108  0.5615E-04
 -5.098  0.6220E-04
 -5.088  0.6851E-04
 -5.078  0.7503E-04
 -5.068  0.8164E-04
 -5.058  0.8826E-04
 -5.048  0.9475E-04
 -5.038  0.1010E-03
 -5.028  0.1069E-03
 -5.018  0.1123E-03
 -5.008  0.1171E-03
 -4.998  0.1213E-03
 -4.988  0.1247E-03
 -4.978  0.1272E-03
 -4.968  0.1290E-03
 -4.958  0.1299E-03
 -4.948  0.1300E-03
 -4.938  0.1294E-03
 -4.928  0.1281E-03
 -4.918  0.1262E-03
 -4.908  0.1238E-03
 -4.898  0.1211E-03
 -4.888  0.1180E-03
 -4.878  0.1148E-03
 -4.868  0.1115E-03
 -4.858  0.1082E-03
 -4.848  0.1048E-03
 -4.838  0.1016E-03
 -4.828  0.9844E-04
 -4.818  0.9538E-04
 -4.808  0.9239E-04
 -4.798  0.8946E-04
 -4.788  0.8655E-04
 -4.778  0.8363E-04
 -4.768  0.8065E-04
 -4.758  0.7758E-04
 -4.748  0.7438E-04
 -4.738  0.7104E-04
 -4.728  0.6753E-04
 -4.718  0.6386E-04
 -4.708  0.6003E-04
 -4.698  0.5607E-04
 -4.688  0.5201E-04
 -4.678  0.4788E-04
 -4.668  0.4374E-04
 -4.658  0.3963E-04
 -4.648  0.3560E-04
 -4.638  0.3169E-04
 -4.628  0.2796E-04
 -4.618  0.2444E-04
 -4.608  0.2117E-04
 -4.598  0.1815E-04
 -4.588  0.1541E-04
 -4.578  0.1296E-04
 -4.568  0.1079E-04
 -4.558  0.8886E-05
 -4.548  0.7247E-05
 -4.538  0.5849E-05
 -4.528  0.4673E-05
 -4.518  0.3694E-05
 -4.508  0.2890E-05
 -4.498  0.2237E-05
 -4.488  0.1714E-05
 -4.478  0.1299E-05
 -4.468  0.9739E-06
 -4.458  0.7227E-06
 -4.448  0.5305E-06
 -4.438  0.3853E-06
 -4.428  0.2769E-06
 -4.418  0.1968E-06
 -4.408  0.1385E-06
 -4.398  0.9634E-07
 -4.388  0.6632E-07
 -4.378  0.4517E-07
 -4.368  0.3043E-07
 -4.358  0.2029E-07
 -4.348  0.1338E-07
 -4.338  0.8727E-08
 -4.328  0.5632E-08
 -4.318  0.3596E-08
 -4.308  0.2271E-08
 -4.298  0.1419E-08
 -4.288  0.8771E-09
 -4.278  0.5363E-09
 -4.268  0.3244E-09
 -4.258  0.1941E-09
 -4.248  0.1149E-09
 -4.238  0.6731E-10
 -4.228  0.3900E-10
 -4.218  0.2235E-10
 -4.208  0.1267E-10
 -4.198  0.7108E-11
 -4.188  0.3944E-11
 -4.178  0.2165E-11
 -4.168  0.1176E-11
 -4.158  0.6315E-12
 -4.148  0.3356E-12
 -4.138  0.1764E-12
 -4.128  0.9174E-13
 -4.118  0.4719E-13
 -4.108  0.2402E-13
 -4.098  0.1209E-13
 -4.088  0.6023E-14
 -4.078  0.2967E-14
 -4.068  0.1446E-14
 -4.058  0.6974E-15
 -4.048  0.3327E-15
 -4.038  0.1570E-15
 -4.028  0.7327E-16
 -4.018  0.3383E-16
 -4.008  0.1546E-16
 -3.998  0.6985E-17
 -3.988  0.3123E-17
 -3.978  0.1381E-17
 -3.968  0.6042E-18
 -3.958  0.2615E-18
 -3.948  0.1120E-18
 -3.938  0.4742E-19
 -3.928  0.1987E-19
 -3.918  0.8235E-20
 -3.908  0.3377E-20
 -3.898  0.1370E-20
 -3.888  0.5496E-21
 -3.878  0.2182E-21
 -3.868  0.8567E-22
 -3.858  0.3328E-22
 -3.848  0.1279E-22
 -3.838  0.4863E-23
 -3.828  0.1829E-23
 -3.818  0.6804E-24
 -3.808  0.2504E-24
 -3.798  0.9117E-25
 -3.788  0.3284E-25
 -3.778  0.1170E-25
 -3.768  0.4124E-26
 -3.758  0.1438E-26
 -3.748  0.4961E-27
 -3.738  0.1693E-27
 -3.728  0.5714E-28
 -3.718  0.1908E-28
 -3.708  0.6304E-29
 -3.698  0.2060E-29
 -3.688  0.6661E-30
 -3.678  0.2130E-30
 -3.668  0.6740E-31
 -3.658  0.2109E-31
 -3.648  0.6531E-32
 -3.638  0.2000E-32
 -3.628  0.6061E-33
 -3.618  0.1817E-33
 -3.608  0.5387E-34
 -3.598  0.1580E-34
 -3.588  0.4586E-35
 -3.578  0.1317E-35
 -3.568  0.3739E-36
 -3.558  0.1050E-36
 -3.548  0.2919E-37
 -3.538  0.8025E-38
 -3.528  0.2183E-38
 -3.518  0.5872E-39
 -3.508  0.1563E-39
 -3.498  0.4115E-40
 -3.488  0.1072E-40
 -3.478  0.2762E-41
 -3.468  0.7040E-42
 -3.458  0.1775E-42
 -3.448  0.4429E-43
 -3.438  0.1093E-43
 -3.428  0.2668E-44
 -3.418  0.6443E-45
 -3.408  0.1539E-45
 -3.398  0.3638E-46
 -3.388  0.8505E-47
 -3.378  0.1967E-47
 -3.368  0.4501E-48
 -3.358  0.1019E-48
 -3.348  0.2281E-49
 -3.338  0.5052E-50
 -3.328  0.1107E-50
 -3.318  0.2400E-51
 -3.308  0.5146E-52
 -3.298  0.1092E-52
 -3.288  0.2291E-53
 -3.278  0.4756E-54
 -3.268  0.9767E-55
 -3.258  0.1984E-55
 -3.248  0.3988E-56
 -3.238  0.7929E-57
 -3.228  0.1559E-57
 -3.218  0.3034E-58
 -3.208  0.5840E-59
 -3.198  0.1112E-59
 -3.188  0.2095E-60
 -3.178  0.3903E-61
 -3.168  0.7195E-62
 -3.158  0.1312E-62
 -3.148  0.2367E-63
 -3.138  0.4224E-64
 -3.128  0.7457E-65
 -3.118  0.1302E-65
 -3.108  0.2250E-66
 -3.098  0.3846E-67
 -3.088  0.6502E-68
 -3.078  0.1087E-68
 -3.068  0.1799E-69
 -3.058  0.2945E-70
 -3.048  0.4769E-71
 -3.038  0.7639E-72
 -3.028  0.1211E-72
 -3.018  0.1898E-73
 -3.008  0.2944E-74
 -2.998  0.4585E-75
 -2.988  0.1157E-75
 -2.978  0.3230E-75
 -2.968  0.2052E-74
 -2.958  0.1331E-73
 -2.948  0.8541E-73
 -2.938  0.5423E-72
 -2.928  0.3406E-71
 -2.918  0.2116E-70
 -2.908  0.1301E-69
 -2.898  0.7911E-69
 -2.888  0.4759E-68
 -2.878  0.2832E-67
 -2.868  0.1667E-66
 -2.858  0.9709E-66
 -2.848  0.5593E-65
 -2.838  0.3188E-64
 -2.828  0.1797E-63
 -2.818  0.1002E-62
 -2.808  0.5530E-62
 -2.798  0.3018E-61
 -2.788  0.1630E-60
 -2.778  0.8705E-60
 -2.768  0.4600E-59
 -2.758  0.2405E-58
 -2.748  0.1243E-57
 -2.738  0.6361E-57
 -2.728  0.3219E-56
 -2.718  0.1611E-55
 -2.708  0.7980E-55
 -2.698  0.3910E-54
 -2.688  0.1895E-53
 -2.678  0.9084E-53
 -2.668  0.4309E-52
 -2.658  0.2022E-51
 -2.648  0.9383E-51
 -2.638  0.4308E-50
 -2.628  0.1957E-49
 -2.618  0.8794E-49
 -2.608  0.3909E-48
 -2.598  0.1719E-47
 -2.588  0.7477E-47
 -2.578  0.3218E-46
 -2.568  0.1370E-45
 -2.558  0.5769E-45
 -2.548  0.2404E-44
 -2.538  0.9906E-44
 -2.528  0.4039E-43
 -2.518  0.1629E-42
 -2.508  0.6500E-42
 -2.498  0.2565E-41
 -2.488  0.1002E-40
 -2.478  0.3869E-40
 -2.468  0.1479E-39
 -2.458  0.5589E-39
 -2.448  0.2090E-38
 -2.438  0.7732E-38
 -2.428  0.2830E-37
 -2.418  0.1024E-36
 -2.408  0.3669E-36
 -2.398  0.1300E-35
 -2.388  0.4555E-35
 -2.378  0.1579E-34
 -2.368  0.5417E-34
 -2.358  0.1838E-33
 -2.348  0.6169E-33
 -2.338  0.2049E-32
 -2.328  0.6729E-32
 -2.318  0.2187E-31
 -2.308  0.7029E-31
 -2.298  0.2235E-30
 -2.288  0.7032E-30
 -2.278  0.2188E-29
 -2.268  0.6737E-29
 -2.258  0.2052E-28
 -2.248  0.6182E-28
 -2.238  0.1842E-27
 -2.228  0.5432E-27
 -2.218  0.1584E-26
 -2.208  0.4572E-26
 -2.198  0.1305E-25
 -2.188  0.3685E-25
 -2.178  0.1029E-24
 -2.168  0.2844E-24
 -2.158  0.7776E-24
 -2.148  0.2103E-23
 -2.138  0.5625E-23
 -2.128  0.1489E-22
 -2.118  0.3898E-22
 -2.108  0.1009E-21
 -2.098  0.2586E-21
 -2.088  0.6555E-21
 -2.078  0.1644E-20
 -2.068  0.4077E-20
 -2.058  0.1000E-19
 -2.048  0.2428E-19
 -2.038  0.5831E-19
 -2.028  0.1385E-18
 -2.018  0.3255E-18
 -2.008  0.7567E-18
 -1.998  0.1740E-17
 -1.988  0.3959E-17
 -1.978  0.8910E-17
 -1.968  0.1984E-16
 -1.958  0.4369E-16
 -1.948  0.9520E-16
 -1.938  0.2052E-15
 -1.928  0.4376E-15
 -1.918  0.9230E-15
 -1.908  0.1926E-14
 -1.898  0.3976E-14
 -1.888  0.8120E-14
 -1.878  0.1641E-13
 -1.868  0.3279E-13
 -1.858  0.6483E-13
 -1.848  0.1268E-12
 -1.838  0.2454E-12
 -1.828  0.4697E-12
 -1.818  0.8895E-12
 -1.808  0.1666E-11
 -1.798  0.3088E-11
 -1.788  0.5662E-11
 -1.778  0.1027E-10
 -1.768  0.1843E-10
 -1.758  0.3272E-10
 -1.748  0.5747E-10
 -1.738  0.9985E-10
 -1.728  0.1716E-09
 -1.718  0.2919E-09
 -1.708  0.4912E-09
 -1.698  0.8176E-09
 -1.688  0.1347E-08
 -1.678  0.2194E-08
 -1.668  0.3537E-08
 -1.658  0.5643E-08
 -1.648  0.8905E-08
 -1.638  0.1391E-07
 -1.628  0.2149E-07
 -1.618  0.3285E-07
 -1.608  0.4971E-07
 -1.598  0.7442E-07
 -1.588  0.1103E-06
 -1.578  0.1617E-06
 -1.568  0.2346E-06
 -1.558  0.3369E-06
 -1.548  0.4789E-06
 -1.538  0.6739E-06
 -1.528  0.9386E-06
 -1.518  0.1294E-05
 -1.508  0.1767E-05
 -1.498  0.2388E-05
 -1.488  0.3196E-05
 -1.478  0.4237E-05
 -1.468  0.5562E-05
 -1.458  0.7233E-05
 -1.448  0.9318E-05
 -1.438  0.1189E-04
 -1.428  0.1504E-04
 -1.418  0.1885E-04
 -1.408  0.2342E-04
 -1.398  0.2885E-04
 -1.388  0.3522E-04
 -1.378  0.4265E-04
 -1.368  0.5122E-04
 -1.358  0.6101E-04
 -1.348  0.7209E-04
 -1.338  0.8451E-04
 -1.328  0.9832E-04
 -1.318  0.1135E-03
 -1.308  0.1300E-03
 -1.298  0.1479E-03
 -1.288  0.1669E-03
 -1.278  0.1869E-03
 -1.268  0.2078E-03
 -1.258  0.2294E-03
 -1.248  0.2512E-03
 -1.238  0.2730E-03
 -1.228  0.2945E-03
 -1.218  0.3152E-03
 -1.208  0.3346E-03
 -1.198  0.3525E-03
 -1.188  0.3682E-03
 -1.178  0.3815E-03
 -1.168  0.3919E-03
 -1.158  0.3992E-03
 -1.148  0.4031E-03
 -1.138  0.4033E-03
 -1.128  0.4000E-03
 -1.118  0.3931E-03
 -1.108  0.3827E-03
 -1.098  0.3691E-03
 -1.088  0.3526E-03
 -1.078  0.3336E-03
 -1.068  0.3126E-03
 -1.058  0.2900E-03
 -1.048  0.2665E-03
 -1.038  0.2424E-03
 -1.028  0.2183E-03
 -1.018  0.1946E-03
 -1.008  0.1718E-03
 -0.998  0.1502E-03
 -0.988  0.1300E-03
 -0.978  0.1115E-03
 -0.968  0.9485E-04
 -0.958  0.8011E-04
 -0.948  0.6734E-04
 -0.938  0.5653E-04
 -0.928  0.4768E-04
 -0.918  0.4075E-04
 -0.908  0.3571E-04
 -0.898  0.3255E-04
 -0.888  0.3125E-04
 -0.878  0.3185E-04
 -0.868  0.3439E-04
 -0.858  0.3895E-04
 -0.848  0.4564E-04
 -0.838  0.5458E-04
 -0.828  0.6592E-04
 -0.818  0.7979E-04
 -0.808  0.9631E-04
 -0.798  0.1156E-03
 -0.788  0.1377E-03
 -0.778  0.1626E-03
 -0.768  0.1902E-03
 -0.758  0.2204E-03
 -0.748  0.2529E-03
 -0.738  0.2873E-03
 -0.728  0.3233E-03
 -0.718  0.3603E-03
 -0.708  0.3977E-03
 -0.698  0.4348E-03
 -0.688  0.4712E-03
 -0.678  0.5061E-03
 -0.668  0.5389E-03
 -0.658  0.5693E-03
 -0.648  0.5969E-03
 -0.638  0.6214E-03
 -0.628  0.6428E-03
 -0.618  0.6613E-03
 -0.608  0.6771E-03
 -0.598  0.6908E-03
 -0.588  0.7028E-03
 -0.578  0.7138E-03
 -0.568  0.7245E-03
 -0.558  0.7356E-03
 -0.548  0.7477E-03
 -0.538  0.7613E-03
 -0.528  0.7769E-03
 -0.518  0.7944E-03
 -0.508  0.8140E-03
 -0.498  0.8353E-03
 -0.488  0.8578E-03
 -0.478  0.8808E-03
 -0.468  0.9035E-03
 -0.458  0.9249E-03
 -0.448  0.9439E-03
 -0.438  0.9595E-03
 -0.428  0.9707E-03
 -0.418  0.9766E-03
 -0.408  0.9765E-03
 -0.398  0.9700E-03
 -0.388  0.9568E-03
 -0.378  0.9368E-03
 -0.368  0.9103E-03
 -0.358  0.8778E-03
 -0.348  0.8400E-03
 -0.338  0.7977E-03
 -0.328  0.7519E-03
 -0.318  0.7037E-03
 -0.308  0.6541E-03
 -0.298  0.6042E-03
 -0.288  0.5550E-03
 -0.278  0.5073E-03
 -0.268  0.4619E-03
 -0.258  0.4193E-03
 -0.248  0.3800E-03
 -0.238  0.3442E-03
 -0.228  0.3119E-03
 -0.218  0.2832E-03
 -0.208  0.2579E-03
 -0.198  0.2357E-03
 -0.188  0.2164E-03
 -0.178  0.1996E-03
 -0.168  0.1850E-03
 -0.158  0.1723E-03
 -0.148  0.1612E-03
 -0.138  0.1515E-03
 -0.128  0.1432E-03
 -0.118  0.1361E-03
 -0.108  0.1302E-03
 -0.098  0.1258E-03
 -0.088  0.1228E-03
 -0.078  0.1217E-03
 -0.068  0.1226E-03
 -0.058  0.1258E-03
 -0.048  0.1317E-03
 -0.038  0.1406E-03
 -0.028  0.1529E-03
 -0.018  0.1687E-03
 -0.008  0.1883E-03
  0.002  0.2119E-03
  0.012  0.2396E-03
  0.022  0.2713E-03
  0.032  0.3071E-03
  0.042  0.3466E-03
  0.052  0.3896E-03
  0.062  0.4357E-03
  0.072  0.4844E-03
  0.082  0.5352E-03
  0.092  0.5872E-03
  0.102  0.6399E-03
  0.112  0.6924E-03
  0.122  0.7439E-03
  0.132  0.7936E-03
  0.142  0.8408E-03
  0.152  0.8846E-03
  0.162  0.9245E-03
  0.172  0.9600E-03
  0.182  0.9905E-03
  0.192  0.1016E-02
  0.202  0.1036E-02
  0.212  0.1052E-02
  0.222  0.1062E-02
  0.232  0.1069E-02
  0.242  0.1071E-02
  0.252  0.1071E-02
  0.262  0.1068E-02
  0.272  0.1065E-02
  0.282  0.1060E-02
  0.292  0.1056E-02
  0.302  0.1053E-02
  0.312  0.1051E-02
  0.322  0.1050E-02
  0.332  0.1050E-02
  0.342  0.1051E-02
  0.352  0.1053E-02
  0.362  0.1054E-02
  0.372  0.1054E-02
  0.382  0.1052E-02
  0.392  0.1048E-02
  0.402  0.1039E-02
  0.412  0.1025E-02
  0.422  0.1006E-02
  0.432  0.9813E-03
  0.442  0.9505E-03
  0.452  0.9137E-03
  0.462  0.8713E-03
  0.472  0.8238E-03
  0.482  0.7720E-03
  0.492  0.7169E-03
  0.502  0.6595E-03
  0.512  0.6008E-03
  0.522  0.5420E-03
  0.532  0.4841E-03
  0.542  0.4280E-03
  0.552  0.3746E-03
  0.562  0.3245E-03
  0.572  0.2781E-03
  0.582  0.2360E-03
  0.592  0.1981E-03
  0.602  0.1646E-03
  0.612  0.1353E-03
  0.622  0.1100E-03
  0.632  0.8857E-04
  0.642  0.7053E-04
  0.652  0.5557E-04
  0.662  0.4332E-04
  0.672  0.3342E-04
  0.682  0.2550E-04
  0.692  0.1926E-04
  0.702  0.1439E-04
  0.712  0.1063E-04
  0.722  0.7776E-05
  0.732  0.5626E-05
  0.742  0.4028E-05
  0.752  0.2853E-05
  0.762  0.1999E-05
  0.772  0.1386E-05
  0.782  0.9505E-06
  0.792  0.6450E-06
  0.802  0.4331E-06
  0.812  0.2877E-06
  0.822  0.1891E-06
  0.832  0.1229E-06
  0.842  0.7908E-07
