 -5.548  0.2825E-06
 -5.538  0.4367E-06
 -5.528  0.6679E-06
 -5.518  0.1011E-05
 -5.508  0.1513E-05
 -5.498  0.2240E-05
 -5.488  0.3281E-05
 -5.478  0.4755E-05
 -5.468  0.6818E-05
 -5.458  0.9670E-05
 -5.448  0.1357E-04
 -5.438  0.1884E-04
 -5.428  0.2587E-04
 -5.418  0.3516E-04
 -5.408  0.4727E-04
 -5.398  0.6289E-04
 -5.388  0.8277E-04
 -5.378  0.1078E-03
 -5.368  0.1389E-03
 -5.358  0.1772E-03
 -5.348  0.2236E-03
 -5.338  0.2793E-03
 -5.328  0.3453E-03
 -5.318  0.4226E-03
 -5.308  0.5120E-03
 -5.298  0.6142E-03
 -5.288  0.7296E-03
 -5.278  0.8585E-03
 -5.268  0.1001E-02
 -5.258  0.1156E-02
 -5.248  0.1323E-02
 -5.238  0.1502E-02
 -5.228  0.1692E-02
 -5.218  0.1890E-02
 -5.208  0.2096E-02
 -5.198  0.2310E-02
 -5.188  0.2529E-02
 -5.178  0.2753E-02
 -5.168  0.2983E-02
 -5.158  0.3217E-02
 -5.148  0.3456E-02
 -5.138  0.3701E-02
 -5.128  0.3953E-02
 -5.118  0.4213E-02
 -5.108  0.4482E-02
 -5.098  0.4761E-02
 -5.088  0.5051E-02
 -5.078  0.5352E-02
 -5.068  0.5664E-02
 -5.058  0.5986E-02
 -5.048  0.6319E-02
 -5.038  0.6659E-02
 -5.028  0.7005E-02
 -5.018  0.7354E-02
 -5.008  0.7705E-02
 -4.998  0.8054E-02
 -4.988  0.8399E-02
 -4.978  0.8738E-02
 -4.968  0.9070E-02
 -4.958  0.9392E-02
 -4.948  0.9704E-02
 -4.938  0.1001E-01
 -4.928  0.1030E-01
 -4.918  0.1058E-01
 -4.908  0.1085E-01
 -4.898  0.1111E-01
 -4.888  0.1136E-01
 -4.878  0.1160E-01
 -4.868  0.1182E-01
 -4.858  0.1203E-01
 -4.848  0.1222E-01
 -4.838  0.1239E-01
 -4.828  0.1254E-01
 -4.818  0.1265E-01
 -4.808  0.1272E-01
 -4.798  0.1274E-01
 -4.788  0.1272E-01
 -4.778  0.1263E-01
 -4.768  0.1249E-01
 -4.758  0.1228E-01
 -4.748  0.1200E-01
 -4.738  0.1165E-01
 -4.728  0.1123E-01
 -4.718  0.1075E-01
 -4.708  0.1021E-01
 -4.698  0.9627E-02
 -4.688  0.8998E-02
 -4.678  0.8339E-02
 -4.668  0.7661E-02
 -4.658  0.6974E-02
 -4.648  0.6290E-02
 -4.638  0.5621E-02
 -4.628  0.4974E-02
 -4.618  0.4359E-02
 -4.608  0.3783E-02
 -4.598  0.3250E-02
 -4.588  0.2764E-02
 -4.578  0.2327E-02
 -4.568  0.1939E-02
 -4.558  0.1600E-02
 -4.548  0.1306E-02
 -4.538  0.1055E-02
 -4.528  0.8431E-03
 -4.518  0.6669E-03
 -4.508  0.5220E-03
 -4.498  0.4043E-03
 -4.488  0.3098E-03
 -4.478  0.2349E-03
 -4.468  0.1762E-03
 -4.458  0.1308E-03
 -4.448  0.9601E-04
 -4.438  0.6975E-04
 -4.428  0.5013E-04
 -4.418  0.3564E-04
 -4.408  0.2507E-04
 -4.398  0.1745E-04
 -4.388  0.1201E-04
 -4.378  0.8183E-05
 -4.368  0.5514E-05
 -4.358  0.3675E-05
 -4.348  0.2424E-05
 -4.338  0.1581E-05
 -4.328  0.1020E-05
 -4.318  0.6516E-06
 -4.308  0.4115E-06
 -4.298  0.2571E-06
 -4.288  0.1589E-06
 -4.278  0.9720E-07
 -4.268  0.5880E-07
 -4.258  0.3519E-07
 -4.248  0.2083E-07
 -4.238  0.1220E-07
 -4.228  0.7068E-08
 -4.218  0.4051E-08
 -4.208  0.2297E-08
 -4.198  0.1288E-08
 -4.188  0.7148E-09
 -4.178  0.3924E-09
 -4.168  0.2131E-09
 -4.158  0.1145E-09
 -4.148  0.6082E-10
 -4.138  0.3197E-10
 -4.128  0.1663E-10
 -4.118  0.8554E-11
 -4.108  0.4354E-11
 -4.098  0.2192E-11
 -4.088  0.1092E-11
 -4.078  0.5379E-12
 -4.068  0.2622E-12
 -4.058  0.1264E-12
 -4.048  0.6030E-13
 -4.038  0.2845E-13
 -4.028  0.1328E-13
 -4.018  0.6133E-14
 -4.008  0.2802E-14
 -3.998  0.1266E-14
 -3.988  0.5660E-15
 -3.978  0.2503E-15
 -3.968  0.1095E-15
 -3.958  0.4740E-16
 -3.948  0.2029E-16
 -3.938  0.8595E-17
 -3.928  0.3601E-17
 -3.918  0.1493E-17
 -3.908  0.6121E-18
 -3.898  0.2483E-18
 -3.888  0.9962E-19
 -3.878  0.3955E-19
 -3.868  0.1553E-19
 -3.858  0.6033E-20
 -3.848  0.2318E-20
 -3.838  0.8814E-21
 -3.828  0.3315E-21
 -3.818  0.1233E-21
 -3.808  0.4539E-22
 -3.798  0.1653E-22
 -3.788  0.5953E-23
 -3.778  0.2121E-23
 -3.768  0.7476E-24
 -3.758  0.2607E-24
 -3.748  0.8992E-25
 -3.738  0.3068E-25
 -3.728  0.1036E-25
 -3.718  0.3459E-26
 -3.708  0.1143E-26
 -3.698  0.3735E-27
 -3.688  0.1207E-27
 -3.678  0.3861E-28
 -3.668  0.1222E-28
 -3.658  0.3824E-29
 -3.648  0.1184E-29
 -3.638  0.3626E-30
 -3.628  0.1099E-30
 -3.618  0.3294E-31
 -3.608  0.9766E-32
 -3.598  0.2865E-32
 -3.588  0.8313E-33
 -3.578  0.2386E-33
 -3.568  0.6777E-34
 -3.558  0.1904E-34
 -3.548  0.5291E-35
 -3.538  0.1455E-35
 -3.528  0.3957E-36
 -3.518  0.1065E-36
 -3.508  0.2833E-37
 -3.498  0.7460E-38
 -3.488  0.1943E-38
 -3.478  0.5007E-39
 -3.468  0.1276E-39
 -3.458  0.3218E-40
 -3.448  0.8028E-41
 -3.438  0.1981E-41
 -3.428  0.4836E-42
 -3.418  0.1168E-42
 -3.408  0.2790E-43
 -3.398  0.6595E-44
 -3.388  0.1542E-44
 -3.378  0.3566E-45
 -3.368  0.8159E-46
 -3.358  0.1847E-46
 -3.348  0.4135E-47
 -3.338  0.9159E-48
 -3.328  0.2007E-48
 -3.318  0.4350E-49
 -3.308  0.9329E-50
 -3.298  0.1979E-50
 -3.288  0.4153E-51
 -3.278  0.8622E-52
 -3.268  0.1771E-52
 -3.258  0.3597E-53
 -3.248  0.7230E-54
 -3.238  0.1437E-54
 -3.228  0.2827E-55
 -3.218  0.5501E-56
 -3.208  0.1059E-56
 -3.198  0.2016E-57
 -3.188  0.3797E-58
 -3.178  0.7076E-59
 -3.168  0.1304E-59
 -3.158  0.2379E-60
 -3.148  0.4291E-61
 -3.138  0.7658E-62
 -3.128  0.1352E-62
 -3.118  0.2361E-63
 -3.108  0.4079E-64
 -3.098  0.6972E-65
 -3.088  0.1179E-65
 -3.078  0.1972E-66
 -3.068  0.3262E-67
 -3.058  0.5339E-68
 -3.048  0.8646E-69
 -3.038  0.1385E-69
 -3.028  0.2195E-70
 -3.018  0.3440E-71
 -3.008  0.5335E-72
 -2.998  0.8219E-73
 -2.988  0.1474E-73
 -2.978  0.1721E-73
 -2.968  0.1010E-72
 -2.958  0.6532E-72
 -2.948  0.4192E-71
 -2.938  0.2662E-70
 -2.928  0.1672E-69
 -2.918  0.1039E-68
 -2.908  0.6386E-68
 -2.898  0.3883E-67
 -2.888  0.2336E-66
 -2.878  0.1390E-65
 -2.868  0.8183E-65
 -2.858  0.4766E-64
 -2.848  0.2746E-63
 -2.838  0.1565E-62
 -2.828  0.8822E-62
 -2.818  0.4920E-61
 -2.808  0.2715E-60
 -2.798  0.1482E-59
 -2.788  0.8000E-59
 -2.778  0.4273E-58
 -2.768  0.2258E-57
 -2.758  0.1180E-56
 -2.748  0.6103E-56
 -2.738  0.3122E-55
 -2.728  0.1580E-54
 -2.718  0.7910E-54
 -2.708  0.3917E-53
 -2.698  0.1919E-52
 -2.688  0.9301E-52
 -2.678  0.4459E-51
 -2.668  0.2115E-50
 -2.658  0.9923E-50
 -2.648  0.4606E-49
 -2.638  0.2115E-48
 -2.628  0.9606E-48
 -2.618  0.4316E-47
 -2.608  0.1919E-46
 -2.598  0.8438E-46
 -2.588  0.3670E-45
 -2.578  0.1580E-44
 -2.568  0.6724E-44
 -2.558  0.2832E-43
 -2.548  0.1180E-42
 -2.538  0.4863E-42
 -2.528  0.1983E-41
 -2.518  0.7996E-41
 -2.508  0.3190E-40
 -2.498  0.1259E-39
 -2.488  0.4917E-39
 -2.478  0.1899E-38
 -2.468  0.7258E-38
 -2.458  0.2744E-37
 -2.448  0.1026E-36
 -2.438  0.3795E-36
 -2.428  0.1389E-35
 -2.418  0.5028E-35
 -2.408  0.1801E-34
 -2.398  0.6380E-34
 -2.388  0.2236E-33
 -2.378  0.7753E-33
 -2.368  0.2659E-32
 -2.358  0.9022E-32
 -2.348  0.3028E-31
 -2.338  0.1006E-30
 -2.328  0.3303E-30
 -2.318  0.1073E-29
 -2.308  0.3450E-29
 -2.298  0.1097E-28
 -2.288  0.3452E-28
 -2.278  0.1074E-27
 -2.268  0.3307E-27
 -2.258  0.1007E-26
 -2.248  0.3034E-26
 -2.238  0.9044E-26
 -2.228  0.2667E-25
 -2.218  0.7778E-25
 -2.208  0.2244E-24
 -2.198  0.6406E-24
 -2.188  0.1809E-23
 -2.178  0.5053E-23
 -2.168  0.1396E-22
 -2.158  0.3817E-22
 -2.148  0.1032E-21
 -2.138  0.2761E-21
 -2.128  0.7308E-21
 -2.118  0.1913E-20
 -2.108  0.4955E-20
 -2.098  0.1270E-19
 -2.088  0.3218E-19
 -2.078  0.8068E-19
 -2.068  0.2001E-18
 -2.058  0.4911E-18
 -2.048  0.1192E-17
 -2.038  0.2862E-17
 -2.028  0.6800E-17
 -2.018  0.1598E-16
 -2.008  0.3715E-16
 -1.998  0.8543E-16
 -1.988  0.1944E-15
 -1.978  0.4375E-15
 -1.968  0.9740E-15
 -1.958  0.2145E-14
 -1.948  0.4674E-14
 -1.938  0.1008E-13
 -1.928  0.2149E-13
 -1.918  0.4533E-13
 -1.908  0.9459E-13
 -1.898  0.1953E-12
 -1.888  0.3988E-12
 -1.878  0.8058E-12
 -1.868  0.1611E-11
 -1.858  0.3185E-11
 -1.848  0.6230E-11
 -1.838  0.1206E-10
 -1.828  0.2308E-10
 -1.818  0.4372E-10
 -1.808  0.8191E-10
 -1.798  0.1518E-09
 -1.788  0.2784E-09
 -1.778  0.5052E-09
 -1.768  0.9067E-09
 -1.758  0.1610E-08
 -1.748  0.2829E-08
 -1.738  0.4917E-08
 -1.728  0.8455E-08
 -1.718  0.1439E-07
 -1.708  0.2422E-07
 -1.698  0.4033E-07
 -1.688  0.6646E-07
 -1.678  0.1084E-06
 -1.668  0.1748E-06
 -1.658  0.2791E-06
 -1.648  0.4409E-06
 -1.638  0.6892E-06
 -1.628  0.1066E-05
 -1.618  0.1632E-05
 -1.608  0.2473E-05
 -1.598  0.3708E-05
 -1.588  0.5504E-05
 -1.578  0.8086E-05
 -1.568  0.1176E-04
 -1.558  0.1693E-04
 -1.548  0.2413E-04
 -1.538  0.3406E-04
 -1.528  0.4760E-04
 -1.518  0.6587E-04
 -1.508  0.9029E-04
 -1.498  0.1226E-03
 -1.488  0.1649E-03
 -1.478  0.2197E-03
 -1.468  0.2902E-03
 -1.458  0.3797E-03
 -1.448  0.4926E-03
 -1.438  0.6334E-03
 -1.428  0.8076E-03
 -1.418  0.1021E-02
 -1.408  0.1280E-02
 -1.398  0.1592E-02
 -1.388  0.1965E-02
 -1.378  0.2406E-02
 -1.368  0.2922E-02
 -1.358  0.3523E-02
 -1.348  0.4215E-02
 -1.338  0.5006E-02
 -1.328  0.5900E-02
 -1.318  0.6903E-02
 -1.308  0.8016E-02
 -1.298  0.9240E-02
 -1.288  0.1057E-01
 -1.278  0.1200E-01
 -1.268  0.1352E-01
 -1.258  0.1512E-01
 -1.248  0.1677E-01
 -1.238  0.1845E-01
 -1.228  0.2014E-01
 -1.218  0.2179E-01
 -1.208  0.2339E-01
 -1.198  0.2489E-01
 -1.188  0.2625E-01
 -1.178  0.2745E-01
 -1.168  0.2844E-01
 -1.158  0.2920E-01
 -1.148  0.2970E-01
 -1.138  0.2993E-01
 -1.128  0.2987E-01
 -1.118  0.2953E-01
 -1.108  0.2891E-01
 -1.098  0.2802E-01
 -1.088  0.2690E-01
 -1.078  0.2556E-01
 -1.068  0.2404E-01
 -1.058  0.2239E-01
 -1.048  0.2064E-01
 -1.038  0.1883E-01
 -1.028  0.1700E-01
 -1.018  0.1520E-01
 -1.008  0.1344E-01
 -0.998  0.1177E-01
 -0.988  0.1020E-01
 -0.978  0.8748E-02
 -0.968  0.7429E-02
 -0.958  0.6248E-02
 -0.948  0.5207E-02
 -0.938  0.4304E-02
 -0.928  0.3536E-02
 -0.918  0.2894E-02
 -0.908  0.2371E-02
 -0.898  0.1958E-02
 -0.888  0.1646E-02
 -0.878  0.1427E-02
 -0.868  0.1293E-02
 -0.858  0.1239E-02
 -0.848  0.1260E-02
 -0.838  0.1351E-02
 -0.828  0.1511E-02
 -0.818  0.1737E-02
 -0.808  0.2027E-02
 -0.798  0.2381E-02
 -0.788  0.2795E-02
 -0.778  0.3268E-02
 -0.768  0.3795E-02
 -0.758  0.4371E-02
 -0.748  0.4990E-02
 -0.738  0.5642E-02
 -0.728  0.6318E-02
 -0.718  0.7006E-02
 -0.708  0.7693E-02
 -0.698  0.8367E-02
 -0.688  0.9015E-02
 -0.678  0.9623E-02
 -0.668  0.1018E-01
 -0.658  0.1068E-01
 -0.648  0.1112E-01
 -0.638  0.1148E-01
 -0.628  0.1178E-01
 -0.618  0.1201E-01
 -0.608  0.1219E-01
 -0.598  0.1232E-01
 -0.588  0.1242E-01
 -0.578  0.1250E-01
 -0.568  0.1257E-01
 -0.558  0.1266E-01
 -0.548  0.1278E-01
 -0.538  0.1294E-01
 -0.528  0.1315E-01
 -0.518  0.1342E-01
 -0.508  0.1375E-01
 -0.498  0.1413E-01
 -0.488  0.1457E-01
 -0.478  0.1505E-01
 -0.468  0.1555E-01
 -0.458  0.1607E-01
 -0.448  0.1658E-01
 -0.438  0.1706E-01
 -0.428  0.1750E-01
 -0.418  0.1787E-01
 -0.408  0.1815E-01
 -0.398  0.1834E-01
 -0.388  0.1842E-01
 -0.378  0.1839E-01
 -0.368  0.1824E-01
 -0.358  0.1797E-01
 -0.348  0.1760E-01
 -0.338  0.1713E-01
 -0.328  0.1657E-01
 -0.318  0.1594E-01
 -0.308  0.1526E-01
 -0.298  0.1454E-01
 -0.288  0.1380E-01
 -0.278  0.1306E-01
 -0.268  0.1233E-01
 -0.258  0.1163E-01
 -0.248  0.1095E-01
 -0.238  0.1032E-01
 -0.228  0.9733E-02
 -0.218  0.9189E-02
 -0.208  0.8687E-02
 -0.198  0.8225E-02
 -0.188  0.7798E-02
 -0.178  0.7400E-02
 -0.168  0.7025E-02
 -0.158  0.6668E-02
 -0.148  0.6325E-02
 -0.138  0.5992E-02
 -0.128  0.5668E-02
 -0.118  0.5353E-02
 -0.108  0.5050E-02
 -0.098  0.4760E-02
 -0.088  0.4491E-02
 -0.078  0.4247E-02
 -0.068  0.4036E-02
 -0.058  0.3864E-02
 -0.048  0.3740E-02
 -0.038  0.3668E-02
 -0.028  0.3655E-02
 -0.018  0.3706E-02
 -0.008  0.3822E-02
  0.002  0.4005E-02
  0.012  0.4254E-02
  0.022  0.4566E-02
  0.032  0.4936E-02
  0.042  0.5357E-02
  0.052  0.5820E-02
  0.062  0.6317E-02
  0.072  0.6835E-02
  0.082  0.7362E-02
  0.092  0.7887E-02
  0.102  0.8397E-02
  0.112  0.8880E-02
  0.122  0.9325E-02
  0.132  0.9722E-02
  0.142  0.1006E-01
  0.152  0.1034E-01
  0.162  0.1056E-01
  0.172  0.1070E-01
  0.182  0.1078E-01
  0.192  0.1079E-01
  0.202  0.1075E-01
  0.212  0.1064E-01
  0.222  0.1049E-01
  0.232  0.1031E-01
  0.242  0.1009E-01
  0.252  0.9858E-02
  0.262  0.9619E-02
  0.272  0.9382E-02
  0.282  0.9157E-02
  0.292  0.8951E-02
  0.302  0.8769E-02
  0.312  0.8615E-02
  0.322  0.8490E-02
  0.332  0.8392E-02
  0.342  0.8319E-02
  0.352  0.8266E-02
  0.362  0.8224E-02
  0.372  0.8187E-02
  0.382  0.8146E-02
  0.392  0.8090E-02
  0.402  0.8012E-02
  0.412  0.7904E-02
  0.422  0.7759E-02
  0.432  0.7572E-02
  0.442  0.7342E-02
  0.452  0.7067E-02
  0.462  0.6749E-02
  0.472  0.6392E-02
  0.482  0.6001E-02
  0.492  0.5583E-02
  0.502  0.5145E-02
  0.512  0.4697E-02
  0.522  0.4245E-02
  0.532  0.3799E-02
  0.542  0.3366E-02
  0.552  0.2952E-02
  0.562  0.2562E-02
  0.572  0.2201E-02
  0.582  0.1871E-02
  0.592  0.1574E-02
  0.602  0.1310E-02
  0.612  0.1079E-02
  0.622  0.8797E-03
  0.632  0.7094E-03
  0.642  0.5661E-03
  0.652  0.4469E-03
  0.662  0.3491E-03
  0.672  0.2698E-03
  0.682  0.2063E-03
  0.692  0.1561E-03
  0.702  0.1169E-03
  0.712  0.8655E-04
  0.722  0.6342E-04
  0.732  0.4598E-04
  0.742  0.3298E-04
  0.752  0.2340E-04
  0.762  0.1643E-04
  0.772  0.1141E-04
  0.782  0.7843E-05
  0.792  0.5332E-05
  0.802  0.3587E-05
  0.812  0.2387E-05
  0.822  0.1572E-05
  0.832  0.1024E-05
  0.842  0.6600E-06
