 -5.548  0.3068E-08
 -5.538  0.4747E-08
 -5.528  0.7266E-08
 -5.518  0.1101E-07
 -5.508  0.1649E-07
 -5.498  0.2446E-07
 -5.488  0.3589E-07
 -5.478  0.5212E-07
 -5.468  0.7490E-07
 -5.458  0.1065E-06
 -5.448  0.1500E-06
 -5.438  0.2091E-06
 -5.428  0.2886E-06
 -5.418  0.3943E-06
 -5.408  0.5336E-06
 -5.398  0.7153E-06
 -5.388  0.9501E-06
 -5.378  0.1251E-05
 -5.368  0.1632E-05
 -5.358  0.2111E-05
 -5.348  0.2710E-05
 -5.338  0.3452E-05
 -5.328  0.4366E-05
 -5.318  0.5484E-05
 -5.308  0.6846E-05
 -5.298  0.8496E-05
 -5.288  0.1049E-04
 -5.278  0.1289E-04
 -5.268  0.1577E-04
 -5.258  0.1921E-04
 -5.248  0.2333E-04
 -5.238  0.2824E-04
 -5.228  0.3407E-04
 -5.218  0.4099E-04
 -5.208  0.4916E-04
 -5.198  0.5879E-04
 -5.188  0.7010E-04
 -5.178  0.8332E-04
 -5.168  0.9872E-04
 -5.158  0.1166E-03
 -5.148  0.1373E-03
 -5.138  0.1612E-03
 -5.128  0.1889E-03
 -5.118  0.2210E-03
 -5.108  0.2583E-03
 -5.098  0.3019E-03
 -5.088  0.3535E-03
 -5.078  0.4151E-03
 -5.068  0.4895E-03
 -5.058  0.5805E-03
 -5.048  0.6931E-03
 -5.038  0.8335E-03
 -5.028  0.1010E-02
 -5.018  0.1231E-02
 -5.008  0.1511E-02
 -4.998  0.1861E-02
 -4.988  0.2300E-02
 -4.978  0.2845E-02
 -4.968  0.3516E-02
 -4.958  0.4335E-02
 -4.948  0.5324E-02
 -4.938  0.6504E-02
 -4.928  0.7895E-02
 -4.918  0.9515E-02
 -4.908  0.1138E-01
 -4.898  0.1348E-01
 -4.888  0.1584E-01
 -4.878  0.1843E-01
 -4.868  0.2124E-01
 -4.858  0.2424E-01
 -4.848  0.2737E-01
 -4.838  0.3060E-01
 -4.828  0.3385E-01
 -4.818  0.3705E-01
 -4.808  0.4014E-01
 -4.798  0.4302E-01
 -4.788  0.4562E-01
 -4.778  0.4786E-01
 -4.768  0.4968E-01
 -4.758  0.5101E-01
 -4.748  0.5182E-01
 -4.738  0.5208E-01
 -4.728  0.5178E-01
 -4.718  0.5094E-01
 -4.708  0.4956E-01
 -4.698  0.4771E-01
 -4.688  0.4544E-01
 -4.678  0.4280E-01
 -4.668  0.3989E-01
 -4.658  0.3678E-01
 -4.648  0.3354E-01
 -4.638  0.3026E-01
 -4.628  0.2701E-01
 -4.618  0.2385E-01
 -4.608  0.2083E-01
 -4.598  0.1800E-01
 -4.588  0.1539E-01
 -4.578  0.1301E-01
 -4.568  0.1089E-01
 -4.558  0.9010E-02
 -4.548  0.7376E-02
 -4.538  0.5974E-02
 -4.528  0.4786E-02
 -4.518  0.3793E-02
 -4.508  0.2974E-02
 -4.498  0.2307E-02
 -4.488  0.1770E-02
 -4.478  0.1343E-02
 -4.468  0.1009E-02
 -4.458  0.7494E-03
 -4.448  0.5507E-03
 -4.438  0.4003E-03
 -4.428  0.2879E-03
 -4.418  0.2048E-03
 -4.408  0.1441E-03
 -4.398  0.1003E-03
 -4.388  0.6910E-04
 -4.378  0.4708E-04
 -4.368  0.3173E-04
 -4.358  0.2116E-04
 -4.348  0.1396E-04
 -4.338  0.9106E-05
 -4.328  0.5878E-05
 -4.318  0.3753E-05
 -4.308  0.2371E-05
 -4.298  0.1482E-05
 -4.288  0.9159E-06
 -4.278  0.5601E-06
 -4.268  0.3389E-06
 -4.258  0.2028E-06
 -4.248  0.1201E-06
 -4.238  0.7032E-07
 -4.228  0.4074E-07
 -4.218  0.2335E-07
 -4.208  0.1324E-07
 -4.198  0.7427E-08
 -4.188  0.4121E-08
 -4.178  0.2262E-08
 -4.168  0.1228E-08
 -4.158  0.6599E-09
 -4.148  0.3507E-09
 -4.138  0.1843E-09
 -4.128  0.9587E-10
 -4.118  0.4932E-10
 -4.108  0.2510E-10
 -4.098  0.1264E-10
 -4.088  0.6294E-11
 -4.078  0.3101E-11
 -4.068  0.1512E-11
 -4.058  0.7288E-12
 -4.048  0.3477E-12
 -4.038  0.1640E-12
 -4.028  0.7658E-13
 -4.018  0.3536E-13
 -4.008  0.1615E-13
 -3.998  0.7300E-14
 -3.988  0.3264E-14
 -3.978  0.1443E-14
 -3.968  0.6314E-15
 -3.958  0.2733E-15
 -3.948  0.1170E-15
 -3.938  0.4956E-16
 -3.928  0.2076E-16
 -3.918  0.8607E-17
 -3.908  0.3529E-17
 -3.898  0.1432E-17
 -3.888  0.5744E-18
 -3.878  0.2280E-18
 -3.868  0.8954E-19
 -3.858  0.3479E-19
 -3.848  0.1337E-19
 -3.838  0.5082E-20
 -3.828  0.1911E-20
 -3.818  0.7111E-21
 -3.808  0.2617E-21
 -3.798  0.9529E-22
 -3.788  0.3432E-22
 -3.778  0.1223E-22
 -3.768  0.4311E-23
 -3.758  0.1503E-23
 -3.748  0.5185E-24
 -3.738  0.1769E-24
 -3.728  0.5973E-25
 -3.718  0.1995E-25
 -3.708  0.6589E-26
 -3.698  0.2153E-26
 -3.688  0.6962E-27
 -3.678  0.2226E-27
 -3.668  0.7044E-28
 -3.658  0.2205E-28
 -3.648  0.6826E-29
 -3.638  0.2091E-29
 -3.628  0.6335E-30
 -3.618  0.1899E-30
 -3.608  0.5631E-31
 -3.598  0.1652E-31
 -3.588  0.4793E-32
 -3.578  0.1376E-32
 -3.568  0.3908E-33
 -3.558  0.1098E-33
 -3.548  0.3051E-34
 -3.538  0.8388E-35
 -3.528  0.2281E-35
 -3.518  0.6138E-36
 -3.508  0.1634E-36
 -3.498  0.4302E-37
 -3.488  0.1120E-37
 -3.478  0.2887E-38
 -3.468  0.7359E-39
 -3.458  0.1856E-39
 -3.448  0.4629E-40
 -3.438  0.1142E-40
 -3.428  0.2789E-41
 -3.418  0.6735E-42
 -3.408  0.1609E-42
 -3.398  0.3803E-43
 -3.388  0.8890E-44
 -3.378  0.2056E-44
 -3.368  0.4705E-45
 -3.358  0.1065E-45
 -3.348  0.2384E-46
 -3.338  0.5281E-47
 -3.328  0.1157E-47
 -3.318  0.2508E-48
 -3.308  0.5379E-49
 -3.298  0.1141E-49
 -3.288  0.2395E-50
 -3.278  0.4971E-51
 -3.268  0.1021E-51
 -3.258  0.2074E-52
 -3.248  0.4169E-53
 -3.238  0.8288E-54
 -3.228  0.1630E-54
 -3.218  0.3172E-55
 -3.208  0.6105E-56
 -3.198  0.1162E-56
 -3.188  0.2190E-57
 -3.178  0.4080E-58
 -3.168  0.7521E-59
 -3.158  0.1372E-59
 -3.148  0.2474E-60
 -3.138  0.4416E-61
 -3.128  0.7795E-62
 -3.118  0.1361E-62
 -3.108  0.2352E-63
 -3.098  0.4020E-64
 -3.088  0.6797E-65
 -3.078  0.1137E-65
 -3.068  0.1881E-66
 -3.058  0.3079E-67
 -3.048  0.4985E-68
 -3.038  0.7986E-69
 -3.028  0.1265E-69
 -3.018  0.1984E-70
 -3.008  0.3076E-71
 -2.998  0.4731E-72
 -2.988  0.7940E-73
 -2.978  0.6237E-73
 -2.968  0.3401E-72
 -2.958  0.2197E-71
 -2.948  0.1410E-70
 -2.938  0.8951E-70
 -2.928  0.5622E-69
 -2.918  0.3493E-68
 -2.908  0.2147E-67
 -2.898  0.1306E-66
 -2.888  0.7855E-66
 -2.878  0.4674E-65
 -2.868  0.2752E-64
 -2.858  0.1602E-63
 -2.848  0.9232E-63
 -2.838  0.5261E-62
 -2.828  0.2966E-61
 -2.818  0.1654E-60
 -2.808  0.9128E-60
 -2.798  0.4982E-59
 -2.788  0.2690E-58
 -2.778  0.1437E-57
 -2.768  0.7593E-57
 -2.758  0.3969E-56
 -2.748  0.2052E-55
 -2.738  0.1050E-54
 -2.728  0.5313E-54
 -2.718  0.2660E-53
 -2.708  0.1317E-52
 -2.698  0.6453E-52
 -2.688  0.3127E-51
 -2.678  0.1499E-50
 -2.668  0.7111E-50
 -2.658  0.3337E-49
 -2.648  0.1549E-48
 -2.638  0.7111E-48
 -2.628  0.3230E-47
 -2.618  0.1451E-46
 -2.608  0.6452E-46
 -2.598  0.2837E-45
 -2.588  0.1234E-44
 -2.578  0.5311E-44
 -2.568  0.2261E-43
 -2.558  0.9522E-43
 -2.548  0.3967E-42
 -2.538  0.1635E-41
 -2.528  0.6666E-41
 -2.518  0.2689E-40
 -2.508  0.1073E-39
 -2.498  0.4234E-39
 -2.488  0.1653E-38
 -2.478  0.6387E-38
 -2.468  0.2440E-37
 -2.458  0.9225E-37
 -2.448  0.3450E-36
 -2.438  0.1276E-35
 -2.428  0.4670E-35
 -2.418  0.1691E-34
 -2.408  0.6055E-34
 -2.398  0.2145E-33
 -2.388  0.7519E-33
 -2.378  0.2607E-32
 -2.368  0.8941E-32
 -2.358  0.3034E-31
 -2.348  0.1018E-30
 -2.338  0.3381E-30
 -2.328  0.1111E-29
 -2.318  0.3609E-29
 -2.308  0.1160E-28
 -2.298  0.3689E-28
 -2.288  0.1161E-27
 -2.278  0.3612E-27
 -2.268  0.1112E-26
 -2.258  0.3387E-26
 -2.248  0.1020E-25
 -2.238  0.3041E-25
 -2.228  0.8966E-25
 -2.218  0.2615E-24
 -2.208  0.7546E-24
 -2.198  0.2154E-23
 -2.188  0.6082E-23
 -2.178  0.1699E-22
 -2.168  0.4695E-22
 -2.158  0.1283E-21
 -2.148  0.3471E-21
 -2.138  0.9285E-21
 -2.128  0.2457E-20
 -2.118  0.6433E-20
 -2.108  0.1666E-19
 -2.098  0.4269E-19
 -2.088  0.1082E-18
 -2.078  0.2713E-18
 -2.068  0.6729E-18
 -2.058  0.1651E-17
 -2.048  0.4008E-17
 -2.038  0.9623E-17
 -2.028  0.2286E-16
 -2.018  0.5372E-16
 -2.008  0.1249E-15
 -1.998  0.2872E-15
 -1.988  0.6534E-15
 -1.978  0.1471E-14
 -1.968  0.3274E-14
 -1.958  0.7211E-14
 -1.948  0.1571E-13
 -1.938  0.3387E-13
 -1.928  0.7221E-13
 -1.918  0.1523E-12
 -1.908  0.3179E-12
 -1.898  0.6562E-12
 -1.888  0.1340E-11
 -1.878  0.2707E-11
 -1.868  0.5410E-11
 -1.858  0.1070E-10
 -1.848  0.2092E-10
 -1.838  0.4048E-10
 -1.828  0.7749E-10
 -1.818  0.1467E-09
 -1.808  0.2749E-09
 -1.798  0.5094E-09
 -1.788  0.9339E-09
 -1.778  0.1694E-08
 -1.768  0.3039E-08
 -1.758  0.5395E-08
 -1.748  0.9473E-08
 -1.738  0.1646E-07
 -1.728  0.2829E-07
 -1.718  0.4810E-07
 -1.708  0.8090E-07
 -1.698  0.1346E-06
 -1.688  0.2217E-06
 -1.678  0.3611E-06
 -1.668  0.5820E-06
 -1.658  0.9279E-06
 -1.648  0.1464E-05
 -1.638  0.2285E-05
 -1.628  0.3528E-05
 -1.618  0.5391E-05
 -1.608  0.8150E-05
 -1.598  0.1219E-04
 -1.588  0.1805E-04
 -1.578  0.2643E-04
 -1.568  0.3831E-04
 -1.558  0.5495E-04
 -1.548  0.7800E-04
 -1.538  0.1096E-03
 -1.528  0.1523E-03
 -1.518  0.2096E-03
 -1.508  0.2856E-03
 -1.498  0.3850E-03
 -1.488  0.5139E-03
 -1.478  0.6791E-03
 -1.468  0.8886E-03
 -1.458  0.1151E-02
 -1.448  0.1477E-02
 -1.438  0.1876E-02
 -1.428  0.2361E-02
 -1.418  0.2944E-02
 -1.408  0.3636E-02
 -1.398  0.4449E-02
 -1.388  0.5395E-02
 -1.378  0.6484E-02
 -1.368  0.7724E-02
 -1.358  0.9122E-02
 -1.348  0.1068E-01
 -1.338  0.1240E-01
 -1.328  0.1428E-01
 -1.318  0.1631E-01
 -1.308  0.1848E-01
 -1.298  0.2078E-01
 -1.288  0.2317E-01
 -1.278  0.2565E-01
 -1.268  0.2817E-01
 -1.258  0.3070E-01
 -1.248  0.3321E-01
 -1.238  0.3564E-01
 -1.228  0.3797E-01
 -1.218  0.4013E-01
 -1.208  0.4210E-01
 -1.198  0.4382E-01
 -1.188  0.4525E-01
 -1.178  0.4635E-01
 -1.168  0.4710E-01
 -1.158  0.4747E-01
 -1.148  0.4745E-01
 -1.138  0.4702E-01
 -1.128  0.4620E-01
 -1.118  0.4500E-01
 -1.108  0.4344E-01
 -1.098  0.4156E-01
 -1.088  0.3940E-01
 -1.078  0.3700E-01
 -1.068  0.3443E-01
 -1.058  0.3173E-01
 -1.048  0.2897E-01
 -1.038  0.2619E-01
 -1.028  0.2344E-01
 -1.018  0.2078E-01
 -1.008  0.1823E-01
 -0.998  0.1584E-01
 -0.988  0.1362E-01
 -0.978  0.1160E-01
 -0.968  0.9774E-02
 -0.958  0.8153E-02
 -0.948  0.6731E-02
 -0.938  0.5500E-02
 -0.928  0.4450E-02
 -0.918  0.3564E-02
 -0.908  0.2827E-02
 -0.898  0.2222E-02
 -0.888  0.1733E-02
 -0.878  0.1344E-02
 -0.868  0.1039E-02
 -0.858  0.8070E-03
 -0.848  0.6347E-03
 -0.838  0.5128E-03
 -0.828  0.4334E-03
 -0.818  0.3899E-03
 -0.808  0.3776E-03
 -0.798  0.3928E-03
 -0.788  0.4330E-03
 -0.778  0.4967E-03
 -0.768  0.5830E-03
 -0.758  0.6916E-03
 -0.748  0.8224E-03
 -0.738  0.9756E-03
 -0.728  0.1151E-02
 -0.718  0.1349E-02
 -0.708  0.1569E-02
 -0.698  0.1812E-02
 -0.688  0.2076E-02
 -0.678  0.2360E-02
 -0.668  0.2666E-02
 -0.658  0.2991E-02
 -0.648  0.3337E-02
 -0.638  0.3706E-02
 -0.628  0.4098E-02
 -0.618  0.4517E-02
 -0.608  0.4970E-02
 -0.598  0.5462E-02
 -0.588  0.6002E-02
 -0.578  0.6602E-02
 -0.568  0.7272E-02
 -0.558  0.8026E-02
 -0.548  0.8879E-02
 -0.538  0.9845E-02
 -0.528  0.1093E-01
 -0.518  0.1216E-01
 -0.508  0.1353E-01
 -0.498  0.1505E-01
 -0.488  0.1672E-01
 -0.478  0.1853E-01
 -0.468  0.2047E-01
 -0.458  0.2251E-01
 -0.448  0.2463E-01
 -0.438  0.2679E-01
 -0.428  0.2895E-01
 -0.418  0.3106E-01
 -0.408  0.3308E-01
 -0.398  0.3496E-01
 -0.388  0.3663E-01
 -0.378  0.3807E-01
 -0.368  0.3921E-01
 -0.358  0.4004E-01
 -0.348  0.4052E-01
 -0.338  0.4064E-01
 -0.328  0.4039E-01
 -0.318  0.3979E-01
 -0.308  0.3885E-01
 -0.298  0.3760E-01
 -0.288  0.3608E-01
 -0.278  0.3434E-01
 -0.268  0.3241E-01
 -0.258  0.3036E-01
 -0.248  0.2823E-01
 -0.238  0.2607E-01
 -0.228  0.2393E-01
 -0.218  0.2184E-01
 -0.208  0.1984E-01
 -0.198  0.1795E-01
 -0.188  0.1619E-01
 -0.178  0.1458E-01
 -0.168  0.1312E-01
 -0.158  0.1182E-01
 -0.148  0.1069E-01
 -0.138  0.9714E-02
 -0.128  0.8904E-02
 -0.118  0.8259E-02
 -0.108  0.7781E-02
 -0.098  0.7474E-02
 -0.088  0.7344E-02
 -0.078  0.7399E-02
 -0.068  0.7650E-02
 -0.058  0.8104E-02
 -0.048  0.8773E-02
 -0.038  0.9663E-02
 -0.028  0.1078E-01
 -0.018  0.1212E-01
 -0.008  0.1368E-01
  0.002  0.1545E-01
  0.012  0.1741E-01
  0.022  0.1953E-01
  0.032  0.2177E-01
  0.042  0.2410E-01
  0.052  0.2646E-01
  0.062  0.2879E-01
  0.072  0.3104E-01
  0.082  0.3315E-01
  0.092  0.3505E-01
  0.102  0.3671E-01
  0.112  0.3807E-01
  0.122  0.3908E-01
  0.132  0.3974E-01
  0.142  0.4002E-01
  0.152  0.3992E-01
  0.162  0.3946E-01
  0.172  0.3867E-01
  0.182  0.3758E-01
  0.192  0.3625E-01
  0.202  0.3473E-01
  0.212  0.3309E-01
  0.222  0.3140E-01
  0.232  0.2971E-01
  0.242  0.2810E-01
  0.252  0.2662E-01
  0.262  0.2533E-01
  0.272  0.2425E-01
  0.282  0.2341E-01
  0.292  0.2284E-01
  0.302  0.2253E-01
  0.312  0.2248E-01
  0.322  0.2265E-01
  0.332  0.2303E-01
  0.342  0.2357E-01
  0.352  0.2423E-01
  0.362  0.2494E-01
  0.372  0.2567E-01
  0.382  0.2635E-01
  0.392  0.2693E-01
  0.402  0.2737E-01
  0.412  0.2764E-01
  0.422  0.2769E-01
  0.432  0.2751E-01
  0.442  0.2709E-01
  0.452  0.2643E-01
  0.462  0.2553E-01
  0.472  0.2443E-01
  0.482  0.2314E-01
  0.492  0.2169E-01
  0.502  0.2013E-01
  0.512  0.1848E-01
  0.522  0.1679E-01
  0.532  0.1510E-01
  0.542  0.1343E-01
  0.552  0.1183E-01
  0.562  0.1030E-01
  0.572  0.8877E-02
  0.582  0.7570E-02
  0.592  0.6386E-02
  0.602  0.5330E-02
  0.612  0.4402E-02
  0.622  0.3596E-02
  0.632  0.2907E-02
  0.642  0.2325E-02
  0.652  0.1840E-02
  0.662  0.1440E-02
  0.672  0.1115E-02
  0.682  0.8546E-03
  0.692  0.6478E-03
  0.702  0.4859E-03
  0.712  0.3605E-03
  0.722  0.2647E-03
  0.732  0.1922E-03
  0.742  0.1381E-03
  0.752  0.9819E-04
  0.762  0.6906E-04
  0.772  0.4806E-04
  0.782  0.3308E-04
  0.792  0.2253E-04
  0.802  0.1518E-04
  0.812  0.1012E-04
  0.822  0.6675E-05
  0.832  0.4355E-05
  0.842  0.2811E-05
