 -5.548  0.4171E-07
 -5.538  0.6449E-07
 -5.528  0.9864E-07
 -5.518  0.1493E-06
 -5.508  0.2234E-06
 -5.498  0.3309E-06
 -5.488  0.4848E-06
 -5.478  0.7028E-06
 -5.468  0.1008E-05
 -5.458  0.1430E-05
 -5.448  0.2007E-05
 -5.438  0.2788E-05
 -5.428  0.3832E-05
 -5.418  0.5210E-05
 -5.408  0.7010E-05
 -5.398  0.9333E-05
 -5.388  0.1230E-04
 -5.378  0.1604E-04
 -5.368  0.2069E-04
 -5.358  0.2644E-04
 -5.348  0.3343E-04
 -5.338  0.4186E-04
 -5.328  0.5190E-04
 -5.318  0.6372E-04
 -5.308  0.7750E-04
 -5.298  0.9340E-04
 -5.288  0.1115E-03
 -5.278  0.1321E-03
 -5.268  0.1550E-03
 -5.258  0.1806E-03
 -5.248  0.2087E-03
 -5.238  0.2395E-03
 -5.228  0.2730E-03
 -5.218  0.3094E-03
 -5.208  0.3486E-03
 -5.198  0.3908E-03
 -5.188  0.4362E-03
 -5.178  0.4849E-03
 -5.168  0.5373E-03
 -5.158  0.5936E-03
 -5.148  0.6542E-03
 -5.138  0.7194E-03
 -5.128  0.7897E-03
 -5.118  0.8656E-03
 -5.108  0.9475E-03
 -5.098  0.1036E-02
 -5.088  0.1132E-02
 -5.078  0.1236E-02
 -5.068  0.1350E-02
 -5.058  0.1475E-02
 -5.048  0.1613E-02
 -5.038  0.1768E-02
 -5.028  0.1943E-02
 -5.018  0.2143E-02
 -5.008  0.2375E-02
 -4.998  0.2646E-02
 -4.988  0.2965E-02
 -4.978  0.3343E-02
 -4.968  0.3790E-02
 -4.958  0.4321E-02
 -4.948  0.4948E-02
 -4.938  0.5683E-02
 -4.928  0.6540E-02
 -4.918  0.7529E-02
 -4.908  0.8657E-02
 -4.898  0.9930E-02
 -4.888  0.1135E-01
 -4.878  0.1290E-01
 -4.868  0.1459E-01
 -4.858  0.1638E-01
 -4.848  0.1825E-01
 -4.838  0.2017E-01
 -4.828  0.2211E-01
 -4.818  0.2402E-01
 -4.808  0.2584E-01
 -4.798  0.2755E-01
 -4.788  0.2908E-01
 -4.778  0.3039E-01
 -4.768  0.3144E-01
 -4.758  0.3219E-01
 -4.748  0.3262E-01
 -4.738  0.3272E-01
 -4.728  0.3248E-01
 -4.718  0.3190E-01
 -4.708  0.3100E-01
 -4.698  0.2981E-01
 -4.688  0.2836E-01
 -4.678  0.2669E-01
 -4.668  0.2486E-01
 -4.658  0.2291E-01
 -4.648  0.2088E-01
 -4.638  0.1883E-01
 -4.628  0.1680E-01
 -4.618  0.1483E-01
 -4.608  0.1295E-01
 -4.598  0.1119E-01
 -4.588  0.9561E-02
 -4.578  0.8083E-02
 -4.568  0.6761E-02
 -4.558  0.5594E-02
 -4.548  0.4579E-02
 -4.538  0.3708E-02
 -4.528  0.2971E-02
 -4.518  0.2354E-02
 -4.508  0.1846E-02
 -4.498  0.1431E-02
 -4.488  0.1098E-02
 -4.478  0.8336E-03
 -4.468  0.6259E-03
 -4.458  0.4649E-03
 -4.448  0.3416E-03
 -4.438  0.2483E-03
 -4.428  0.1786E-03
 -4.418  0.1270E-03
 -4.408  0.8941E-04
 -4.398  0.6225E-04
 -4.388  0.4287E-04
 -4.378  0.2921E-04
 -4.368  0.1969E-04
 -4.358  0.1312E-04
 -4.348  0.8657E-05
 -4.338  0.5649E-05
 -4.328  0.3646E-05
 -4.318  0.2328E-05
 -4.308  0.1471E-05
 -4.298  0.9191E-06
 -4.288  0.5681E-06
 -4.278  0.3474E-06
 -4.268  0.2102E-06
 -4.258  0.1258E-06
 -4.248  0.7448E-07
 -4.238  0.4362E-07
 -4.228  0.2527E-07
 -4.218  0.1449E-07
 -4.208  0.8213E-08
 -4.198  0.4607E-08
 -4.188  0.2556E-08
 -4.178  0.1403E-08
 -4.168  0.7619E-09
 -4.158  0.4093E-09
 -4.148  0.2175E-09
 -4.138  0.1143E-09
 -4.128  0.5947E-10
 -4.118  0.3059E-10
 -4.108  0.1557E-10
 -4.098  0.7839E-11
 -4.088  0.3904E-11
 -4.078  0.1924E-11
 -4.068  0.9376E-12
 -4.058  0.4521E-12
 -4.048  0.2156E-12
 -4.038  0.1018E-12
 -4.028  0.4750E-13
 -4.018  0.2193E-13
 -4.008  0.1002E-13
 -3.998  0.4528E-14
 -3.988  0.2024E-14
 -3.978  0.8953E-15
 -3.968  0.3917E-15
 -3.958  0.1695E-15
 -3.948  0.7258E-16
 -3.938  0.3074E-16
 -3.928  0.1288E-16
 -3.918  0.5339E-17
 -3.908  0.2189E-17
 -3.898  0.8879E-18
 -3.888  0.3563E-18
 -3.878  0.1414E-18
 -3.868  0.5554E-19
 -3.858  0.2158E-19
 -3.848  0.8292E-20
 -3.838  0.3152E-20
 -3.828  0.1186E-20
 -3.818  0.4411E-21
 -3.808  0.1623E-21
 -3.798  0.5911E-22
 -3.788  0.2129E-22
 -3.778  0.7586E-23
 -3.768  0.2674E-23
 -3.758  0.9323E-24
 -3.748  0.3216E-24
 -3.738  0.1097E-24
 -3.728  0.3705E-25
 -3.718  0.1237E-25
 -3.708  0.4087E-26
 -3.698  0.1336E-26
 -3.688  0.4318E-27
 -3.678  0.1381E-27
 -3.668  0.4369E-28
 -3.658  0.1368E-28
 -3.648  0.4234E-29
 -3.638  0.1297E-29
 -3.628  0.3930E-30
 -3.618  0.1178E-30
 -3.608  0.3493E-31
 -3.598  0.1025E-31
 -3.588  0.2973E-32
 -3.578  0.8535E-33
 -3.568  0.2424E-33
 -3.558  0.6810E-34
 -3.548  0.1892E-34
 -3.538  0.5203E-35
 -3.528  0.1415E-35
 -3.518  0.3807E-36
 -3.508  0.1013E-36
 -3.498  0.2668E-37
 -3.488  0.6950E-38
 -3.478  0.1791E-38
 -3.468  0.4565E-39
 -3.458  0.1151E-39
 -3.448  0.2871E-40
 -3.438  0.7086E-41
 -3.428  0.1730E-41
 -3.418  0.4177E-42
 -3.408  0.9980E-43
 -3.398  0.2359E-43
 -3.388  0.5514E-44
 -3.378  0.1275E-44
 -3.368  0.2918E-45
 -3.358  0.6605E-46
 -3.348  0.1479E-46
 -3.338  0.3276E-47
 -3.328  0.7178E-48
 -3.318  0.1556E-48
 -3.308  0.3337E-49
 -3.298  0.7078E-50
 -3.288  0.1485E-50
 -3.278  0.3084E-51
 -3.268  0.6333E-52
 -3.258  0.1287E-52
 -3.248  0.2586E-53
 -3.238  0.5141E-54
 -3.228  0.1011E-54
 -3.218  0.1967E-55
 -3.208  0.3787E-56
 -3.198  0.7210E-57
 -3.188  0.1358E-57
 -3.178  0.2531E-58
 -3.168  0.4665E-59
 -3.158  0.8507E-60
 -3.148  0.1535E-60
 -3.138  0.2739E-61
 -3.128  0.4835E-62
 -3.118  0.8444E-63
 -3.108  0.1459E-63
 -3.098  0.2493E-64
 -3.088  0.4216E-65
 -3.078  0.7051E-66
 -3.068  0.1167E-66
 -3.058  0.1910E-67
 -3.048  0.3092E-68
 -3.038  0.4953E-69
 -3.028  0.7849E-70
 -3.018  0.1230E-70
 -3.008  0.1908E-71
 -2.998  0.2927E-72
 -2.988  0.4450E-73
 -2.978  0.7188E-74
 -2.968  0.4394E-74
 -2.958  0.2223E-73
 -2.948  0.1418E-72
 -2.938  0.8999E-72
 -2.928  0.5653E-71
 -2.918  0.3512E-70
 -2.908  0.2159E-69
 -2.898  0.1313E-68
 -2.888  0.7897E-68
 -2.878  0.4700E-67
 -2.868  0.2767E-66
 -2.858  0.1611E-65
 -2.848  0.9282E-65
 -2.838  0.5290E-64
 -2.828  0.2982E-63
 -2.818  0.1663E-62
 -2.808  0.9178E-62
 -2.798  0.5009E-61
 -2.788  0.2705E-60
 -2.778  0.1445E-59
 -2.768  0.7634E-59
 -2.758  0.3990E-58
 -2.748  0.2063E-57
 -2.738  0.1056E-56
 -2.728  0.5342E-56
 -2.718  0.2674E-55
 -2.708  0.1324E-54
 -2.698  0.6488E-54
 -2.688  0.3144E-53
 -2.678  0.1508E-52
 -2.668  0.7150E-52
 -2.658  0.3355E-51
 -2.648  0.1557E-50
 -2.638  0.7150E-50
 -2.628  0.3248E-49
 -2.618  0.1459E-48
 -2.608  0.6487E-48
 -2.598  0.2853E-47
 -2.588  0.1241E-46
 -2.578  0.5340E-46
 -2.568  0.2273E-45
 -2.558  0.9575E-45
 -2.548  0.3989E-44
 -2.538  0.1644E-43
 -2.528  0.6703E-43
 -2.518  0.2704E-42
 -2.508  0.1079E-41
 -2.498  0.4258E-41
 -2.488  0.1663E-40
 -2.478  0.6422E-40
 -2.468  0.2454E-39
 -2.458  0.9277E-39
 -2.448  0.3469E-38
 -2.438  0.1283E-37
 -2.428  0.4697E-37
 -2.418  0.1700E-36
 -2.408  0.6090E-36
 -2.398  0.2157E-35
 -2.388  0.7562E-35
 -2.378  0.2622E-34
 -2.368  0.8993E-34
 -2.358  0.3051E-33
 -2.348  0.1024E-32
 -2.338  0.3401E-32
 -2.328  0.1117E-31
 -2.318  0.3631E-31
 -2.308  0.1167E-30
 -2.298  0.3712E-30
 -2.288  0.1168E-29
 -2.278  0.3635E-29
 -2.268  0.1119E-28
 -2.258  0.3409E-28
 -2.248  0.1027E-27
 -2.238  0.3062E-27
 -2.228  0.9031E-27
 -2.218  0.2635E-26
 -2.208  0.7603E-26
 -2.198  0.2171E-25
 -2.188  0.6132E-25
 -2.178  0.1713E-24
 -2.168  0.4736E-24
 -2.158  0.1295E-23
 -2.148  0.3504E-23
 -2.138  0.9379E-23
 -2.128  0.2484E-22
 -2.118  0.6506E-22
 -2.108  0.1686E-21
 -2.098  0.4323E-21
 -2.088  0.1097E-20
 -2.078  0.2752E-20
 -2.068  0.6834E-20
 -2.058  0.1679E-19
 -2.048  0.4081E-19
 -2.038  0.9814E-19
 -2.028  0.2335E-18
 -2.018  0.5498E-18
 -2.008  0.1281E-17
 -1.998  0.2952E-17
 -1.988  0.6734E-17
 -1.978  0.1520E-16
 -1.968  0.3395E-16
 -1.958  0.7504E-16
 -1.948  0.1642E-15
 -1.938  0.3554E-15
 -1.928  0.7616E-15
 -1.918  0.1616E-14
 -1.908  0.3392E-14
 -1.898  0.7050E-14
 -1.888  0.1451E-13
 -1.878  0.2955E-13
 -1.868  0.5962E-13
 -1.858  0.1191E-12
 -1.848  0.2356E-12
 -1.838  0.4617E-12
 -1.828  0.8962E-12
 -1.818  0.1723E-11
 -1.808  0.3283E-11
 -1.798  0.6199E-11
 -1.788  0.1160E-10
 -1.778  0.2151E-10
 -1.768  0.3955E-10
 -1.758  0.7210E-10
 -1.748  0.1303E-09
 -1.738  0.2337E-09
 -1.728  0.4155E-09
 -1.718  0.7328E-09
 -1.708  0.1282E-08
 -1.698  0.2226E-08
 -1.688  0.3836E-08
 -1.678  0.6558E-08
 -1.668  0.1113E-07
 -1.658  0.1873E-07
 -1.648  0.3130E-07
 -1.638  0.5190E-07
 -1.628  0.8540E-07
 -1.618  0.1394E-06
 -1.608  0.2259E-06
 -1.598  0.3632E-06
 -1.588  0.5792E-06
 -1.578  0.9162E-06
 -1.568  0.1438E-05
 -1.558  0.2237E-05
 -1.548  0.3451E-05
 -1.538  0.5279E-05
 -1.528  0.8005E-05
 -1.518  0.1203E-04
 -1.508  0.1792E-04
 -1.498  0.2645E-04
 -1.488  0.3868E-04
 -1.478  0.5604E-04
 -1.468  0.8042E-04
 -1.458  0.1143E-03
 -1.448  0.1609E-03
 -1.438  0.2243E-03
 -1.428  0.3095E-03
 -1.418  0.4229E-03
 -1.408  0.5722E-03
 -1.398  0.7663E-03
 -1.388  0.1016E-02
 -1.378  0.1333E-02
 -1.368  0.1731E-02
 -1.358  0.2225E-02
 -1.348  0.2831E-02
 -1.338  0.3564E-02
 -1.328  0.4440E-02
 -1.318  0.5474E-02
 -1.308  0.6678E-02
 -1.298  0.8062E-02
 -1.288  0.9629E-02
 -1.278  0.1138E-01
 -1.268  0.1331E-01
 -1.258  0.1540E-01
 -1.248  0.1763E-01
 -1.238  0.1997E-01
 -1.228  0.2238E-01
 -1.218  0.2482E-01
 -1.208  0.2723E-01
 -1.198  0.2955E-01
 -1.188  0.3174E-01
 -1.178  0.3372E-01
 -1.168  0.3544E-01
 -1.158  0.3685E-01
 -1.148  0.3791E-01
 -1.138  0.3859E-01
 -1.128  0.3885E-01
 -1.118  0.3871E-01
 -1.108  0.3815E-01
 -1.098  0.3719E-01
 -1.088  0.3588E-01
 -1.078  0.3424E-01
 -1.068  0.3232E-01
 -1.058  0.3019E-01
 -1.048  0.2790E-01
 -1.038  0.2550E-01
 -1.028  0.2306E-01
 -1.018  0.2063E-01
 -1.008  0.1826E-01
 -0.998  0.1599E-01
 -0.988  0.1385E-01
 -0.978  0.1187E-01
 -0.968  0.1007E-01
 -0.958  0.8449E-02
 -0.948  0.7015E-02
 -0.938  0.5765E-02
 -0.928  0.4690E-02
 -0.918  0.3779E-02
 -0.908  0.3019E-02
 -0.898  0.2394E-02
 -0.888  0.1889E-02
 -0.878  0.1488E-02
 -0.868  0.1178E-02
 -0.858  0.9454E-03
 -0.848  0.7780E-03
 -0.838  0.6659E-03
 -0.828  0.6005E-03
 -0.818  0.5746E-03
 -0.808  0.5822E-03
 -0.798  0.6185E-03
 -0.788  0.6795E-03
 -0.778  0.7619E-03
 -0.768  0.8628E-03
 -0.758  0.9795E-03
 -0.748  0.1110E-02
 -0.738  0.1252E-02
 -0.728  0.1403E-02
 -0.718  0.1561E-02
 -0.708  0.1725E-02
 -0.698  0.1892E-02
 -0.688  0.2063E-02
 -0.678  0.2236E-02
 -0.668  0.2412E-02
 -0.658  0.2592E-02
 -0.648  0.2778E-02
 -0.638  0.2973E-02
 -0.628  0.3181E-02
 -0.618  0.3407E-02
 -0.608  0.3657E-02
 -0.598  0.3936E-02
 -0.588  0.4250E-02
 -0.578  0.4605E-02
 -0.568  0.5005E-02
 -0.558  0.5454E-02
 -0.548  0.5953E-02
 -0.538  0.6502E-02
 -0.528  0.7097E-02
 -0.518  0.7734E-02
 -0.508  0.8404E-02
 -0.498  0.9096E-02
 -0.488  0.9797E-02
 -0.478  0.1049E-01
 -0.468  0.1116E-01
 -0.458  0.1180E-01
 -0.448  0.1238E-01
 -0.438  0.1289E-01
 -0.428  0.1331E-01
 -0.418  0.1364E-01
 -0.408  0.1386E-01
 -0.398  0.1398E-01
 -0.388  0.1398E-01
 -0.378  0.1389E-01
 -0.368  0.1369E-01
 -0.358  0.1341E-01
 -0.348  0.1306E-01
 -0.338  0.1265E-01
 -0.328  0.1220E-01
 -0.318  0.1174E-01
 -0.308  0.1127E-01
 -0.298  0.1081E-01
 -0.288  0.1038E-01
 -0.278  0.9994E-02
 -0.268  0.9650E-02
 -0.258  0.9355E-02
 -0.248  0.9112E-02
 -0.238  0.8915E-02
 -0.228  0.8761E-02
 -0.218  0.8640E-02
 -0.208  0.8543E-02
 -0.198  0.8459E-02
 -0.188  0.8377E-02
 -0.178  0.8287E-02
 -0.168  0.8181E-02
 -0.158  0.8052E-02
 -0.148  0.7899E-02
 -0.138  0.7719E-02
 -0.128  0.7517E-02
 -0.118  0.7299E-02
 -0.108  0.7073E-02
 -0.098  0.6852E-02
 -0.088  0.6650E-02
 -0.078  0.6481E-02
 -0.068  0.6362E-02
 -0.058  0.6308E-02
 -0.048  0.6334E-02
 -0.038  0.6452E-02
 -0.028  0.6673E-02
 -0.018  0.7002E-02
 -0.008  0.7445E-02
  0.002  0.7998E-02
  0.012  0.8656E-02
  0.022  0.9410E-02
  0.032  0.1024E-01
  0.042  0.1114E-01
  0.052  0.1207E-01
  0.062  0.1302E-01
  0.072  0.1396E-01
  0.082  0.1486E-01
  0.092  0.1569E-01
  0.102  0.1643E-01
  0.112  0.1705E-01
  0.122  0.1754E-01
  0.132  0.1789E-01
  0.142  0.1808E-01
  0.152  0.1811E-01
  0.162  0.1799E-01
  0.172  0.1773E-01
  0.182  0.1734E-01
  0.192  0.1685E-01
  0.202  0.1626E-01
  0.212  0.1562E-01
  0.222  0.1495E-01
  0.232  0.1427E-01
  0.242  0.1361E-01
  0.252  0.1300E-01
  0.262  0.1246E-01
  0.272  0.1200E-01
  0.282  0.1164E-01
  0.292  0.1139E-01
  0.302  0.1124E-01
  0.312  0.1120E-01
  0.322  0.1125E-01
  0.332  0.1138E-01
  0.342  0.1158E-01
  0.352  0.1183E-01
  0.362  0.1210E-01
  0.372  0.1237E-01
  0.382  0.1262E-01
  0.392  0.1283E-01
  0.402  0.1297E-01
  0.412  0.1303E-01
  0.422  0.1300E-01
  0.432  0.1287E-01
  0.442  0.1263E-01
  0.452  0.1229E-01
  0.462  0.1184E-01
  0.472  0.1130E-01
  0.482  0.1068E-01
  0.492  0.9993E-02
  0.502  0.9255E-02
  0.512  0.8484E-02
  0.522  0.7697E-02
  0.532  0.6911E-02
  0.542  0.6140E-02
  0.552  0.5398E-02
  0.562  0.4696E-02
  0.572  0.4042E-02
  0.582  0.3443E-02
  0.592  0.2901E-02
  0.602  0.2419E-02
  0.612  0.1995E-02
  0.622  0.1629E-02
  0.632  0.1315E-02
  0.642  0.1051E-02
  0.652  0.8306E-03
  0.662  0.6496E-03
  0.672  0.5026E-03
  0.682  0.3848E-03
  0.692  0.2914E-03
  0.702  0.2184E-03
  0.712  0.1619E-03
  0.722  0.1187E-03
  0.732  0.8617E-04
  0.742  0.6187E-04
  0.752  0.4395E-04
  0.762  0.3088E-04
  0.772  0.2147E-04
  0.782  0.1477E-04
  0.792  0.1005E-04
  0.802  0.6767E-05
  0.812  0.4508E-05
  0.822  0.2971E-05
  0.832  0.1937E-05
  0.842  0.1249E-05
