 -5.548  0.1438E-10
 -5.538  0.2224E-10
 -5.528  0.3401E-10
 -5.518  0.5146E-10
 -5.508  0.7704E-10
 -5.498  0.1141E-09
 -5.488  0.1671E-09
 -5.478  0.2422E-09
 -5.468  0.3473E-09
 -5.458  0.4926E-09
 -5.448  0.6914E-09
 -5.438  0.9599E-09
 -5.428  0.1319E-08
 -5.418  0.1792E-08
 -5.408  0.2410E-08
 -5.398  0.3207E-08
 -5.388  0.4222E-08
 -5.378  0.5501E-08
 -5.368  0.7093E-08
 -5.358  0.9050E-08
 -5.348  0.1143E-07
 -5.338  0.1429E-07
 -5.328  0.1768E-07
 -5.318  0.2166E-07
 -5.308  0.2629E-07
 -5.298  0.3160E-07
 -5.288  0.3763E-07
 -5.278  0.4442E-07
 -5.268  0.5201E-07
 -5.258  0.6044E-07
 -5.248  0.6976E-07
 -5.238  0.8009E-07
 -5.228  0.9161E-07
 -5.218  0.1046E-06
 -5.208  0.1197E-06
 -5.198  0.1375E-06
 -5.188  0.1596E-06
 -5.178  0.1879E-06
 -5.168  0.2256E-06
 -5.158  0.2773E-06
 -5.148  0.3499E-06
 -5.138  0.4533E-06
 -5.128  0.6018E-06
 -5.118  0.8156E-06
 -5.108  0.1123E-05
 -5.098  0.1562E-05
 -5.088  0.2184E-05
 -5.078  0.3061E-05
 -5.068  0.4282E-05
 -5.058  0.5967E-05
 -5.048  0.8268E-05
 -5.038  0.1137E-04
 -5.028  0.1552E-04
 -5.018  0.2099E-04
 -5.008  0.2813E-04
 -4.998  0.3733E-04
 -4.988  0.4904E-04
 -4.978  0.6377E-04
 -4.968  0.8207E-04
 -4.958  0.1045E-03
 -4.948  0.1317E-03
 -4.938  0.1642E-03
 -4.928  0.2026E-03
 -4.918  0.2473E-03
 -4.908  0.2986E-03
 -4.898  0.3567E-03
 -4.888  0.4216E-03
 -4.878  0.4929E-03
 -4.868  0.5702E-03
 -4.858  0.6524E-03
 -4.848  0.7386E-03
 -4.838  0.8271E-03
 -4.828  0.9162E-03
 -4.818  0.1004E-02
 -4.808  0.1089E-02
 -4.798  0.1168E-02
 -4.788  0.1239E-02
 -4.778  0.1300E-02
 -4.768  0.1350E-02
 -4.758  0.1387E-02
 -4.748  0.1409E-02
 -4.738  0.1416E-02
 -4.728  0.1409E-02
 -4.718  0.1386E-02
 -4.708  0.1348E-02
 -4.698  0.1298E-02
 -4.688  0.1236E-02
 -4.678  0.1165E-02
 -4.668  0.1086E-02
 -4.658  0.1001E-02
 -4.648  0.9129E-03
 -4.638  0.8237E-03
 -4.628  0.7352E-03
 -4.618  0.6492E-03
 -4.608  0.5671E-03
 -4.598  0.4900E-03
 -4.588  0.4189E-03
 -4.578  0.3542E-03
 -4.568  0.2963E-03
 -4.558  0.2452E-03
 -4.548  0.2008E-03
 -4.538  0.1626E-03
 -4.528  0.1303E-03
 -4.518  0.1032E-03
 -4.508  0.8095E-04
 -4.498  0.6279E-04
 -4.488  0.4818E-04
 -4.478  0.3657E-04
 -4.468  0.2746E-04
 -4.458  0.2040E-04
 -4.448  0.1499E-04
 -4.438  0.1090E-04
 -4.428  0.7835E-05
 -4.418  0.5574E-05
 -4.408  0.3923E-05
 -4.398  0.2731E-05
 -4.388  0.1881E-05
 -4.378  0.1282E-05
 -4.368  0.8637E-06
 -4.358  0.5759E-06
 -4.348  0.3799E-06
 -4.338  0.2479E-06
 -4.328  0.1600E-06
 -4.318  0.1022E-06
 -4.308  0.6454E-07
 -4.298  0.4033E-07
 -4.288  0.2493E-07
 -4.278  0.1525E-07
 -4.268  0.9224E-08
 -4.258  0.5520E-08
 -4.248  0.3268E-08
 -4.238  0.1914E-08
 -4.228  0.1109E-08
 -4.218  0.6356E-09
 -4.208  0.3604E-09
 -4.198  0.2022E-09
 -4.188  0.1122E-09
 -4.178  0.6157E-10
 -4.168  0.3344E-10
 -4.158  0.1796E-10
 -4.148  0.9545E-11
 -4.138  0.5018E-11
 -4.128  0.2609E-11
 -4.118  0.1342E-11
 -4.108  0.6832E-12
 -4.098  0.3440E-12
 -4.088  0.1713E-12
 -4.078  0.8441E-13
 -4.068  0.4114E-13
 -4.058  0.1984E-13
 -4.048  0.9463E-14
 -4.038  0.4465E-14
 -4.028  0.2084E-14
 -4.018  0.9625E-15
 -4.008  0.4397E-15
 -3.998  0.1987E-15
 -3.988  0.8883E-16
 -3.978  0.3929E-16
 -3.968  0.1719E-16
 -3.958  0.7439E-17
 -3.948  0.3185E-17
 -3.938  0.1349E-17
 -3.928  0.5652E-18
 -3.918  0.2343E-18
 -3.908  0.9606E-19
 -3.898  0.3896E-19
 -3.888  0.1564E-19
 -3.878  0.6207E-20
 -3.868  0.2437E-20
 -3.858  0.9468E-21
 -3.848  0.3639E-21
 -3.838  0.1383E-21
 -3.828  0.5203E-22
 -3.818  0.1936E-22
 -3.808  0.7124E-23
 -3.798  0.2594E-23
 -3.788  0.9342E-24
 -3.778  0.3329E-24
 -3.768  0.1173E-24
 -3.758  0.4091E-25
 -3.748  0.1411E-25
 -3.738  0.4816E-26
 -3.728  0.1626E-26
 -3.718  0.5429E-27
 -3.708  0.1793E-27
 -3.698  0.5861E-28
 -3.688  0.1895E-28
 -3.678  0.6060E-29
 -3.668  0.1917E-29
 -3.658  0.6001E-30
 -3.648  0.1858E-30
 -3.638  0.5691E-31
 -3.628  0.1724E-31
 -3.618  0.5169E-32
 -3.608  0.1533E-32
 -3.598  0.4496E-33
 -3.588  0.1305E-33
 -3.578  0.3746E-34
 -3.568  0.1064E-34
 -3.558  0.2988E-35
 -3.548  0.8305E-36
 -3.538  0.2283E-36
 -3.528  0.6210E-37
 -3.518  0.1671E-37
 -3.508  0.4447E-38
 -3.498  0.1171E-38
 -3.488  0.3050E-39
 -3.478  0.7858E-40
 -3.468  0.2003E-40
 -3.458  0.5051E-41
 -3.448  0.1260E-41
 -3.438  0.3109E-42
 -3.428  0.7591E-43
 -3.418  0.1833E-43
 -3.408  0.4379E-44
 -3.398  0.1035E-44
 -3.388  0.2420E-45
 -3.378  0.5597E-46
 -3.368  0.1281E-46
 -3.358  0.2898E-47
 -3.348  0.6490E-48
 -3.338  0.1437E-48
 -3.328  0.3150E-49
 -3.318  0.6828E-50
 -3.308  0.1464E-50
 -3.298  0.3106E-51
 -3.288  0.6518E-52
 -3.278  0.1353E-52
 -3.268  0.2779E-53
 -3.258  0.5646E-54
 -3.248  0.1135E-54
 -3.238  0.2256E-55
 -3.228  0.4437E-56
 -3.218  0.8633E-57
 -3.208  0.1662E-57
 -3.198  0.3164E-58
 -3.188  0.5960E-59
 -3.178  0.1111E-59
 -3.168  0.2047E-60
 -3.158  0.3733E-61
 -3.148  0.6735E-62
 -3.138  0.1202E-62
 -3.128  0.2122E-63
 -3.118  0.3706E-64
 -3.108  0.6402E-65
 -3.098  0.1094E-65
 -3.088  0.1850E-66
 -3.078  0.3094E-67
 -3.068  0.5120E-68
 -3.058  0.8380E-69
 -3.048  0.1357E-69
 -3.038  0.2174E-70
 -3.028  0.3444E-71
 -3.018  0.5399E-72
 -3.008  0.8377E-73
 -2.998  0.1308E-73
 -2.988  0.3556E-74
 -2.978  0.1095E-73
 -2.968  0.6991E-73
 -2.958  0.4533E-72
 -2.948  0.2910E-71
 -2.938  0.1847E-70
 -2.928  0.1160E-69
 -2.918  0.7210E-69
 -2.908  0.4432E-68
 -2.898  0.2695E-67
 -2.888  0.1621E-66
 -2.878  0.9648E-66
 -2.868  0.5679E-65
 -2.858  0.3307E-64
 -2.848  0.1905E-63
 -2.838  0.1086E-62
 -2.828  0.6122E-62
 -2.818  0.3415E-61
 -2.808  0.1884E-60
 -2.798  0.1028E-59
 -2.788  0.5552E-59
 -2.778  0.2966E-58
 -2.768  0.1567E-57
 -2.758  0.8192E-57
 -2.748  0.4236E-56
 -2.738  0.2167E-55
 -2.728  0.1097E-54
 -2.718  0.5490E-54
 -2.708  0.2719E-53
 -2.698  0.1332E-52
 -2.688  0.6455E-52
 -2.678  0.3095E-51
 -2.668  0.1468E-50
 -2.658  0.6887E-50
 -2.648  0.3197E-49
 -2.638  0.1468E-48
 -2.628  0.6667E-48
 -2.618  0.2996E-47
 -2.608  0.1332E-46
 -2.598  0.5856E-46
 -2.588  0.2547E-45
 -2.578  0.1096E-44
 -2.568  0.4667E-44
 -2.558  0.1965E-43
 -2.548  0.8188E-43
 -2.538  0.3375E-42
 -2.528  0.1376E-41
 -2.518  0.5550E-41
 -2.508  0.2214E-40
 -2.498  0.8740E-40
 -2.488  0.3413E-39
 -2.478  0.1318E-38
 -2.468  0.5037E-38
 -2.458  0.1904E-37
 -2.448  0.7120E-37
 -2.438  0.2634E-36
 -2.428  0.9639E-36
 -2.418  0.3490E-35
 -2.408  0.1250E-34
 -2.398  0.4428E-34
 -2.388  0.1552E-33
 -2.378  0.5381E-33
 -2.368  0.1845E-32
 -2.358  0.6262E-32
 -2.348  0.2102E-31
 -2.338  0.6979E-31
 -2.328  0.2292E-30
 -2.318  0.7449E-30
 -2.308  0.2395E-29
 -2.298  0.7615E-29
 -2.288  0.2396E-28
 -2.278  0.7455E-28
 -2.268  0.2295E-27
 -2.258  0.6990E-27
 -2.248  0.2106E-26
 -2.238  0.6277E-26
 -2.228  0.1851E-25
 -2.218  0.5398E-25
 -2.208  0.1557E-24
 -2.198  0.4446E-24
 -2.188  0.1255E-23
 -2.178  0.3507E-23
 -2.168  0.9690E-23
 -2.158  0.2649E-22
 -2.148  0.7163E-22
 -2.138  0.1916E-21
 -2.128  0.5071E-21
 -2.118  0.1328E-20
 -2.108  0.3439E-20
 -2.098  0.8810E-20
 -2.088  0.2233E-19
 -2.078  0.5599E-19
 -2.068  0.1389E-18
 -2.058  0.3407E-18
 -2.048  0.8271E-18
 -2.038  0.1986E-17
 -2.028  0.4718E-17
 -2.018  0.1109E-16
 -2.008  0.2577E-16
 -1.998  0.5927E-16
 -1.988  0.1348E-15
 -1.978  0.3034E-15
 -1.968  0.6756E-15
 -1.958  0.1488E-14
 -1.948  0.3242E-14
 -1.938  0.6987E-14
 -1.928  0.1490E-13
 -1.918  0.3142E-13
 -1.908  0.6557E-13
 -1.898  0.1353E-12
 -1.888  0.2764E-12
 -1.878  0.5583E-12
 -1.868  0.1116E-11
 -1.858  0.2206E-11
 -1.848  0.4313E-11
 -1.838  0.8345E-11
 -1.828  0.1597E-10
 -1.818  0.3024E-10
 -1.808  0.5663E-10
 -1.798  0.1049E-09
 -1.788  0.1923E-09
 -1.778  0.3487E-09
 -1.768  0.6255E-09
 -1.758  0.1110E-08
 -1.748  0.1949E-08
 -1.738  0.3384E-08
 -1.728  0.5813E-08
 -1.718  0.9879E-08
 -1.708  0.1661E-07
 -1.698  0.2762E-07
 -1.688  0.4545E-07
 -1.678  0.7397E-07
 -1.668  0.1191E-06
 -1.658  0.1897E-06
 -1.648  0.2989E-06
 -1.638  0.4660E-06
 -1.628  0.7186E-06
 -1.618  0.1096E-05
 -1.608  0.1655E-05
 -1.598  0.2470E-05
 -1.588  0.3649E-05
 -1.578  0.5332E-05
 -1.568  0.7707E-05
 -1.558  0.1102E-04
 -1.548  0.1559E-04
 -1.538  0.2182E-04
 -1.528  0.3021E-04
 -1.518  0.4139E-04
 -1.508  0.5609E-04
 -1.498  0.7519E-04
 -1.488  0.9973E-04
 -1.478  0.1309E-03
 -1.468  0.1699E-03
 -1.458  0.2182E-03
 -1.448  0.2773E-03
 -1.438  0.3486E-03
 -1.428  0.4336E-03
 -1.418  0.5337E-03
 -1.408  0.6498E-03
 -1.398  0.7829E-03
 -1.388  0.9333E-03
 -1.378  0.1101E-02
 -1.368  0.1285E-02
 -1.358  0.1484E-02
 -1.348  0.1696E-02
 -1.338  0.1918E-02
 -1.328  0.2147E-02
 -1.318  0.2379E-02
 -1.308  0.2608E-02
 -1.298  0.2830E-02
 -1.288  0.3040E-02
 -1.278  0.3233E-02
 -1.268  0.3403E-02
 -1.258  0.3546E-02
 -1.248  0.3659E-02
 -1.238  0.3738E-02
 -1.228  0.3782E-02
 -1.218  0.3790E-02
 -1.208  0.3762E-02
 -1.198  0.3698E-02
 -1.188  0.3602E-02
 -1.178  0.3476E-02
 -1.168  0.3325E-02
 -1.158  0.3151E-02
 -1.148  0.2960E-02
 -1.138  0.2757E-02
 -1.128  0.2546E-02
 -1.118  0.2331E-02
 -1.108  0.2117E-02
 -1.098  0.1906E-02
 -1.088  0.1703E-02
 -1.078  0.1509E-02
 -1.068  0.1327E-02
 -1.058  0.1158E-02
 -1.048  0.1002E-02
 -1.038  0.8608E-03
 -1.028  0.7338E-03
 -1.018  0.6206E-03
 -1.008  0.5209E-03
 -0.998  0.4339E-03
 -0.988  0.3585E-03
 -0.978  0.2940E-03
 -0.968  0.2392E-03
 -0.958  0.1931E-03
 -0.948  0.1547E-03
 -0.938  0.1230E-03
 -0.928  0.9719E-04
 -0.918  0.7639E-04
 -0.908  0.5989E-04
 -0.898  0.4706E-04
 -0.888  0.3737E-04
 -0.878  0.3038E-04
 -0.868  0.2575E-04
 -0.858  0.2324E-04
 -0.848  0.2270E-04
 -0.838  0.2405E-04
 -0.828  0.2730E-04
 -0.818  0.3252E-04
 -0.808  0.3987E-04
 -0.798  0.4952E-04
 -0.788  0.6171E-04
 -0.778  0.7669E-04
 -0.768  0.9472E-04
 -0.758  0.1160E-03
 -0.748  0.1409E-03
 -0.738  0.1693E-03
 -0.728  0.2016E-03
 -0.718  0.2376E-03
 -0.708  0.2772E-03
 -0.698  0.3203E-03
 -0.688  0.3666E-03
 -0.678  0.4157E-03
 -0.668  0.4672E-03
 -0.658  0.5206E-03
 -0.648  0.5756E-03
 -0.638  0.6320E-03
 -0.628  0.6896E-03
 -0.618  0.7487E-03
 -0.608  0.8098E-03
 -0.598  0.8738E-03
 -0.588  0.9423E-03
 -0.578  0.1017E-02
 -0.568  0.1101E-02
 -0.558  0.1196E-02
 -0.548  0.1306E-02
 -0.538  0.1435E-02
 -0.528  0.1586E-02
 -0.518  0.1762E-02
 -0.508  0.1967E-02
 -0.498  0.2203E-02
 -0.488  0.2472E-02
 -0.478  0.2775E-02
 -0.468  0.3109E-02
 -0.458  0.3474E-02
 -0.448  0.3864E-02
 -0.438  0.4274E-02
 -0.428  0.4697E-02
 -0.418  0.5122E-02
 -0.408  0.5541E-02
 -0.398  0.5942E-02
 -0.388  0.6314E-02
 -0.378  0.6645E-02
 -0.368  0.6925E-02
 -0.358  0.7145E-02
 -0.348  0.7297E-02
 -0.338  0.7376E-02
 -0.328  0.7378E-02
 -0.318  0.7303E-02
 -0.308  0.7153E-02
 -0.298  0.6931E-02
 -0.288  0.6646E-02
 -0.278  0.6304E-02
 -0.268  0.5916E-02
 -0.258  0.5493E-02
 -0.248  0.5046E-02
 -0.238  0.4586E-02
 -0.228  0.4123E-02
 -0.218  0.3667E-02
 -0.208  0.3227E-02
 -0.198  0.2810E-02
 -0.188  0.2422E-02
 -0.178  0.2065E-02
 -0.168  0.1744E-02
 -0.158  0.1458E-02
 -0.148  0.1208E-02
 -0.138  0.9939E-03
 -0.128  0.8128E-03
 -0.118  0.6630E-03
 -0.108  0.5419E-03
 -0.098  0.4471E-03
 -0.088  0.3758E-03
 -0.078  0.3256E-03
 -0.068  0.2943E-03
 -0.058  0.2798E-03
 -0.048  0.2804E-03
 -0.038  0.2944E-03
 -0.028  0.3206E-03
 -0.018  0.3577E-03
 -0.008  0.4045E-03
  0.002  0.4599E-03
  0.012  0.5226E-03
  0.022  0.5914E-03
  0.032  0.6649E-03
  0.042  0.7417E-03
  0.052  0.8199E-03
  0.062  0.8979E-03
  0.072  0.9739E-03
  0.082  0.1046E-02
  0.092  0.1112E-02
  0.102  0.1171E-02
  0.112  0.1221E-02
  0.122  0.1261E-02
  0.132  0.1290E-02
  0.142  0.1308E-02
  0.152  0.1314E-02
  0.162  0.1308E-02
  0.172  0.1292E-02
  0.182  0.1266E-02
  0.192  0.1232E-02
  0.202  0.1191E-02
  0.212  0.1146E-02
  0.222  0.1098E-02
  0.232  0.1050E-02
  0.242  0.1003E-02
  0.252  0.9588E-03
  0.262  0.9197E-03
  0.272  0.8868E-03
  0.282  0.8610E-03
  0.292  0.8429E-03
  0.302  0.8328E-03
  0.312  0.8303E-03
  0.322  0.8350E-03
  0.332  0.8459E-03
  0.342  0.8617E-03
  0.352  0.8811E-03
  0.362  0.9024E-03
  0.372  0.9238E-03
  0.382  0.9435E-03
  0.392  0.9601E-03
  0.402  0.9718E-03
  0.412  0.9775E-03
  0.422  0.9761E-03
  0.432  0.9670E-03
  0.442  0.9498E-03
  0.452  0.9245E-03
  0.462  0.8915E-03
  0.472  0.8514E-03
  0.482  0.8050E-03
  0.492  0.7536E-03
  0.502  0.6983E-03
  0.512  0.6404E-03
  0.522  0.5812E-03
  0.532  0.5220E-03
  0.542  0.4639E-03
  0.552  0.4080E-03
  0.562  0.3550E-03
  0.572  0.3057E-03
  0.582  0.2604E-03
  0.592  0.2195E-03
  0.602  0.1831E-03
  0.612  0.1510E-03
  0.622  0.1233E-03
  0.632  0.9959E-04
  0.642  0.7958E-04
  0.652  0.6292E-04
  0.662  0.4921E-04
  0.672  0.3808E-04
  0.682  0.2916E-04
  0.692  0.2209E-04
  0.702  0.1655E-04
  0.712  0.1227E-04
  0.722  0.9003E-05
  0.732  0.6534E-05
  0.742  0.4691E-05
  0.752  0.3333E-05
  0.762  0.2342E-05
  0.772  0.1628E-05
  0.782  0.1120E-05
  0.792  0.7624E-06
  0.802  0.5134E-06
  0.812  0.3420E-06
  0.822  0.2254E-06
  0.832  0.1470E-06
  0.842  0.9480E-07
