 -5.548  0.4470E-06
 -5.538  0.6910E-06
 -5.528  0.1057E-05
 -5.518  0.1599E-05
 -5.508  0.2394E-05
 -5.498  0.3545E-05
 -5.488  0.5193E-05
 -5.478  0.7526E-05
 -5.468  0.1079E-04
 -5.458  0.1531E-04
 -5.448  0.2148E-04
 -5.438  0.2982E-04
 -5.428  0.4096E-04
 -5.418  0.5567E-04
 -5.408  0.7486E-04
 -5.398  0.9959E-04
 -5.388  0.1311E-03
 -5.378  0.1708E-03
 -5.368  0.2201E-03
 -5.358  0.2808E-03
 -5.348  0.3545E-03
 -5.338  0.4430E-03
 -5.328  0.5480E-03
 -5.318  0.6710E-03
 -5.308  0.8135E-03
 -5.298  0.9765E-03
 -5.288  0.1161E-02
 -5.278  0.1368E-02
 -5.268  0.1596E-02
 -5.258  0.1846E-02
 -5.248  0.2117E-02
 -5.238  0.2407E-02
 -5.228  0.2716E-02
 -5.218  0.3042E-02
 -5.208  0.3383E-02
 -5.198  0.3739E-02
 -5.188  0.4107E-02
 -5.178  0.4487E-02
 -5.168  0.4878E-02
 -5.158  0.5282E-02
 -5.148  0.5698E-02
 -5.138  0.6128E-02
 -5.128  0.6571E-02
 -5.118  0.7030E-02
 -5.108  0.7506E-02
 -5.098  0.7997E-02
 -5.088  0.8505E-02
 -5.078  0.9028E-02
 -5.068  0.9564E-02
 -5.058  0.1011E-01
 -5.048  0.1066E-01
 -5.038  0.1121E-01
 -5.028  0.1176E-01
 -5.018  0.1229E-01
 -5.008  0.1281E-01
 -4.998  0.1331E-01
 -4.988  0.1377E-01
 -4.978  0.1421E-01
 -4.968  0.1462E-01
 -4.958  0.1498E-01
 -4.948  0.1532E-01
 -4.938  0.1561E-01
 -4.928  0.1588E-01
 -4.918  0.1611E-01
 -4.908  0.1632E-01
 -4.898  0.1650E-01
 -4.888  0.1667E-01
 -4.878  0.1681E-01
 -4.868  0.1693E-01
 -4.858  0.1704E-01
 -4.848  0.1713E-01
 -4.838  0.1720E-01
 -4.828  0.1723E-01
 -4.818  0.1724E-01
 -4.808  0.1720E-01
 -4.798  0.1712E-01
 -4.788  0.1698E-01
 -4.778  0.1678E-01
 -4.768  0.1650E-01
 -4.758  0.1615E-01
 -4.748  0.1573E-01
 -4.738  0.1522E-01
 -4.728  0.1464E-01
 -4.718  0.1398E-01
 -4.708  0.1325E-01
 -4.698  0.1247E-01
 -4.688  0.1164E-01
 -4.678  0.1077E-01
 -4.668  0.9883E-02
 -4.658  0.8988E-02
 -4.648  0.8100E-02
 -4.638  0.7232E-02
 -4.628  0.6396E-02
 -4.618  0.5603E-02
 -4.608  0.4860E-02
 -4.598  0.4174E-02
 -4.588  0.3548E-02
 -4.578  0.2987E-02
 -4.568  0.2488E-02
 -4.558  0.2052E-02
 -4.548  0.1674E-02
 -4.538  0.1352E-02
 -4.528  0.1081E-02
 -4.518  0.8549E-03
 -4.508  0.6690E-03
 -4.498  0.5181E-03
 -4.488  0.3970E-03
 -4.478  0.3010E-03
 -4.468  0.2257E-03
 -4.458  0.1675E-03
 -4.448  0.1230E-03
 -4.438  0.8935E-04
 -4.428  0.6422E-04
 -4.418  0.4566E-04
 -4.408  0.3212E-04
 -4.398  0.2235E-04
 -4.388  0.1539E-04
 -4.378  0.1048E-04
 -4.368  0.7062E-05
 -4.358  0.4708E-05
 -4.348  0.3104E-05
 -4.338  0.2025E-05
 -4.328  0.1307E-05
 -4.318  0.8345E-06
 -4.308  0.5271E-06
 -4.298  0.3293E-06
 -4.288  0.2036E-06
 -4.278  0.1245E-06
 -4.268  0.7530E-07
 -4.258  0.4506E-07
 -4.248  0.2668E-07
 -4.238  0.1562E-07
 -4.228  0.9052E-08
 -4.218  0.5188E-08
 -4.208  0.2942E-08
 -4.198  0.1650E-08
 -4.188  0.9155E-09
 -4.178  0.5025E-09
 -4.168  0.2729E-09
 -4.158  0.1466E-09
 -4.148  0.7789E-10
 -4.138  0.4095E-10
 -4.128  0.2130E-10
 -4.118  0.1096E-10
 -4.108  0.5576E-11
 -4.098  0.2807E-11
 -4.088  0.1398E-11
 -4.078  0.6889E-12
 -4.068  0.3358E-12
 -4.058  0.1619E-12
 -4.048  0.7722E-13
 -4.038  0.3644E-13
 -4.028  0.1701E-13
 -4.018  0.7855E-14
 -4.008  0.3588E-14
 -3.998  0.1621E-14
 -3.988  0.7249E-15
 -3.978  0.3206E-15
 -3.968  0.1403E-15
 -3.958  0.6070E-16
 -3.948  0.2599E-16
 -3.938  0.1101E-16
 -3.928  0.4612E-17
 -3.918  0.1912E-17
 -3.908  0.7839E-18
 -3.898  0.3180E-18
 -3.888  0.1276E-18
 -3.878  0.5065E-19
 -3.868  0.1989E-19
 -3.858  0.7726E-20
 -3.848  0.2969E-20
 -3.838  0.1129E-20
 -3.828  0.4245E-21
 -3.818  0.1579E-21
 -3.808  0.5813E-22
 -3.798  0.2117E-22
 -3.788  0.7623E-23
 -3.778  0.2716E-23
 -3.768  0.9574E-24
 -3.758  0.3339E-24
 -3.748  0.1152E-24
 -3.738  0.3930E-25
 -3.728  0.1327E-25
 -3.718  0.4430E-26
 -3.708  0.1463E-26
 -3.698  0.4783E-27
 -3.688  0.1546E-27
 -3.678  0.4945E-28
 -3.668  0.1565E-28
 -3.658  0.4897E-29
 -3.648  0.1516E-29
 -3.638  0.4644E-30
 -3.628  0.1407E-30
 -3.618  0.4218E-31
 -3.608  0.1251E-31
 -3.598  0.3669E-32
 -3.588  0.1065E-32
 -3.578  0.3056E-33
 -3.568  0.8680E-34
 -3.558  0.2438E-34
 -3.548  0.6777E-35
 -3.538  0.1863E-35
 -3.528  0.5067E-36
 -3.518  0.1363E-36
 -3.508  0.3629E-37
 -3.498  0.9554E-38
 -3.488  0.2489E-38
 -3.478  0.6412E-39
 -3.468  0.1635E-39
 -3.458  0.4122E-40
 -3.448  0.1028E-40
 -3.438  0.2537E-41
 -3.428  0.6194E-42
 -3.418  0.1496E-42
 -3.408  0.3574E-43
 -3.398  0.8446E-44
 -3.388  0.1975E-44
 -3.378  0.4567E-45
 -3.368  0.1045E-45
 -3.358  0.2365E-46
 -3.348  0.5296E-47
 -3.338  0.1173E-47
 -3.328  0.2570E-48
 -3.318  0.5571E-49
 -3.308  0.1195E-49
 -3.298  0.2534E-50
 -3.288  0.5319E-51
 -3.278  0.1104E-51
 -3.268  0.2268E-52
 -3.258  0.4607E-53
 -3.248  0.9259E-54
 -3.238  0.1841E-54
 -3.228  0.3621E-55
 -3.218  0.7045E-56
 -3.208  0.1356E-56
 -3.198  0.2582E-57
 -3.188  0.4863E-58
 -3.178  0.9062E-59
 -3.168  0.1671E-59
 -3.158  0.3046E-60
 -3.148  0.5495E-61
 -3.138  0.9807E-62
 -3.128  0.1731E-62
 -3.118  0.3024E-63
 -3.108  0.5224E-64
 -3.098  0.8928E-65
 -3.088  0.1510E-65
 -3.078  0.2525E-66
 -3.068  0.4178E-67
 -3.058  0.6838E-68
 -3.048  0.1107E-68
 -3.038  0.1774E-69
 -3.028  0.2811E-70
 -3.018  0.4406E-71
 -3.008  0.6833E-72
 -2.998  0.1051E-72
 -2.988  0.1772E-73
 -2.978  0.1442E-73
 -2.968  0.7925E-73
 -2.958  0.5119E-72
 -2.948  0.3285E-71
 -2.938  0.2086E-70
 -2.928  0.1310E-69
 -2.918  0.8142E-69
 -2.908  0.5005E-68
 -2.898  0.3043E-67
 -2.888  0.1831E-66
 -2.878  0.1089E-65
 -2.868  0.6413E-65
 -2.858  0.3735E-64
 -2.848  0.2152E-63
 -2.838  0.1226E-62
 -2.828  0.6913E-62
 -2.818  0.3856E-61
 -2.808  0.2127E-60
 -2.798  0.1161E-59
 -2.788  0.6270E-59
 -2.778  0.3349E-58
 -2.768  0.1770E-57
 -2.758  0.9250E-57
 -2.748  0.4783E-56
 -2.738  0.2447E-55
 -2.728  0.1238E-54
 -2.718  0.6199E-54
 -2.708  0.3070E-53
 -2.698  0.1504E-52
 -2.688  0.7289E-52
 -2.678  0.3495E-51
 -2.668  0.1657E-50
 -2.658  0.7777E-50
 -2.648  0.3609E-49
 -2.638  0.1657E-48
 -2.628  0.7528E-48
 -2.618  0.3383E-47
 -2.608  0.1504E-46
 -2.598  0.6612E-46
 -2.588  0.2876E-45
 -2.578  0.1238E-44
 -2.568  0.5270E-44
 -2.558  0.2219E-43
 -2.548  0.9246E-43
 -2.538  0.3811E-42
 -2.528  0.1554E-41
 -2.518  0.6266E-41
 -2.508  0.2500E-40
 -2.498  0.9869E-40
 -2.488  0.3853E-39
 -2.478  0.1488E-38
 -2.468  0.5688E-38
 -2.458  0.2150E-37
 -2.448  0.8040E-37
 -2.438  0.2974E-36
 -2.428  0.1088E-35
 -2.418  0.3941E-35
 -2.408  0.1411E-34
 -2.398  0.5000E-34
 -2.388  0.1752E-33
 -2.378  0.6076E-33
 -2.368  0.2084E-32
 -2.358  0.7071E-32
 -2.348  0.2373E-31
 -2.338  0.7880E-31
 -2.328  0.2589E-30
 -2.318  0.8412E-30
 -2.308  0.2704E-29
 -2.298  0.8599E-29
 -2.288  0.2705E-28
 -2.278  0.8418E-28
 -2.268  0.2592E-27
 -2.258  0.7893E-27
 -2.248  0.2378E-26
 -2.238  0.7088E-26
 -2.228  0.2090E-25
 -2.218  0.6095E-25
 -2.208  0.1759E-24
 -2.198  0.5020E-24
 -2.188  0.1418E-23
 -2.178  0.3960E-23
 -2.168  0.1094E-22
 -2.158  0.2991E-22
 -2.148  0.8089E-22
 -2.138  0.2164E-21
 -2.128  0.5727E-21
 -2.118  0.1499E-20
 -2.108  0.3883E-20
 -2.098  0.9949E-20
 -2.088  0.2522E-19
 -2.078  0.6323E-19
 -2.068  0.1568E-18
 -2.058  0.3848E-18
 -2.048  0.9341E-18
 -2.038  0.2243E-17
 -2.028  0.5328E-17
 -2.018  0.1252E-16
 -2.008  0.2911E-16
 -1.998  0.6695E-16
 -1.988  0.1523E-15
 -1.978  0.3428E-15
 -1.968  0.7632E-15
 -1.958  0.1681E-14
 -1.948  0.3663E-14
 -1.938  0.7895E-14
 -1.928  0.1684E-13
 -1.918  0.3551E-13
 -1.908  0.7411E-13
 -1.898  0.1530E-12
 -1.888  0.3125E-12
 -1.878  0.6313E-12
 -1.868  0.1262E-11
 -1.858  0.2495E-11
 -1.848  0.4880E-11
 -1.838  0.9443E-11
 -1.828  0.1808E-10
 -1.818  0.3424E-10
 -1.808  0.6414E-10
 -1.798  0.1189E-09
 -1.788  0.2180E-09
 -1.778  0.3955E-09
 -1.768  0.7098E-09
 -1.758  0.1260E-08
 -1.748  0.2214E-08
 -1.738  0.3847E-08
 -1.728  0.6614E-08
 -1.718  0.1125E-07
 -1.708  0.1893E-07
 -1.698  0.3153E-07
 -1.688  0.5193E-07
 -1.678  0.8465E-07
 -1.668  0.1365E-06
 -1.658  0.2179E-06
 -1.648  0.3440E-06
 -1.638  0.5374E-06
 -1.628  0.8309E-06
 -1.618  0.1271E-05
 -1.608  0.1925E-05
 -1.598  0.2883E-05
 -1.588  0.4276E-05
 -1.578  0.6275E-05
 -1.568  0.9116E-05
 -1.558  0.1311E-04
 -1.548  0.1866E-04
 -1.538  0.2629E-04
 -1.528  0.3668E-04
 -1.518  0.5067E-04
 -1.508  0.6931E-04
 -1.498  0.9390E-04
 -1.488  0.1260E-03
 -1.478  0.1674E-03
 -1.468  0.2205E-03
 -1.458  0.2876E-03
 -1.448  0.3718E-03
 -1.438  0.4764E-03
 -1.428  0.6050E-03
 -1.418  0.7617E-03
 -1.408  0.9509E-03
 -1.398  0.1177E-02
 -1.388  0.1445E-02
 -1.378  0.1760E-02
 -1.368  0.2127E-02
 -1.358  0.2550E-02
 -1.348  0.3033E-02
 -1.338  0.3581E-02
 -1.328  0.4196E-02
 -1.318  0.4880E-02
 -1.308  0.5633E-02
 -1.298  0.6455E-02
 -1.288  0.7341E-02
 -1.278  0.8286E-02
 -1.268  0.9284E-02
 -1.258  0.1032E-01
 -1.248  0.1139E-01
 -1.238  0.1247E-01
 -1.228  0.1354E-01
 -1.218  0.1459E-01
 -1.208  0.1560E-01
 -1.198  0.1653E-01
 -1.188  0.1737E-01
 -1.178  0.1810E-01
 -1.168  0.1869E-01
 -1.158  0.1913E-01
 -1.148  0.1941E-01
 -1.138  0.1951E-01
 -1.128  0.1943E-01
 -1.118  0.1916E-01
 -1.108  0.1872E-01
 -1.098  0.1812E-01
 -1.088  0.1736E-01
 -1.078  0.1648E-01
 -1.068  0.1548E-01
 -1.058  0.1440E-01
 -1.048  0.1326E-01
 -1.038  0.1209E-01
 -1.028  0.1091E-01
 -1.018  0.9740E-02
 -1.008  0.8611E-02
 -0.998  0.7536E-02
 -0.988  0.6529E-02
 -0.978  0.5601E-02
 -0.968  0.4760E-02
 -0.958  0.4009E-02
 -0.948  0.3351E-02
 -0.938  0.2785E-02
 -0.928  0.2308E-02
 -0.918  0.1917E-02
 -0.908  0.1608E-02
 -0.898  0.1377E-02
 -0.888  0.1220E-02
 -0.878  0.1133E-02
 -0.868  0.1115E-02
 -0.858  0.1163E-02
 -0.848  0.1278E-02
 -0.838  0.1459E-02
 -0.828  0.1707E-02
 -0.818  0.2024E-02
 -0.808  0.2410E-02
 -0.798  0.2867E-02
 -0.788  0.3394E-02
 -0.778  0.3990E-02
 -0.768  0.4652E-02
 -0.758  0.5375E-02
 -0.748  0.6152E-02
 -0.738  0.6975E-02
 -0.728  0.7833E-02
 -0.718  0.8714E-02
 -0.708  0.9605E-02
 -0.698  0.1049E-01
 -0.688  0.1137E-01
 -0.678  0.1221E-01
 -0.668  0.1302E-01
 -0.658  0.1378E-01
 -0.648  0.1450E-01
 -0.638  0.1517E-01
 -0.628  0.1579E-01
 -0.618  0.1639E-01
 -0.608  0.1697E-01
 -0.598  0.1755E-01
 -0.588  0.1814E-01
 -0.578  0.1877E-01
 -0.568  0.1945E-01
 -0.558  0.2019E-01
 -0.548  0.2102E-01
 -0.538  0.2193E-01
 -0.528  0.2293E-01
 -0.518  0.2402E-01
 -0.508  0.2516E-01
 -0.498  0.2636E-01
 -0.488  0.2757E-01
 -0.478  0.2877E-01
 -0.468  0.2992E-01
 -0.458  0.3097E-01
 -0.448  0.3190E-01
 -0.438  0.3266E-01
 -0.428  0.3322E-01
 -0.418  0.3356E-01
 -0.408  0.3365E-01
 -0.398  0.3348E-01
 -0.388  0.3305E-01
 -0.378  0.3237E-01
 -0.368  0.3146E-01
 -0.358  0.3033E-01
 -0.348  0.2903E-01
 -0.338  0.2758E-01
 -0.328  0.2603E-01
 -0.318  0.2441E-01
 -0.308  0.2277E-01
 -0.298  0.2115E-01
 -0.288  0.1957E-01
 -0.278  0.1807E-01
 -0.268  0.1667E-01
 -0.258  0.1538E-01
 -0.248  0.1422E-01
 -0.238  0.1318E-01
 -0.228  0.1226E-01
 -0.218  0.1146E-01
 -0.208  0.1076E-01
 -0.198  0.1016E-01
 -0.188  0.9624E-02
 -0.178  0.9150E-02
 -0.168  0.8719E-02
 -0.158  0.8318E-02
 -0.148  0.7936E-02
 -0.138  0.7565E-02
 -0.128  0.7200E-02
 -0.118  0.6839E-02
 -0.108  0.6484E-02
 -0.098  0.6139E-02
 -0.088  0.5811E-02
 -0.078  0.5508E-02
 -0.068  0.5241E-02
 -0.058  0.5019E-02
 -0.048  0.4854E-02
 -0.038  0.4755E-02
 -0.028  0.4732E-02
 -0.018  0.4792E-02
 -0.008  0.4941E-02
  0.002  0.5182E-02
  0.012  0.5517E-02
  0.022  0.5944E-02
  0.032  0.6458E-02
  0.042  0.7055E-02
  0.052  0.7725E-02
  0.062  0.8458E-02
  0.072  0.9240E-02
  0.082  0.1006E-01
  0.092  0.1090E-01
  0.102  0.1174E-01
  0.112  0.1257E-01
  0.122  0.1337E-01
  0.132  0.1412E-01
  0.142  0.1482E-01
  0.152  0.1544E-01
  0.162  0.1597E-01
  0.172  0.1640E-01
  0.182  0.1674E-01
  0.192  0.1696E-01
  0.202  0.1707E-01
  0.212  0.1707E-01
  0.222  0.1697E-01
  0.232  0.1677E-01
  0.242  0.1647E-01
  0.252  0.1610E-01
  0.262  0.1566E-01
  0.272  0.1517E-01
  0.282  0.1464E-01
  0.292  0.1409E-01
  0.302  0.1353E-01
  0.312  0.1297E-01
  0.322  0.1242E-01
  0.332  0.1190E-01
  0.342  0.1140E-01
  0.352  0.1092E-01
  0.362  0.1048E-01
  0.372  0.1006E-01
  0.382  0.9669E-02
  0.392  0.9291E-02
  0.402  0.8922E-02
  0.412  0.8557E-02
  0.422  0.8189E-02
  0.432  0.7814E-02
  0.442  0.7427E-02
  0.452  0.7025E-02
  0.462  0.6609E-02
  0.472  0.6178E-02
  0.482  0.5735E-02
  0.492  0.5284E-02
  0.502  0.4829E-02
  0.512  0.4376E-02
  0.522  0.3931E-02
  0.532  0.3499E-02
  0.542  0.3085E-02
  0.552  0.2694E-02
  0.562  0.2330E-02
  0.572  0.1995E-02
  0.582  0.1691E-02
  0.592  0.1419E-02
  0.602  0.1178E-02
  0.612  0.9682E-03
  0.622  0.7874E-03
  0.632  0.6338E-03
  0.642  0.5048E-03
  0.652  0.3978E-03
  0.662  0.3102E-03
  0.672  0.2394E-03
  0.682  0.1828E-03
  0.692  0.1381E-03
  0.702  0.1032E-03
  0.712  0.7631E-04
  0.722  0.5584E-04
  0.732  0.4042E-04
  0.742  0.2895E-04
  0.752  0.2052E-04
  0.762  0.1439E-04
  0.772  0.9980E-05
  0.782  0.6849E-05
  0.792  0.4651E-05
  0.802  0.3125E-05
  0.812  0.2077E-05
  0.822  0.1366E-05
  0.832  0.8887E-06
  0.842  0.5721E-06
