 -5.548  0.8508E-10
 -5.538  0.1315E-09
 -5.528  0.2012E-09
 -5.518  0.3044E-09
 -5.508  0.4557E-09
 -5.498  0.6749E-09
 -5.488  0.9888E-09
 -5.478  0.1433E-08
 -5.468  0.2055E-08
 -5.458  0.2916E-08
 -5.448  0.4093E-08
 -5.438  0.5684E-08
 -5.428  0.7810E-08
 -5.418  0.1062E-07
 -5.408  0.1428E-07
 -5.398  0.1901E-07
 -5.388  0.2504E-07
 -5.378  0.3265E-07
 -5.368  0.4212E-07
 -5.358  0.5378E-07
 -5.348  0.6797E-07
 -5.338  0.8505E-07
 -5.328  0.1054E-06
 -5.318  0.1292E-06
 -5.308  0.1570E-06
 -5.298  0.1890E-06
 -5.288  0.2254E-06
 -5.278  0.2664E-06
 -5.268  0.3121E-06
 -5.258  0.3627E-06
 -5.248  0.4181E-06
 -5.238  0.4783E-06
 -5.228  0.5433E-06
 -5.218  0.6131E-06
 -5.208  0.6876E-06
 -5.198  0.7669E-06
 -5.188  0.8509E-06
 -5.178  0.9397E-06
 -5.168  0.1033E-05
 -5.158  0.1132E-05
 -5.148  0.1236E-05
 -5.138  0.1345E-05
 -5.128  0.1459E-05
 -5.118  0.1578E-05
 -5.108  0.1701E-05
 -5.098  0.1828E-05
 -5.088  0.1957E-05
 -5.078  0.2088E-05
 -5.068  0.2217E-05
 -5.058  0.2344E-05
 -5.048  0.2466E-05
 -5.038  0.2580E-05
 -5.028  0.2685E-05
 -5.018  0.2777E-05
 -5.008  0.2854E-05
 -4.998  0.2916E-05
 -4.988  0.2960E-05
 -4.978  0.2986E-05
 -4.968  0.2994E-05
 -4.958  0.2984E-05
 -4.948  0.2957E-05
 -4.938  0.2916E-05
 -4.928  0.2862E-05
 -4.918  0.2799E-05
 -4.908  0.2728E-05
 -4.898  0.2653E-05
 -4.888  0.2576E-05
 -4.878  0.2501E-05
 -4.868  0.2428E-05
 -4.858  0.2360E-05
 -4.848  0.2298E-05
 -4.838  0.2241E-05
 -4.828  0.2191E-05
 -4.818  0.2146E-05
 -4.808  0.2105E-05
 -4.798  0.2067E-05
 -4.788  0.2029E-05
 -4.778  0.1991E-05
 -4.768  0.1950E-05
 -4.758  0.1905E-05
 -4.748  0.1853E-05
 -4.738  0.1795E-05
 -4.728  0.1730E-05
 -4.718  0.1656E-05
 -4.708  0.1575E-05
 -4.698  0.1486E-05
 -4.688  0.1392E-05
 -4.678  0.1292E-05
 -4.668  0.1190E-05
 -4.658  0.1085E-05
 -4.648  0.9808E-06
 -4.638  0.8780E-06
 -4.628  0.7784E-06
 -4.618  0.6833E-06
 -4.608  0.5939E-06
 -4.598  0.5109E-06
 -4.588  0.4351E-06
 -4.578  0.3667E-06
 -4.568  0.3059E-06
 -4.558  0.2525E-06
 -4.548  0.2063E-06
 -4.538  0.1668E-06
 -4.528  0.1334E-06
 -4.518  0.1056E-06
 -4.508  0.8266E-07
 -4.498  0.6404E-07
 -4.488  0.4909E-07
 -4.478  0.3723E-07
 -4.468  0.2793E-07
 -4.458  0.2074E-07
 -4.448  0.1523E-07
 -4.438  0.1106E-07
 -4.428  0.7953E-08
 -4.418  0.5655E-08
 -4.408  0.3978E-08
 -4.398  0.2769E-08
 -4.388  0.1906E-08
 -4.378  0.1298E-08
 -4.368  0.8749E-09
 -4.358  0.5832E-09
 -4.348  0.3846E-09
 -4.338  0.2509E-09
 -4.328  0.1619E-09
 -4.318  0.1034E-09
 -4.308  0.6529E-10
 -4.298  0.4079E-10
 -4.288  0.2521E-10
 -4.278  0.1542E-10
 -4.268  0.9326E-11
 -4.258  0.5581E-11
 -4.248  0.3304E-11
 -4.238  0.1935E-11
 -4.228  0.1121E-11
 -4.218  0.6423E-12
 -4.208  0.3641E-12
 -4.198  0.2042E-12
 -4.188  0.1133E-12
 -4.178  0.6219E-13
 -4.168  0.3377E-13
 -4.158  0.1814E-13
 -4.148  0.9638E-14
 -4.138  0.5066E-14
 -4.128  0.2634E-14
 -4.118  0.1355E-14
 -4.108  0.6897E-15
 -4.098  0.3472E-15
 -4.088  0.1729E-15
 -4.078  0.8518E-16
 -4.068  0.4152E-16
 -4.058  0.2002E-16
 -4.048  0.9547E-17
 -4.038  0.4504E-17
 -4.028  0.2102E-17
 -4.018  0.9708E-18
 -4.008  0.4434E-18
 -3.998  0.2004E-18
 -3.988  0.8957E-19
 -3.978  0.3961E-19
 -3.968  0.1733E-19
 -3.958  0.7499E-20
 -3.948  0.3210E-20
 -3.938  0.1360E-20
 -3.928  0.5696E-21
 -3.918  0.2361E-21
 -3.908  0.9679E-22
 -3.898  0.3926E-22
 -3.888  0.1575E-22
 -3.878  0.6252E-23
 -3.868  0.2455E-23
 -3.858  0.9537E-24
 -3.848  0.3665E-24
 -3.838  0.1393E-24
 -3.828  0.5239E-25
 -3.818  0.1949E-25
 -3.808  0.7172E-26
 -3.798  0.2611E-26
 -3.788  0.9404E-27
 -3.778  0.3350E-27
 -3.768  0.1181E-27
 -3.758  0.4117E-28
 -3.748  0.1420E-28
 -3.738  0.4846E-29
 -3.728  0.1636E-29
 -3.718  0.5461E-30
 -3.708  0.1804E-30
 -3.698  0.5895E-31
 -3.688  0.1906E-31
 -3.678  0.6095E-32
 -3.668  0.1928E-32
 -3.658  0.6034E-33
 -3.648  0.1868E-33
 -3.638  0.5721E-34
 -3.628  0.1733E-34
 -3.618  0.5196E-35
 -3.608  0.1541E-35
 -3.598  0.4519E-36
 -3.588  0.1311E-36
 -3.578  0.3764E-37
 -3.568  0.1069E-37
 -3.558  0.3002E-38
 -3.548  0.8342E-39
 -3.538  0.2293E-39
 -3.528  0.6237E-40
 -3.518  0.1678E-40
 -3.508  0.4466E-41
 -3.498  0.1176E-41
 -3.488  0.3062E-42
 -3.478  0.7889E-43
 -3.468  0.2011E-43
 -3.458  0.5070E-44
 -3.448  0.1265E-44
 -3.438  0.3121E-45
 -3.428  0.7618E-46
 -3.418  0.1839E-46
 -3.408  0.4394E-47
 -3.398  0.1038E-47
 -3.388  0.2428E-48
 -3.378  0.5614E-49
 -3.368  0.1284E-49
 -3.358  0.2907E-50
 -3.348  0.6508E-51
 -3.338  0.1441E-51
 -3.328  0.3158E-52
 -3.318  0.6846E-53
 -3.308  0.1468E-53
 -3.298  0.3114E-54
 -3.288  0.6533E-55
 -3.278  0.1356E-55
 -3.268  0.2785E-56
 -3.258  0.5658E-57
 -3.248  0.1137E-57
 -3.238  0.2260E-58
 -3.228  0.4445E-59
 -3.218  0.8649E-60
 -3.208  0.1665E-60
 -3.198  0.3169E-61
 -3.188  0.5969E-62
 -3.178  0.1112E-62
 -3.168  0.2050E-63
 -3.158  0.3738E-64
 -3.148  0.6743E-65
 -3.138  0.1203E-65
 -3.128  0.2124E-66
 -3.118  0.3709E-67
 -3.108  0.6408E-68
 -3.098  0.1095E-68
 -3.088  0.1851E-69
 -3.078  0.3096E-70
 -3.068  0.5123E-71
 -3.058  0.8384E-72
 -3.048  0.1357E-72
 -3.038  0.2174E-73
 -3.028  0.3445E-74
 -3.018  0.5400E-75
 -3.008  0.8387E-76
 -2.998  0.1377E-76
 -2.988  0.8156E-77
 -2.978  0.4144E-76
 -2.968  0.2699E-75
 -2.958  0.1751E-74
 -2.948  0.1124E-73
 -2.938  0.7135E-73
 -2.928  0.4482E-72
 -2.918  0.2785E-71
 -2.908  0.1712E-70
 -2.898  0.1041E-69
 -2.888  0.6262E-69
 -2.878  0.3726E-68
 -2.868  0.2194E-67
 -2.858  0.1277E-66
 -2.848  0.7360E-66
 -2.838  0.4194E-65
 -2.828  0.2365E-64
 -2.818  0.1319E-63
 -2.808  0.7277E-63
 -2.798  0.3972E-62
 -2.788  0.2145E-61
 -2.778  0.1145E-60
 -2.768  0.6053E-60
 -2.758  0.3164E-59
 -2.748  0.1636E-58
 -2.738  0.8369E-58
 -2.728  0.4235E-57
 -2.718  0.2120E-56
 -2.708  0.1050E-55
 -2.698  0.5144E-55
 -2.688  0.2493E-54
 -2.678  0.1195E-53
 -2.668  0.5669E-53
 -2.658  0.2660E-52
 -2.648  0.1235E-51
 -2.638  0.5669E-51
 -2.628  0.2575E-50
 -2.618  0.1157E-49
 -2.608  0.5143E-49
 -2.598  0.2262E-48
 -2.588  0.9839E-48
 -2.578  0.4234E-47
 -2.568  0.1803E-46
 -2.558  0.7591E-46
 -2.548  0.3163E-45
 -2.538  0.1303E-44
 -2.528  0.5314E-44
 -2.518  0.2143E-43
 -2.508  0.8552E-43
 -2.498  0.3376E-42
 -2.488  0.1318E-41
 -2.478  0.5091E-41
 -2.468  0.1945E-40
 -2.458  0.7354E-40
 -2.448  0.2750E-39
 -2.438  0.1017E-38
 -2.428  0.3723E-38
 -2.418  0.1348E-37
 -2.408  0.4827E-37
 -2.398  0.1710E-36
 -2.388  0.5994E-36
 -2.378  0.2078E-35
 -2.368  0.7128E-35
 -2.358  0.2418E-34
 -2.348  0.8118E-34
 -2.338  0.2695E-33
 -2.328  0.8854E-33
 -2.318  0.2877E-32
 -2.308  0.9249E-32
 -2.298  0.2941E-31
 -2.288  0.9253E-31
 -2.278  0.2879E-30
 -2.268  0.8865E-30
 -2.258  0.2700E-29
 -2.248  0.8134E-29
 -2.238  0.2424E-28
 -2.228  0.7148E-28
 -2.218  0.2085E-27
 -2.208  0.6016E-27
 -2.198  0.1717E-26
 -2.188  0.4848E-26
 -2.178  0.1354E-25
 -2.168  0.3743E-25
 -2.158  0.1023E-24
 -2.148  0.2767E-24
 -2.138  0.7402E-24
 -2.128  0.1959E-23
 -2.118  0.5128E-23
 -2.108  0.1328E-22
 -2.098  0.3403E-22
 -2.088  0.8625E-22
 -2.078  0.2162E-21
 -2.068  0.5364E-21
 -2.058  0.1316E-20
 -2.048  0.3195E-20
 -2.038  0.7671E-20
 -2.028  0.1822E-19
 -2.018  0.4282E-19
 -2.008  0.9955E-19
 -1.998  0.2289E-18
 -1.988  0.5208E-18
 -1.978  0.1172E-17
 -1.968  0.2610E-17
 -1.958  0.5748E-17
 -1.948  0.1252E-16
 -1.938  0.2699E-16
 -1.928  0.5756E-16
 -1.918  0.1214E-15
 -1.908  0.2534E-15
 -1.898  0.5230E-15
 -1.888  0.1068E-14
 -1.878  0.2158E-14
 -1.868  0.4312E-14
 -1.858  0.8525E-14
 -1.848  0.1667E-13
 -1.838  0.3226E-13
 -1.828  0.6175E-13
 -1.818  0.1169E-12
 -1.808  0.2190E-12
 -1.798  0.4059E-12
 -1.788  0.7441E-12
 -1.778  0.1350E-11
 -1.768  0.2421E-11
 -1.758  0.4298E-11
 -1.748  0.7546E-11
 -1.738  0.1311E-10
 -1.728  0.2253E-10
 -1.718  0.3830E-10
 -1.708  0.6442E-10
 -1.698  0.1072E-09
 -1.688  0.1765E-09
 -1.678  0.2874E-09
 -1.668  0.4631E-09
 -1.658  0.7383E-09
 -1.648  0.1164E-08
 -1.638  0.1817E-08
 -1.628  0.2806E-08
 -1.618  0.4286E-08
 -1.608  0.6477E-08
 -1.598  0.9686E-08
 -1.588  0.1433E-07
 -1.578  0.2099E-07
 -1.568  0.3041E-07
 -1.558  0.4359E-07
 -1.548  0.6185E-07
 -1.538  0.8684E-07
 -1.528  0.1207E-06
 -1.518  0.1660E-06
 -1.508  0.2259E-06
 -1.498  0.3044E-06
 -1.488  0.4060E-06
 -1.478  0.5360E-06
 -1.468  0.7007E-06
 -1.458  0.9070E-06
 -1.448  0.1162E-05
 -1.438  0.1475E-05
 -1.428  0.1855E-05
 -1.418  0.2309E-05
 -1.408  0.2849E-05
 -1.398  0.3482E-05
 -1.388  0.4217E-05
 -1.378  0.5061E-05
 -1.368  0.6021E-05
 -1.358  0.7101E-05
 -1.348  0.8304E-05
 -1.338  0.9629E-05
 -1.328  0.1107E-04
 -1.318  0.1263E-04
 -1.308  0.1430E-04
 -1.298  0.1606E-04
 -1.288  0.1789E-04
 -1.278  0.1978E-04
 -1.268  0.2171E-04
 -1.258  0.2366E-04
 -1.248  0.2558E-04
 -1.238  0.2746E-04
 -1.228  0.2925E-04
 -1.218  0.3094E-04
 -1.208  0.3247E-04
 -1.198  0.3383E-04
 -1.188  0.3498E-04
 -1.178  0.3588E-04
 -1.168  0.3652E-04
 -1.158  0.3688E-04
 -1.148  0.3694E-04
 -1.138  0.3669E-04
 -1.128  0.3614E-04
 -1.118  0.3530E-04
 -1.108  0.3417E-04
 -1.098  0.3279E-04
 -1.088  0.3118E-04
 -1.078  0.2938E-04
 -1.068  0.2743E-04
 -1.058  0.2537E-04
 -1.048  0.2325E-04
 -1.038  0.2109E-04
 -1.028  0.1896E-04
 -1.018  0.1687E-04
 -1.008  0.1487E-04
 -0.998  0.1299E-04
 -0.988  0.1123E-04
 -0.978  0.9634E-05
 -0.968  0.8195E-05
 -0.958  0.6926E-05
 -0.948  0.5831E-05
 -0.938  0.4910E-05
 -0.928  0.4161E-05
 -0.918  0.3584E-05
 -0.908  0.3177E-05
 -0.898  0.2940E-05
 -0.888  0.2874E-05
 -0.878  0.2985E-05
 -0.868  0.3280E-05
 -0.858  0.3768E-05
 -0.848  0.4463E-05
 -0.838  0.5381E-05
 -0.828  0.6537E-05
 -0.818  0.7948E-05
 -0.808  0.9630E-05
 -0.798  0.1159E-04
 -0.788  0.1385E-04
 -0.778  0.1640E-04
 -0.768  0.1925E-04
 -0.758  0.2237E-04
 -0.748  0.2574E-04
 -0.738  0.2934E-04
 -0.728  0.3312E-04
 -0.718  0.3702E-04
 -0.708  0.4100E-04
 -0.698  0.4497E-04
 -0.688  0.4889E-04
 -0.678  0.5267E-04
 -0.668  0.5627E-04
 -0.658  0.5961E-04
 -0.648  0.6265E-04
 -0.638  0.6537E-04
 -0.628  0.6775E-04
 -0.618  0.6978E-04
 -0.608  0.7148E-04
 -0.598  0.7290E-04
 -0.588  0.7407E-04
 -0.578  0.7507E-04
 -0.568  0.7595E-04
 -0.558  0.7680E-04
 -0.548  0.7767E-04
 -0.538  0.7864E-04
 -0.528  0.7976E-04
 -0.518  0.8105E-04
 -0.508  0.8254E-04
 -0.498  0.8423E-04
 -0.488  0.8608E-04
 -0.478  0.8805E-04
 -0.468  0.9007E-04
 -0.458  0.9207E-04
 -0.448  0.9395E-04
 -0.438  0.9562E-04
 -0.428  0.9698E-04
 -0.418  0.9794E-04
 -0.408  0.9842E-04
 -0.398  0.9836E-04
 -0.388  0.9772E-04
 -0.378  0.9647E-04
 -0.368  0.9462E-04
 -0.358  0.9219E-04
 -0.348  0.8924E-04
 -0.338  0.8581E-04
 -0.328  0.8201E-04
 -0.318  0.7790E-04
 -0.308  0.7360E-04
 -0.298  0.6920E-04
 -0.288  0.6479E-04
 -0.278  0.6046E-04
 -0.268  0.5628E-04
 -0.258  0.5231E-04
 -0.248  0.4859E-04
 -0.238  0.4517E-04
 -0.228  0.4204E-04
 -0.218  0.3921E-04
 -0.208  0.3668E-04
 -0.198  0.3441E-04
 -0.188  0.3240E-04
 -0.178  0.3060E-04
 -0.168  0.2899E-04
 -0.158  0.2755E-04
 -0.148  0.2627E-04
 -0.138  0.2515E-04
 -0.128  0.2418E-04
 -0.118  0.2339E-04
 -0.108  0.2280E-04
 -0.098  0.2246E-04
 -0.088  0.2242E-04
 -0.078  0.2275E-04
 -0.068  0.2352E-04
 -0.058  0.2480E-04
 -0.048  0.2667E-04
 -0.038  0.2921E-04
 -0.028  0.3251E-04
 -0.018  0.3663E-04
 -0.008  0.4162E-04
  0.002  0.4755E-04
  0.012  0.5444E-04
  0.022  0.6232E-04
  0.032  0.7116E-04
  0.042  0.8096E-04
  0.052  0.9165E-04
  0.062  0.1032E-03
  0.072  0.1154E-03
  0.082  0.1282E-03
  0.092  0.1415E-03
  0.102  0.1551E-03
  0.112  0.1688E-03
  0.122  0.1825E-03
  0.132  0.1959E-03
  0.142  0.2088E-03
  0.152  0.2212E-03
  0.162  0.2329E-03
  0.172  0.2436E-03
  0.182  0.2535E-03
  0.192  0.2624E-03
  0.202  0.2703E-03
  0.212  0.2773E-03
  0.222  0.2835E-03
  0.232  0.2890E-03
  0.242  0.2940E-03
  0.252  0.2986E-03
  0.262  0.3032E-03
  0.272  0.3079E-03
  0.282  0.3128E-03
  0.292  0.3181E-03
  0.302  0.3238E-03
  0.312  0.3301E-03
  0.322  0.3367E-03
  0.332  0.3436E-03
  0.342  0.3505E-03
  0.352  0.3571E-03
  0.362  0.3632E-03
  0.372  0.3683E-03
  0.382  0.3721E-03
  0.392  0.3741E-03
  0.402  0.3741E-03
  0.412  0.3717E-03
  0.422  0.3668E-03
  0.432  0.3593E-03
  0.442  0.3490E-03
  0.452  0.3363E-03
  0.462  0.3211E-03
  0.472  0.3038E-03
  0.482  0.2847E-03
  0.492  0.2643E-03
  0.502  0.2430E-03
  0.512  0.2211E-03
  0.522  0.1992E-03
  0.532  0.1776E-03
  0.542  0.1568E-03
  0.552  0.1369E-03
  0.562  0.1184E-03
  0.572  0.1013E-03
  0.582  0.8572E-04
  0.592  0.7180E-04
  0.602  0.5951E-04
  0.612  0.4880E-04
  0.622  0.3960E-04
  0.632  0.3179E-04
  0.642  0.2525E-04
  0.652  0.1985E-04
  0.662  0.1543E-04
  0.672  0.1187E-04
  0.682  0.9039E-05
  0.692  0.6807E-05
  0.702  0.5072E-05
  0.712  0.3740E-05
  0.722  0.2728E-05
  0.732  0.1968E-05
  0.742  0.1405E-05
  0.752  0.9928E-06
  0.762  0.6939E-06
  0.772  0.4798E-06
  0.782  0.3282E-06
  0.792  0.2222E-06
  0.802  0.1488E-06
  0.812  0.9858E-07
  0.822  0.6462E-07
  0.832  0.4191E-07
  0.842  0.2689E-07
