 -5.548  0.1470E-06
 -5.538  0.2272E-06
 -5.528  0.3474E-06
 -5.518  0.5257E-06
 -5.508  0.7868E-06
 -5.498  0.1165E-05
 -5.488  0.1706E-05
 -5.478  0.2473E-05
 -5.468  0.3545E-05
 -5.458  0.5027E-05
 -5.448  0.7054E-05
 -5.438  0.9791E-05
 -5.428  0.1344E-04
 -5.418  0.1827E-04
 -5.408  0.2455E-04
 -5.398  0.3265E-04
 -5.388  0.4295E-04
 -5.378  0.5591E-04
 -5.368  0.7201E-04
 -5.358  0.9177E-04
 -5.348  0.1157E-03
 -5.338  0.1444E-03
 -5.328  0.1783E-03
 -5.318  0.2179E-03
 -5.308  0.2636E-03
 -5.298  0.3157E-03
 -5.288  0.3742E-03
 -5.278  0.4391E-03
 -5.268  0.5103E-03
 -5.258  0.5874E-03
 -5.248  0.6697E-03
 -5.238  0.7567E-03
 -5.228  0.8475E-03
 -5.218  0.9410E-03
 -5.208  0.1037E-02
 -5.198  0.1133E-02
 -5.188  0.1230E-02
 -5.178  0.1326E-02
 -5.168  0.1421E-02
 -5.158  0.1515E-02
 -5.148  0.1608E-02
 -5.138  0.1701E-02
 -5.128  0.1794E-02
 -5.118  0.1888E-02
 -5.108  0.1984E-02
 -5.098  0.2085E-02
 -5.088  0.2190E-02
 -5.078  0.2303E-02
 -5.068  0.2423E-02
 -5.058  0.2553E-02
 -5.048  0.2693E-02
 -5.038  0.2843E-02
 -5.028  0.3005E-02
 -5.018  0.3177E-02
 -5.008  0.3359E-02
 -4.998  0.3550E-02
 -4.988  0.3748E-02
 -4.978  0.3951E-02
 -4.968  0.4158E-02
 -4.958  0.4365E-02
 -4.948  0.4570E-02
 -4.938  0.4770E-02
 -4.928  0.4962E-02
 -4.918  0.5143E-02
 -4.908  0.5310E-02
 -4.898  0.5461E-02
 -4.888  0.5592E-02
 -4.878  0.5703E-02
 -4.868  0.5790E-02
 -4.858  0.5853E-02
 -4.848  0.5891E-02
 -4.838  0.5903E-02
 -4.828  0.5888E-02
 -4.818  0.5846E-02
 -4.808  0.5778E-02
 -4.798  0.5684E-02
 -4.788  0.5565E-02
 -4.778  0.5421E-02
 -4.768  0.5254E-02
 -4.758  0.5066E-02
 -4.748  0.4857E-02
 -4.738  0.4630E-02
 -4.728  0.4387E-02
 -4.718  0.4131E-02
 -4.708  0.3865E-02
 -4.698  0.3591E-02
 -4.688  0.3312E-02
 -4.678  0.3032E-02
 -4.668  0.2755E-02
 -4.658  0.2483E-02
 -4.648  0.2219E-02
 -4.638  0.1966E-02
 -4.628  0.1727E-02
 -4.618  0.1504E-02
 -4.608  0.1297E-02
 -4.598  0.1109E-02
 -4.588  0.9388E-03
 -4.578  0.7872E-03
 -4.568  0.6536E-03
 -4.558  0.5374E-03
 -4.548  0.4374E-03
 -4.538  0.3525E-03
 -4.528  0.2811E-03
 -4.518  0.2219E-03
 -4.508  0.1734E-03
 -4.498  0.1341E-03
 -4.488  0.1026E-03
 -4.478  0.7772E-04
 -4.468  0.5824E-04
 -4.458  0.4319E-04
 -4.448  0.3169E-04
 -4.438  0.2300E-04
 -4.428  0.1652E-04
 -4.418  0.1174E-04
 -4.408  0.8257E-05
 -4.398  0.5744E-05
 -4.388  0.3953E-05
 -4.378  0.2692E-05
 -4.368  0.1813E-05
 -4.358  0.1208E-05
 -4.348  0.7968E-06
 -4.338  0.5197E-06
 -4.328  0.3354E-06
 -4.318  0.2141E-06
 -4.308  0.1352E-06
 -4.298  0.8448E-07
 -4.288  0.5221E-07
 -4.278  0.3193E-07
 -4.268  0.1931E-07
 -4.258  0.1156E-07
 -4.248  0.6841E-08
 -4.238  0.4006E-08
 -4.228  0.2321E-08
 -4.218  0.1330E-08
 -4.208  0.7542E-09
 -4.198  0.4230E-09
 -4.188  0.2347E-09
 -4.178  0.1288E-09
 -4.168  0.6995E-10
 -4.158  0.3758E-10
 -4.148  0.1997E-10
 -4.138  0.1050E-10
 -4.128  0.5459E-11
 -4.118  0.2808E-11
 -4.108  0.1429E-11
 -4.098  0.7196E-12
 -4.088  0.3584E-12
 -4.078  0.1766E-12
 -4.068  0.8607E-13
 -4.058  0.4150E-13
 -4.048  0.1979E-13
 -4.038  0.9340E-14
 -4.028  0.4360E-14
 -4.018  0.2013E-14
 -4.008  0.9197E-15
 -3.998  0.4156E-15
 -3.988  0.1858E-15
 -3.978  0.8218E-16
 -3.968  0.3595E-16
 -3.958  0.1556E-16
 -3.948  0.6662E-17
 -3.938  0.2822E-17
 -3.928  0.1182E-17
 -3.918  0.4900E-18
 -3.908  0.2009E-18
 -3.898  0.8150E-19
 -3.888  0.3270E-19
 -3.878  0.1298E-19
 -3.868  0.5098E-20
 -3.858  0.1981E-20
 -3.848  0.7611E-21
 -3.838  0.2894E-21
 -3.828  0.1088E-21
 -3.818  0.4049E-22
 -3.808  0.1490E-22
 -3.798  0.5425E-23
 -3.788  0.1954E-23
 -3.778  0.6963E-24
 -3.768  0.2454E-24
 -3.758  0.8558E-25
 -3.748  0.2952E-25
 -3.738  0.1007E-25
 -3.728  0.3400E-26
 -3.718  0.1136E-26
 -3.708  0.3751E-27
 -3.698  0.1226E-27
 -3.688  0.3964E-28
 -3.678  0.1268E-28
 -3.668  0.4011E-29
 -3.658  0.1255E-29
 -3.648  0.3886E-30
 -3.638  0.1190E-30
 -3.628  0.3607E-31
 -3.618  0.1081E-31
 -3.608  0.3206E-32
 -3.598  0.9404E-33
 -3.588  0.2729E-33
 -3.578  0.7834E-34
 -3.568  0.2225E-34
 -3.558  0.6250E-35
 -3.548  0.1737E-35
 -3.538  0.4776E-36
 -3.528  0.1299E-36
 -3.518  0.3495E-37
 -3.508  0.9301E-38
 -3.498  0.2449E-38
 -3.488  0.6379E-39
 -3.478  0.1644E-39
 -3.468  0.4190E-40
 -3.458  0.1057E-40
 -3.448  0.2635E-41
 -3.438  0.6504E-42
 -3.428  0.1588E-42
 -3.418  0.3834E-43
 -3.408  0.9160E-44
 -3.398  0.2165E-44
 -3.388  0.5061E-45
 -3.378  0.1171E-45
 -3.368  0.2678E-46
 -3.358  0.6062E-47
 -3.348  0.1357E-47
 -3.338  0.3007E-48
 -3.328  0.6588E-49
 -3.318  0.1428E-49
 -3.308  0.3062E-50
 -3.298  0.6497E-51
 -3.288  0.1363E-51
 -3.278  0.2830E-52
 -3.268  0.5812E-53
 -3.258  0.1181E-53
 -3.248  0.2373E-54
 -3.238  0.4719E-55
 -3.228  0.9281E-56
 -3.218  0.1806E-56
 -3.208  0.3476E-57
 -3.198  0.6618E-58
 -3.188  0.1247E-58
 -3.178  0.2323E-59
 -3.168  0.4282E-60
 -3.158  0.7809E-61
 -3.148  0.1409E-61
 -3.138  0.2514E-62
 -3.128  0.4438E-63
 -3.118  0.7751E-64
 -3.108  0.1339E-64
 -3.098  0.2289E-65
 -3.088  0.3869E-66
 -3.078  0.6472E-67
 -3.068  0.1071E-67
 -3.058  0.1753E-68
 -3.048  0.2838E-69
 -3.038  0.4546E-70
 -3.028  0.7204E-71
 -3.018  0.1129E-71
 -3.008  0.1751E-72
 -2.998  0.2691E-73
 -2.988  0.4384E-74
 -2.978  0.2648E-74
 -2.968  0.1344E-73
 -2.958  0.8665E-73
 -2.948  0.5561E-72
 -2.938  0.3531E-71
 -2.928  0.2218E-70
 -2.918  0.1378E-69
 -2.908  0.8470E-69
 -2.898  0.5151E-68
 -2.888  0.3098E-67
 -2.878  0.1844E-66
 -2.868  0.1085E-65
 -2.858  0.6321E-65
 -2.848  0.3642E-64
 -2.838  0.2075E-63
 -2.828  0.1170E-62
 -2.818  0.6526E-62
 -2.808  0.3601E-61
 -2.798  0.1965E-60
 -2.788  0.1061E-59
 -2.778  0.5668E-59
 -2.768  0.2995E-58
 -2.758  0.1566E-57
 -2.748  0.8096E-57
 -2.738  0.4141E-56
 -2.728  0.2096E-55
 -2.718  0.1049E-54
 -2.708  0.5196E-54
 -2.698  0.2545E-53
 -2.688  0.1234E-52
 -2.678  0.5915E-52
 -2.668  0.2805E-51
 -2.658  0.1316E-50
 -2.648  0.6109E-50
 -2.638  0.2805E-49
 -2.628  0.1274E-48
 -2.618  0.5725E-48
 -2.608  0.2545E-47
 -2.598  0.1119E-46
 -2.588  0.4868E-46
 -2.578  0.2095E-45
 -2.568  0.8919E-45
 -2.558  0.3756E-44
 -2.548  0.1565E-43
 -2.538  0.6450E-43
 -2.528  0.2630E-42
 -2.518  0.1061E-41
 -2.508  0.4232E-41
 -2.498  0.1670E-40
 -2.488  0.6522E-40
 -2.478  0.2519E-39
 -2.468  0.9627E-39
 -2.458  0.3639E-38
 -2.448  0.1361E-37
 -2.438  0.5034E-37
 -2.428  0.1842E-36
 -2.418  0.6669E-36
 -2.408  0.2389E-35
 -2.398  0.8462E-35
 -2.388  0.2966E-34
 -2.378  0.1028E-33
 -2.368  0.3527E-33
 -2.358  0.1197E-32
 -2.348  0.4017E-32
 -2.338  0.1334E-31
 -2.328  0.4381E-31
 -2.318  0.1424E-30
 -2.308  0.4577E-30
 -2.298  0.1455E-29
 -2.288  0.4578E-29
 -2.278  0.1425E-28
 -2.268  0.4387E-28
 -2.258  0.1336E-27
 -2.248  0.4025E-27
 -2.238  0.1200E-26
 -2.228  0.3537E-26
 -2.218  0.1032E-25
 -2.208  0.2977E-25
 -2.198  0.8497E-25
 -2.188  0.2399E-24
 -2.178  0.6702E-24
 -2.168  0.1852E-23
 -2.158  0.5063E-23
 -2.148  0.1369E-22
 -2.138  0.3663E-22
 -2.128  0.9694E-22
 -2.118  0.2538E-21
 -2.108  0.6573E-21
 -2.098  0.1684E-20
 -2.088  0.4268E-20
 -2.078  0.1070E-19
 -2.068  0.2655E-19
 -2.058  0.6514E-19
 -2.048  0.1581E-18
 -2.038  0.3797E-18
 -2.028  0.9020E-18
 -2.018  0.2120E-17
 -2.008  0.4928E-17
 -1.998  0.1133E-16
 -1.988  0.2578E-16
 -1.978  0.5803E-16
 -1.968  0.1292E-15
 -1.958  0.2846E-15
 -1.948  0.6202E-15
 -1.938  0.1337E-14
 -1.928  0.2851E-14
 -1.918  0.6014E-14
 -1.908  0.1255E-13
 -1.898  0.2591E-13
 -1.888  0.5292E-13
 -1.878  0.1069E-12
 -1.868  0.2138E-12
 -1.858  0.4227E-12
 -1.848  0.8269E-12
 -1.838  0.1600E-11
 -1.828  0.3064E-11
 -1.818  0.5804E-11
 -1.808  0.1088E-10
 -1.798  0.2016E-10
 -1.788  0.3698E-10
 -1.778  0.6711E-10
 -1.768  0.1205E-09
 -1.758  0.2140E-09
 -1.748  0.3760E-09
 -1.738  0.6537E-09
 -1.728  0.1125E-08
 -1.718  0.1914E-08
 -1.708  0.3223E-08
 -1.698  0.5370E-08
 -1.688  0.8854E-08
 -1.678  0.1444E-07
 -1.668  0.2332E-07
 -1.658  0.3725E-07
 -1.648  0.5888E-07
 -1.638  0.9212E-07
 -1.628  0.1426E-06
 -1.618  0.2186E-06
 -1.608  0.3316E-06
 -1.598  0.4978E-06
 -1.588  0.7399E-06
 -1.578  0.1089E-05
 -1.568  0.1586E-05
 -1.558  0.2288E-05
 -1.548  0.3268E-05
 -1.538  0.4622E-05
 -1.528  0.6476E-05
 -1.518  0.8987E-05
 -1.508  0.1236E-04
 -1.498  0.1683E-04
 -1.488  0.2272E-04
 -1.478  0.3040E-04
 -1.468  0.4032E-04
 -1.458  0.5301E-04
 -1.448  0.6911E-04
 -1.438  0.8934E-04
 -1.428  0.1146E-03
 -1.418  0.1457E-03
 -1.408  0.1839E-03
 -1.398  0.2302E-03
 -1.388  0.2860E-03
 -1.378  0.3526E-03
 -1.368  0.4315E-03
 -1.358  0.5242E-03
 -1.348  0.6319E-03
 -1.338  0.7563E-03
 -1.328  0.8983E-03
 -1.318  0.1059E-02
 -1.308  0.1239E-02
 -1.298  0.1439E-02
 -1.288  0.1659E-02
 -1.278  0.1897E-02
 -1.268  0.2152E-02
 -1.258  0.2422E-02
 -1.248  0.2704E-02
 -1.238  0.2993E-02
 -1.228  0.3285E-02
 -1.218  0.3575E-02
 -1.208  0.3857E-02
 -1.198  0.4123E-02
 -1.188  0.4369E-02
 -1.178  0.4587E-02
 -1.168  0.4771E-02
 -1.158  0.4915E-02
 -1.148  0.5016E-02
 -1.138  0.5070E-02
 -1.128  0.5075E-02
 -1.118  0.5030E-02
 -1.108  0.4935E-02
 -1.098  0.4795E-02
 -1.088  0.4611E-02
 -1.078  0.4390E-02
 -1.068  0.4137E-02
 -1.058  0.3858E-02
 -1.048  0.3562E-02
 -1.038  0.3254E-02
 -1.028  0.2943E-02
 -1.018  0.2633E-02
 -1.008  0.2332E-02
 -0.998  0.2044E-02
 -0.988  0.1773E-02
 -0.978  0.1523E-02
 -0.968  0.1295E-02
 -0.958  0.1092E-02
 -0.948  0.9127E-03
 -0.938  0.7579E-03
 -0.928  0.6270E-03
 -0.918  0.5190E-03
 -0.908  0.4328E-03
 -0.898  0.3673E-03
 -0.888  0.3212E-03
 -0.878  0.2937E-03
 -0.868  0.2841E-03
 -0.858  0.2919E-03
 -0.848  0.3169E-03
 -0.838  0.3592E-03
 -0.828  0.4190E-03
 -0.818  0.4968E-03
 -0.808  0.5931E-03
 -0.798  0.7083E-03
 -0.788  0.8428E-03
 -0.778  0.9966E-03
 -0.768  0.1170E-02
 -0.758  0.1361E-02
 -0.748  0.1570E-02
 -0.738  0.1795E-02
 -0.728  0.2034E-02
 -0.718  0.2284E-02
 -0.708  0.2544E-02
 -0.698  0.2810E-02
 -0.688  0.3079E-02
 -0.678  0.3349E-02
 -0.668  0.3618E-02
 -0.658  0.3884E-02
 -0.648  0.4147E-02
 -0.638  0.4407E-02
 -0.628  0.4664E-02
 -0.618  0.4922E-02
 -0.608  0.5183E-02
 -0.598  0.5451E-02
 -0.588  0.5731E-02
 -0.578  0.6026E-02
 -0.568  0.6340E-02
 -0.558  0.6678E-02
 -0.548  0.7041E-02
 -0.538  0.7430E-02
 -0.528  0.7843E-02
 -0.518  0.8278E-02
 -0.508  0.8730E-02
 -0.498  0.9189E-02
 -0.488  0.9647E-02
 -0.478  0.1009E-01
 -0.468  0.1051E-01
 -0.458  0.1090E-01
 -0.448  0.1123E-01
 -0.438  0.1150E-01
 -0.428  0.1170E-01
 -0.418  0.1181E-01
 -0.408  0.1184E-01
 -0.398  0.1177E-01
 -0.388  0.1161E-01
 -0.378  0.1137E-01
 -0.368  0.1104E-01
 -0.358  0.1063E-01
 -0.348  0.1016E-01
 -0.338  0.9647E-02
 -0.328  0.9093E-02
 -0.318  0.8517E-02
 -0.308  0.7933E-02
 -0.298  0.7355E-02
 -0.288  0.6793E-02
 -0.278  0.6258E-02
 -0.268  0.5757E-02
 -0.258  0.5297E-02
 -0.248  0.4881E-02
 -0.238  0.4509E-02
 -0.228  0.4181E-02
 -0.218  0.3895E-02
 -0.208  0.3646E-02
 -0.198  0.3430E-02
 -0.188  0.3241E-02
 -0.178  0.3075E-02
 -0.168  0.2925E-02
 -0.158  0.2789E-02
 -0.148  0.2661E-02
 -0.138  0.2539E-02
 -0.128  0.2423E-02
 -0.118  0.2311E-02
 -0.108  0.2205E-02
 -0.098  0.2106E-02
 -0.088  0.2018E-02
 -0.078  0.1944E-02
 -0.068  0.1887E-02
 -0.058  0.1853E-02
 -0.048  0.1845E-02
 -0.038  0.1868E-02
 -0.028  0.1926E-02
 -0.018  0.2022E-02
 -0.008  0.2158E-02
  0.002  0.2336E-02
  0.012  0.2557E-02
  0.022  0.2821E-02
  0.032  0.3125E-02
  0.042  0.3468E-02
  0.052  0.3845E-02
  0.062  0.4251E-02
  0.072  0.4681E-02
  0.082  0.5128E-02
  0.092  0.5584E-02
  0.102  0.6041E-02
  0.112  0.6491E-02
  0.122  0.6926E-02
  0.132  0.7336E-02
  0.142  0.7714E-02
  0.152  0.8053E-02
  0.162  0.8344E-02
  0.172  0.8583E-02
  0.182  0.8765E-02
  0.192  0.8887E-02
  0.202  0.8948E-02
  0.212  0.8946E-02
  0.222  0.8884E-02
  0.232  0.8764E-02
  0.242  0.8592E-02
  0.252  0.8373E-02
  0.262  0.8113E-02
  0.272  0.7821E-02
  0.282  0.7504E-02
  0.292  0.7171E-02
  0.302  0.6829E-02
  0.312  0.6486E-02
  0.322  0.6147E-02
  0.332  0.5818E-02
  0.342  0.5503E-02
  0.352  0.5205E-02
  0.362  0.4924E-02
  0.372  0.4661E-02
  0.382  0.4414E-02
  0.392  0.4183E-02
  0.402  0.3963E-02
  0.412  0.3753E-02
  0.422  0.3550E-02
  0.432  0.3352E-02
  0.442  0.3155E-02
  0.452  0.2959E-02
  0.462  0.2762E-02
  0.472  0.2564E-02
  0.482  0.2367E-02
  0.492  0.2169E-02
  0.502  0.1974E-02
  0.512  0.1781E-02
  0.522  0.1595E-02
  0.532  0.1415E-02
  0.542  0.1244E-02
  0.552  0.1084E-02
  0.562  0.9352E-03
  0.572  0.7991E-03
  0.582  0.6760E-03
  0.592  0.5662E-03
  0.602  0.4694E-03
  0.612  0.3852E-03
  0.622  0.3128E-03
  0.632  0.2514E-03
  0.642  0.2000E-03
  0.652  0.1574E-03
  0.662  0.1226E-03
  0.672  0.9450E-04
  0.682  0.7206E-04
  0.692  0.5437E-04
  0.702  0.4060E-04
  0.712  0.2999E-04
  0.722  0.2192E-04
  0.732  0.1585E-04
  0.742  0.1134E-04
  0.752  0.8028E-05
  0.762  0.5623E-05
  0.772  0.3897E-05
  0.782  0.2672E-05
  0.792  0.1812E-05
  0.802  0.1216E-05
  0.812  0.8077E-06
  0.822  0.5306E-06
  0.832  0.3449E-06
  0.842  0.2218E-06
