 -5.548  0.3990E-06
 -5.538  0.6168E-06
 -5.528  0.9433E-06
 -5.518  0.1427E-05
 -5.508  0.2136E-05
 -5.498  0.3163E-05
 -5.488  0.4633E-05
 -5.478  0.6714E-05
 -5.468  0.9625E-05
 -5.458  0.1365E-04
 -5.448  0.1915E-04
 -5.438  0.2658E-04
 -5.428  0.3651E-04
 -5.418  0.4960E-04
 -5.408  0.6666E-04
 -5.398  0.8865E-04
 -5.388  0.1166E-03
 -5.378  0.1518E-03
 -5.368  0.1956E-03
 -5.358  0.2492E-03
 -5.348  0.3143E-03
 -5.338  0.3923E-03
 -5.328  0.4844E-03
 -5.318  0.5921E-03
 -5.308  0.7163E-03
 -5.298  0.8578E-03
 -5.288  0.1017E-02
 -5.278  0.1194E-02
 -5.268  0.1388E-02
 -5.258  0.1598E-02
 -5.248  0.1822E-02
 -5.238  0.2060E-02
 -5.228  0.2308E-02
 -5.218  0.2565E-02
 -5.208  0.2827E-02
 -5.198  0.3093E-02
 -5.188  0.3361E-02
 -5.178  0.3628E-02
 -5.168  0.3894E-02
 -5.158  0.4160E-02
 -5.148  0.4425E-02
 -5.138  0.4691E-02
 -5.128  0.4961E-02
 -5.118  0.5238E-02
 -5.108  0.5526E-02
 -5.098  0.5829E-02
 -5.088  0.6152E-02
 -5.078  0.6498E-02
 -5.068  0.6872E-02
 -5.058  0.7278E-02
 -5.048  0.7718E-02
 -5.038  0.8193E-02
 -5.028  0.8705E-02
 -5.018  0.9250E-02
 -5.008  0.9827E-02
 -4.998  0.1043E-01
 -4.988  0.1106E-01
 -4.978  0.1170E-01
 -4.968  0.1235E-01
 -4.958  0.1299E-01
 -4.948  0.1362E-01
 -4.938  0.1422E-01
 -4.928  0.1478E-01
 -4.918  0.1530E-01
 -4.908  0.1576E-01
 -4.898  0.1615E-01
 -4.888  0.1646E-01
 -4.878  0.1668E-01
 -4.868  0.1682E-01
 -4.858  0.1686E-01
 -4.848  0.1682E-01
 -4.838  0.1667E-01
 -4.828  0.1644E-01
 -4.818  0.1612E-01
 -4.808  0.1573E-01
 -4.798  0.1526E-01
 -4.788  0.1472E-01
 -4.778  0.1413E-01
 -4.768  0.1348E-01
 -4.758  0.1280E-01
 -4.748  0.1209E-01
 -4.738  0.1135E-01
 -4.728  0.1060E-01
 -4.718  0.9839E-02
 -4.708  0.9080E-02
 -4.698  0.8327E-02
 -4.688  0.7587E-02
 -4.678  0.6867E-02
 -4.668  0.6173E-02
 -4.658  0.5508E-02
 -4.648  0.4879E-02
 -4.638  0.4288E-02
 -4.628  0.3739E-02
 -4.618  0.3233E-02
 -4.608  0.2772E-02
 -4.598  0.2356E-02
 -4.588  0.1985E-02
 -4.578  0.1657E-02
 -4.568  0.1371E-02
 -4.558  0.1123E-02
 -4.548  0.9111E-03
 -4.538  0.7322E-03
 -4.528  0.5826E-03
 -4.518  0.4590E-03
 -4.508  0.3579E-03
 -4.498  0.2763E-03
 -4.488  0.2112E-03
 -4.478  0.1597E-03
 -4.468  0.1196E-03
 -4.458  0.8856E-04
 -4.448  0.6492E-04
 -4.438  0.4710E-04
 -4.428  0.3381E-04
 -4.418  0.2401E-04
 -4.408  0.1687E-04
 -4.398  0.1173E-04
 -4.388  0.8072E-05
 -4.378  0.5495E-05
 -4.368  0.3700E-05
 -4.358  0.2465E-05
 -4.348  0.1625E-05
 -4.338  0.1060E-05
 -4.328  0.6838E-06
 -4.318  0.4364E-06
 -4.308  0.2756E-06
 -4.298  0.1722E-06
 -4.288  0.1064E-06
 -4.278  0.6505E-07
 -4.268  0.3935E-07
 -4.258  0.2354E-07
 -4.248  0.1394E-07
 -4.238  0.8161E-08
 -4.228  0.4728E-08
 -4.218  0.2709E-08
 -4.208  0.1536E-08
 -4.198  0.8616E-09
 -4.188  0.4780E-09
 -4.178  0.2624E-09
 -4.168  0.1425E-09
 -4.158  0.7653E-10
 -4.148  0.4067E-10
 -4.138  0.2138E-10
 -4.128  0.1112E-10
 -4.118  0.5719E-11
 -4.108  0.2911E-11
 -4.098  0.1465E-11
 -4.088  0.7298E-12
 -4.078  0.3596E-12
 -4.068  0.1753E-12
 -4.058  0.8451E-13
 -4.048  0.4031E-13
 -4.038  0.1902E-13
 -4.028  0.8879E-14
 -4.018  0.4100E-14
 -4.008  0.1873E-14
 -3.998  0.8464E-15
 -3.988  0.3784E-15
 -3.978  0.1673E-15
 -3.968  0.7321E-16
 -3.958  0.3168E-16
 -3.948  0.1357E-16
 -3.938  0.5746E-17
 -3.928  0.2407E-17
 -3.918  0.9978E-18
 -3.908  0.4092E-18
 -3.898  0.1660E-18
 -3.888  0.6660E-19
 -3.878  0.2644E-19
 -3.868  0.1038E-19
 -3.858  0.4033E-20
 -3.848  0.1550E-20
 -3.838  0.5892E-21
 -3.828  0.2216E-21
 -3.818  0.8244E-22
 -3.808  0.3034E-22
 -3.798  0.1105E-22
 -3.788  0.3979E-23
 -3.778  0.1418E-23
 -3.768  0.4997E-24
 -3.758  0.1743E-24
 -3.748  0.6011E-25
 -3.738  0.2051E-25
 -3.728  0.6924E-26
 -3.718  0.2312E-26
 -3.708  0.7639E-27
 -3.698  0.2496E-27
 -3.688  0.8071E-28
 -3.678  0.2581E-28
 -3.668  0.8167E-29
 -3.658  0.2556E-29
 -3.648  0.7914E-30
 -3.638  0.2424E-30
 -3.628  0.7345E-31
 -3.618  0.2202E-31
 -3.608  0.6528E-32
 -3.598  0.1915E-32
 -3.588  0.5557E-33
 -3.578  0.1595E-33
 -3.568  0.4530E-34
 -3.558  0.1273E-34
 -3.548  0.3537E-35
 -3.538  0.9724E-36
 -3.528  0.2645E-36
 -3.518  0.7116E-37
 -3.508  0.1894E-37
 -3.498  0.4987E-38
 -3.488  0.1299E-38
 -3.478  0.3347E-39
 -3.468  0.8531E-40
 -3.458  0.2151E-40
 -3.448  0.5366E-41
 -3.438  0.1324E-41
 -3.428  0.3233E-42
 -3.418  0.7807E-43
 -3.408  0.1865E-43
 -3.398  0.4408E-44
 -3.388  0.1031E-44
 -3.378  0.2384E-45
 -3.368  0.5454E-46
 -3.358  0.1234E-46
 -3.348  0.2764E-47
 -3.338  0.6122E-48
 -3.328  0.1342E-48
 -3.318  0.2908E-49
 -3.308  0.6236E-50
 -3.298  0.1323E-50
 -3.288  0.2776E-51
 -3.278  0.5763E-52
 -3.268  0.1184E-52
 -3.258  0.2405E-53
 -3.248  0.4833E-54
 -3.238  0.9608E-55
 -3.228  0.1890E-55
 -3.218  0.3677E-56
 -3.208  0.7077E-57
 -3.198  0.1348E-57
 -3.188  0.2538E-58
 -3.178  0.4730E-59
 -3.168  0.8719E-60
 -3.158  0.1590E-60
 -3.148  0.2868E-61
 -3.138  0.5119E-62
 -3.128  0.9037E-63
 -3.118  0.1578E-63
 -3.108  0.2727E-64
 -3.098  0.4660E-65
 -3.088  0.7879E-66
 -3.078  0.1318E-66
 -3.068  0.2180E-67
 -3.058  0.3569E-68
 -3.048  0.5779E-69
 -3.038  0.9257E-70
 -3.028  0.1467E-70
 -3.018  0.2300E-71
 -3.008  0.3566E-72
 -2.998  0.5487E-73
 -2.988  0.9410E-74
 -2.978  0.8595E-74
 -2.968  0.4838E-73
 -2.958  0.3127E-72
 -2.948  0.2007E-71
 -2.938  0.1274E-70
 -2.928  0.8004E-70
 -2.918  0.4974E-69
 -2.908  0.3057E-68
 -2.898  0.1859E-67
 -2.888  0.1118E-66
 -2.878  0.6655E-66
 -2.868  0.3918E-65
 -2.858  0.2282E-64
 -2.848  0.1314E-63
 -2.838  0.7491E-63
 -2.828  0.4223E-62
 -2.818  0.2355E-61
 -2.808  0.1300E-60
 -2.798  0.7093E-60
 -2.788  0.3830E-59
 -2.778  0.2046E-58
 -2.768  0.1081E-57
 -2.758  0.5651E-57
 -2.748  0.2922E-56
 -2.738  0.1495E-55
 -2.728  0.7564E-55
 -2.718  0.3787E-54
 -2.708  0.1875E-53
 -2.698  0.9187E-53
 -2.688  0.4453E-52
 -2.678  0.2135E-51
 -2.668  0.1013E-50
 -2.658  0.4751E-50
 -2.648  0.2205E-49
 -2.638  0.1012E-48
 -2.628  0.4599E-48
 -2.618  0.2066E-47
 -2.608  0.9186E-47
 -2.598  0.4039E-46
 -2.588  0.1757E-45
 -2.578  0.7562E-45
 -2.568  0.3219E-44
 -2.558  0.1356E-43
 -2.548  0.5648E-43
 -2.538  0.2328E-42
 -2.528  0.9491E-42
 -2.518  0.3828E-41
 -2.508  0.1527E-40
 -2.498  0.6029E-40
 -2.488  0.2354E-39
 -2.478  0.9093E-39
 -2.468  0.3475E-38
 -2.458  0.1313E-37
 -2.448  0.4912E-37
 -2.438  0.1817E-36
 -2.428  0.6649E-36
 -2.418  0.2407E-35
 -2.408  0.8621E-35
 -2.398  0.3054E-34
 -2.388  0.1070E-33
 -2.378  0.3712E-33
 -2.368  0.1273E-32
 -2.358  0.4319E-32
 -2.348  0.1450E-31
 -2.338  0.4814E-31
 -2.328  0.1581E-30
 -2.318  0.5139E-30
 -2.308  0.1652E-29
 -2.298  0.5253E-29
 -2.288  0.1652E-28
 -2.278  0.5143E-28
 -2.268  0.1583E-27
 -2.258  0.4822E-27
 -2.248  0.1453E-26
 -2.238  0.4330E-26
 -2.228  0.1277E-25
 -2.218  0.3724E-25
 -2.208  0.1074E-24
 -2.198  0.3067E-24
 -2.188  0.8660E-24
 -2.178  0.2419E-23
 -2.168  0.6684E-23
 -2.158  0.1827E-22
 -2.148  0.4942E-22
 -2.138  0.1322E-21
 -2.128  0.3499E-21
 -2.118  0.9160E-21
 -2.108  0.2372E-20
 -2.098  0.6078E-20
 -2.088  0.1540E-19
 -2.078  0.3863E-19
 -2.068  0.9581E-19
 -2.058  0.2351E-18
 -2.048  0.5706E-18
 -2.038  0.1370E-17
 -2.028  0.3255E-17
 -2.018  0.7650E-17
 -2.008  0.1778E-16
 -1.998  0.4090E-16
 -1.988  0.9305E-16
 -1.978  0.2094E-15
 -1.968  0.4663E-15
 -1.958  0.1027E-14
 -1.948  0.2238E-14
 -1.938  0.4824E-14
 -1.928  0.1029E-13
 -1.918  0.2170E-13
 -1.908  0.4528E-13
 -1.898  0.9348E-13
 -1.888  0.1909E-12
 -1.878  0.3857E-12
 -1.868  0.7710E-12
 -1.858  0.1524E-11
 -1.848  0.2982E-11
 -1.838  0.5770E-11
 -1.828  0.1105E-10
 -1.818  0.2092E-10
 -1.808  0.3920E-10
 -1.798  0.7266E-10
 -1.788  0.1332E-09
 -1.778  0.2417E-09
 -1.768  0.4338E-09
 -1.758  0.7704E-09
 -1.748  0.1353E-08
 -1.738  0.2352E-08
 -1.728  0.4044E-08
 -1.718  0.6880E-08
 -1.708  0.1158E-07
 -1.698  0.1928E-07
 -1.688  0.3177E-07
 -1.678  0.5179E-07
 -1.668  0.8354E-07
 -1.658  0.1333E-06
 -1.648  0.2106E-06
 -1.638  0.3290E-06
 -1.628  0.5088E-06
 -1.618  0.7786E-06
 -1.608  0.1179E-05
 -1.598  0.1767E-05
 -1.588  0.2621E-05
 -1.578  0.3848E-05
 -1.568  0.5592E-05
 -1.558  0.8044E-05
 -1.548  0.1145E-04
 -1.538  0.1615E-04
 -1.528  0.2254E-04
 -1.518  0.3115E-04
 -1.508  0.4263E-04
 -1.498  0.5778E-04
 -1.488  0.7758E-04
 -1.478  0.1032E-03
 -1.468  0.1359E-03
 -1.458  0.1774E-03
 -1.448  0.2295E-03
 -1.438  0.2943E-03
 -1.428  0.3740E-03
 -1.418  0.4712E-03
 -1.408  0.5886E-03
 -1.398  0.7291E-03
 -1.388  0.8957E-03
 -1.378  0.1092E-02
 -1.368  0.1320E-02
 -1.358  0.1583E-02
 -1.348  0.1884E-02
 -1.338  0.2224E-02
 -1.328  0.2607E-02
 -1.318  0.3032E-02
 -1.308  0.3500E-02
 -1.298  0.4010E-02
 -1.288  0.4559E-02
 -1.278  0.5145E-02
 -1.268  0.5761E-02
 -1.258  0.6401E-02
 -1.248  0.7057E-02
 -1.238  0.7719E-02
 -1.228  0.8375E-02
 -1.218  0.9013E-02
 -1.208  0.9619E-02
 -1.198  0.1018E-01
 -1.188  0.1068E-01
 -1.178  0.1111E-01
 -1.168  0.1146E-01
 -1.158  0.1171E-01
 -1.148  0.1185E-01
 -1.138  0.1189E-01
 -1.128  0.1182E-01
 -1.118  0.1163E-01
 -1.108  0.1134E-01
 -1.098  0.1095E-01
 -1.088  0.1047E-01
 -1.078  0.9918E-02
 -1.068  0.9297E-02
 -1.058  0.8629E-02
 -1.048  0.7928E-02
 -1.038  0.7210E-02
 -1.028  0.6491E-02
 -1.018  0.5784E-02
 -1.008  0.5102E-02
 -0.998  0.4454E-02
 -0.988  0.3850E-02
 -0.978  0.3295E-02
 -0.968  0.2793E-02
 -0.958  0.2347E-02
 -0.948  0.1957E-02
 -0.938  0.1622E-02
 -0.928  0.1340E-02
 -0.918  0.1110E-02
 -0.908  0.9288E-03
 -0.898  0.7934E-03
 -0.888  0.7018E-03
 -0.878  0.6518E-03
 -0.868  0.6424E-03
 -0.858  0.6726E-03
 -0.848  0.7426E-03
 -0.838  0.8529E-03
 -0.828  0.1005E-02
 -0.818  0.1199E-02
 -0.808  0.1438E-02
 -0.798  0.1723E-02
 -0.788  0.2054E-02
 -0.778  0.2433E-02
 -0.768  0.2859E-02
 -0.758  0.3331E-02
 -0.748  0.3846E-02
 -0.738  0.4401E-02
 -0.728  0.4990E-02
 -0.718  0.5609E-02
 -0.708  0.6249E-02
 -0.698  0.6905E-02
 -0.688  0.7569E-02
 -0.678  0.8233E-02
 -0.668  0.8893E-02
 -0.658  0.9543E-02
 -0.648  0.1018E-01
 -0.638  0.1081E-01
 -0.628  0.1142E-01
 -0.618  0.1204E-01
 -0.608  0.1265E-01
 -0.598  0.1327E-01
 -0.588  0.1391E-01
 -0.578  0.1459E-01
 -0.568  0.1531E-01
 -0.558  0.1607E-01
 -0.548  0.1690E-01
 -0.538  0.1779E-01
 -0.528  0.1873E-01
 -0.518  0.1974E-01
 -0.508  0.2078E-01
 -0.498  0.2185E-01
 -0.488  0.2293E-01
 -0.478  0.2399E-01
 -0.468  0.2500E-01
 -0.458  0.2593E-01
 -0.448  0.2675E-01
 -0.438  0.2742E-01
 -0.428  0.2793E-01
 -0.418  0.2825E-01
 -0.408  0.2837E-01
 -0.398  0.2827E-01
 -0.388  0.2795E-01
 -0.378  0.2742E-01
 -0.368  0.2669E-01
 -0.358  0.2579E-01
 -0.348  0.2473E-01
 -0.338  0.2355E-01
 -0.328  0.2229E-01
 -0.318  0.2097E-01
 -0.308  0.1963E-01
 -0.298  0.1831E-01
 -0.288  0.1702E-01
 -0.278  0.1580E-01
 -0.268  0.1467E-01
 -0.258  0.1363E-01
 -0.248  0.1270E-01
 -0.238  0.1188E-01
 -0.228  0.1116E-01
 -0.218  0.1053E-01
 -0.208  0.9987E-02
 -0.198  0.9515E-02
 -0.188  0.9099E-02
 -0.178  0.8724E-02
 -0.168  0.8377E-02
 -0.158  0.8045E-02
 -0.148  0.7719E-02
 -0.138  0.7392E-02
 -0.128  0.7060E-02
 -0.118  0.6721E-02
 -0.108  0.6380E-02
 -0.098  0.6039E-02
 -0.088  0.5707E-02
 -0.078  0.5392E-02
 -0.068  0.5104E-02
 -0.058  0.4854E-02
 -0.048  0.4652E-02
 -0.038  0.4508E-02
 -0.028  0.4429E-02
 -0.018  0.4425E-02
 -0.008  0.4500E-02
  0.002  0.4656E-02
  0.012  0.4896E-02
  0.022  0.5219E-02
  0.032  0.5620E-02
  0.042  0.6093E-02
  0.052  0.6632E-02
  0.062  0.7227E-02
  0.072  0.7866E-02
  0.082  0.8537E-02
  0.092  0.9227E-02
  0.102  0.9921E-02
  0.112  0.1061E-01
  0.122  0.1127E-01
  0.132  0.1189E-01
  0.142  0.1247E-01
  0.152  0.1298E-01
  0.162  0.1343E-01
  0.172  0.1379E-01
  0.182  0.1408E-01
  0.192  0.1427E-01
  0.202  0.1438E-01
  0.212  0.1441E-01
  0.222  0.1435E-01
  0.232  0.1421E-01
  0.242  0.1401E-01
  0.252  0.1375E-01
  0.262  0.1344E-01
  0.272  0.1309E-01
  0.282  0.1273E-01
  0.292  0.1235E-01
  0.302  0.1196E-01
  0.312  0.1158E-01
  0.322  0.1122E-01
  0.332  0.1087E-01
  0.342  0.1054E-01
  0.352  0.1023E-01
  0.362  0.9936E-02
  0.372  0.9656E-02
  0.382  0.9384E-02
  0.392  0.9113E-02
  0.402  0.8837E-02
  0.412  0.8549E-02
  0.422  0.8244E-02
  0.432  0.7918E-02
  0.442  0.7566E-02
  0.452  0.7190E-02
  0.462  0.6788E-02
  0.472  0.6363E-02
  0.482  0.5919E-02
  0.492  0.5462E-02
  0.502  0.4997E-02
  0.512  0.4531E-02
  0.522  0.4071E-02
  0.532  0.3624E-02
  0.542  0.3194E-02
  0.552  0.2788E-02
  0.562  0.2409E-02
  0.572  0.2061E-02
  0.582  0.1745E-02
  0.592  0.1463E-02
  0.602  0.1213E-02
  0.612  0.9960E-03
  0.622  0.8091E-03
  0.632  0.6504E-03
  0.642  0.5173E-03
  0.652  0.4072E-03
  0.662  0.3171E-03
  0.672  0.2444E-03
  0.682  0.1863E-03
  0.692  0.1405E-03
  0.702  0.1049E-03
  0.712  0.7747E-04
  0.722  0.5661E-04
  0.732  0.4093E-04
  0.742  0.2927E-04
  0.752  0.2072E-04
  0.762  0.1451E-04
  0.772  0.1005E-04
  0.782  0.6887E-05
  0.792  0.4670E-05
  0.802  0.3134E-05
  0.812  0.2080E-05
  0.822  0.1366E-05
  0.832  0.8876E-06
  0.842  0.5706E-06
