 -5.548  0.3797E-06
 -5.538  0.5869E-06
 -5.528  0.8977E-06
 -5.518  0.1358E-05
 -5.508  0.2033E-05
 -5.498  0.3010E-05
 -5.488  0.4409E-05
 -5.478  0.6389E-05
 -5.468  0.9159E-05
 -5.458  0.1299E-04
 -5.448  0.1822E-04
 -5.438  0.2530E-04
 -5.428  0.3474E-04
 -5.418  0.4719E-04
 -5.408  0.6343E-04
 -5.398  0.8435E-04
 -5.388  0.1110E-03
 -5.378  0.1445E-03
 -5.368  0.1861E-03
 -5.358  0.2371E-03
 -5.348  0.2990E-03
 -5.338  0.3731E-03
 -5.328  0.4608E-03
 -5.318  0.5631E-03
 -5.308  0.6812E-03
 -5.298  0.8157E-03
 -5.288  0.9669E-03
 -5.278  0.1135E-02
 -5.268  0.1319E-02
 -5.258  0.1518E-02
 -5.248  0.1731E-02
 -5.238  0.1956E-02
 -5.228  0.2192E-02
 -5.218  0.2434E-02
 -5.208  0.2682E-02
 -5.198  0.2933E-02
 -5.188  0.3185E-02
 -5.178  0.3436E-02
 -5.168  0.3686E-02
 -5.158  0.3934E-02
 -5.148  0.4181E-02
 -5.138  0.4429E-02
 -5.128  0.4680E-02
 -5.118  0.4938E-02
 -5.108  0.5205E-02
 -5.098  0.5486E-02
 -5.088  0.5785E-02
 -5.078  0.6108E-02
 -5.068  0.6457E-02
 -5.058  0.6837E-02
 -5.048  0.7249E-02
 -5.038  0.7697E-02
 -5.028  0.8180E-02
 -5.018  0.8697E-02
 -5.008  0.9246E-02
 -4.998  0.9822E-02
 -4.988  0.1042E-01
 -4.978  0.1104E-01
 -4.968  0.1166E-01
 -4.958  0.1228E-01
 -4.948  0.1288E-01
 -4.938  0.1347E-01
 -4.928  0.1402E-01
 -4.918  0.1452E-01
 -4.908  0.1497E-01
 -4.898  0.1535E-01
 -4.888  0.1566E-01
 -4.878  0.1589E-01
 -4.868  0.1603E-01
 -4.858  0.1608E-01
 -4.848  0.1605E-01
 -4.838  0.1592E-01
 -4.828  0.1570E-01
 -4.818  0.1541E-01
 -4.808  0.1503E-01
 -4.798  0.1459E-01
 -4.788  0.1408E-01
 -4.778  0.1351E-01
 -4.768  0.1290E-01
 -4.758  0.1225E-01
 -4.748  0.1157E-01
 -4.738  0.1087E-01
 -4.728  0.1015E-01
 -4.718  0.9420E-02
 -4.708  0.8693E-02
 -4.698  0.7972E-02
 -4.688  0.7264E-02
 -4.678  0.6575E-02
 -4.668  0.5910E-02
 -4.658  0.5274E-02
 -4.648  0.4672E-02
 -4.638  0.4106E-02
 -4.628  0.3580E-02
 -4.618  0.3096E-02
 -4.608  0.2654E-02
 -4.598  0.2256E-02
 -4.588  0.1901E-02
 -4.578  0.1587E-02
 -4.568  0.1312E-02
 -4.558  0.1075E-02
 -4.548  0.8724E-03
 -4.538  0.7010E-03
 -4.528  0.5578E-03
 -4.518  0.4394E-03
 -4.508  0.3427E-03
 -4.498  0.2646E-03
 -4.488  0.2022E-03
 -4.478  0.1529E-03
 -4.468  0.1145E-03
 -4.458  0.8480E-04
 -4.448  0.6216E-04
 -4.438  0.4509E-04
 -4.428  0.3237E-04
 -4.418  0.2299E-04
 -4.408  0.1616E-04
 -4.398  0.1123E-04
 -4.388  0.7729E-05
 -4.378  0.5261E-05
 -4.368  0.3543E-05
 -4.358  0.2361E-05
 -4.348  0.1556E-05
 -4.338  0.1015E-05
 -4.328  0.6547E-06
 -4.318  0.4179E-06
 -4.308  0.2639E-06
 -4.298  0.1648E-06
 -4.288  0.1019E-06
 -4.278  0.6228E-07
 -4.268  0.3767E-07
 -4.258  0.2254E-07
 -4.248  0.1334E-07
 -4.238  0.7814E-08
 -4.228  0.4527E-08
 -4.218  0.2594E-08
 -4.208  0.1471E-08
 -4.198  0.8249E-09
 -4.188  0.4577E-09
 -4.178  0.2512E-09
 -4.168  0.1364E-09
 -4.158  0.7327E-10
 -4.148  0.3894E-10
 -4.138  0.2047E-10
 -4.128  0.1064E-10
 -4.118  0.5476E-11
 -4.108  0.2787E-11
 -4.098  0.1403E-11
 -4.088  0.6988E-12
 -4.078  0.3443E-12
 -4.068  0.1678E-12
 -4.058  0.8091E-13
 -4.048  0.3859E-13
 -4.038  0.1821E-13
 -4.028  0.8501E-14
 -4.018  0.3926E-14
 -4.008  0.1793E-14
 -3.998  0.8104E-15
 -3.988  0.3623E-15
 -3.978  0.1602E-15
 -3.968  0.7009E-16
 -3.958  0.3034E-16
 -3.948  0.1299E-16
 -3.938  0.5501E-17
 -3.928  0.2305E-17
 -3.918  0.9554E-18
 -3.908  0.3917E-18
 -3.898  0.1589E-18
 -3.888  0.6376E-19
 -3.878  0.2531E-19
 -3.868  0.9940E-20
 -3.858  0.3861E-20
 -3.848  0.1484E-20
 -3.838  0.5641E-21
 -3.828  0.2122E-21
 -3.818  0.7893E-22
 -3.808  0.2905E-22
 -3.798  0.1058E-22
 -3.788  0.3810E-23
 -3.778  0.1357E-23
 -3.768  0.4785E-24
 -3.758  0.1668E-24
 -3.748  0.5755E-25
 -3.738  0.1964E-25
 -3.728  0.6630E-26
 -3.718  0.2214E-26
 -3.708  0.7314E-27
 -3.698  0.2390E-27
 -3.688  0.7727E-28
 -3.678  0.2471E-28
 -3.668  0.7819E-29
 -3.658  0.2447E-29
 -3.648  0.7577E-30
 -3.638  0.2321E-30
 -3.628  0.7032E-31
 -3.618  0.2108E-31
 -3.608  0.6250E-32
 -3.598  0.1834E-32
 -3.588  0.5321E-33
 -3.578  0.1527E-33
 -3.568  0.4338E-34
 -3.558  0.1219E-34
 -3.548  0.3387E-35
 -3.538  0.9311E-36
 -3.528  0.2532E-36
 -3.518  0.6813E-37
 -3.508  0.1813E-37
 -3.498  0.4775E-38
 -3.488  0.1244E-38
 -3.478  0.3204E-39
 -3.468  0.8168E-40
 -3.458  0.2060E-40
 -3.448  0.5138E-41
 -3.438  0.1268E-41
 -3.428  0.3095E-42
 -3.418  0.7475E-43
 -3.408  0.1786E-43
 -3.398  0.4221E-44
 -3.388  0.9868E-45
 -3.378  0.2282E-45
 -3.368  0.5222E-46
 -3.358  0.1182E-46
 -3.348  0.2646E-47
 -3.338  0.5862E-48
 -3.328  0.1284E-48
 -3.318  0.2784E-49
 -3.308  0.5971E-50
 -3.298  0.1267E-50
 -3.288  0.2658E-51
 -3.278  0.5518E-52
 -3.268  0.1133E-52
 -3.258  0.2302E-53
 -3.248  0.4627E-54
 -3.238  0.9199E-55
 -3.228  0.1809E-55
 -3.218  0.3520E-56
 -3.208  0.6776E-57
 -3.198  0.1290E-57
 -3.188  0.2430E-58
 -3.178  0.4529E-59
 -3.168  0.8348E-60
 -3.158  0.1522E-60
 -3.148  0.2746E-61
 -3.138  0.4901E-62
 -3.128  0.8652E-63
 -3.118  0.1511E-63
 -3.108  0.2611E-64
 -3.098  0.4462E-65
 -3.088  0.7544E-66
 -3.078  0.1262E-66
 -3.068  0.2088E-67
 -3.058  0.3417E-68
 -3.048  0.5533E-69
 -3.038  0.8863E-70
 -3.028  0.1404E-70
 -3.018  0.2202E-71
 -3.008  0.3414E-72
 -2.998  0.5253E-73
 -2.988  0.8977E-74
 -2.978  0.8012E-74
 -2.968  0.4490E-73
 -2.958  0.2902E-72
 -2.948  0.1862E-71
 -2.938  0.1182E-70
 -2.928  0.7427E-70
 -2.918  0.4615E-69
 -2.908  0.2837E-68
 -2.898  0.1725E-67
 -2.888  0.1038E-66
 -2.878  0.6175E-66
 -2.868  0.3635E-65
 -2.858  0.2117E-64
 -2.848  0.1220E-63
 -2.838  0.6950E-63
 -2.828  0.3918E-62
 -2.818  0.2185E-61
 -2.808  0.1206E-60
 -2.798  0.6581E-60
 -2.788  0.3554E-59
 -2.778  0.1898E-58
 -2.768  0.1003E-57
 -2.758  0.5243E-57
 -2.748  0.2711E-56
 -2.738  0.1387E-55
 -2.728  0.7018E-55
 -2.718  0.3513E-54
 -2.708  0.1740E-53
 -2.698  0.8524E-53
 -2.688  0.4131E-52
 -2.678  0.1981E-51
 -2.668  0.9394E-51
 -2.658  0.4408E-50
 -2.648  0.2046E-49
 -2.638  0.9394E-49
 -2.628  0.4267E-48
 -2.618  0.1917E-47
 -2.608  0.8523E-47
 -2.598  0.3748E-46
 -2.588  0.1630E-45
 -2.578  0.7016E-45
 -2.568  0.2987E-44
 -2.558  0.1258E-43
 -2.548  0.5241E-43
 -2.538  0.2160E-42
 -2.528  0.8806E-42
 -2.518  0.3552E-41
 -2.508  0.1417E-40
 -2.498  0.5594E-40
 -2.488  0.2184E-39
 -2.478  0.8437E-39
 -2.468  0.3224E-38
 -2.458  0.1219E-37
 -2.448  0.4557E-37
 -2.438  0.1686E-36
 -2.428  0.6169E-36
 -2.418  0.2233E-35
 -2.408  0.7999E-35
 -2.398  0.2834E-34
 -2.388  0.9932E-34
 -2.378  0.3444E-33
 -2.368  0.1181E-32
 -2.358  0.4008E-32
 -2.348  0.1345E-31
 -2.338  0.4467E-31
 -2.328  0.1467E-30
 -2.318  0.4768E-30
 -2.308  0.1533E-29
 -2.298  0.4874E-29
 -2.288  0.1533E-28
 -2.278  0.4772E-28
 -2.268  0.1469E-27
 -2.258  0.4474E-27
 -2.248  0.1348E-26
 -2.238  0.4017E-26
 -2.228  0.1184E-25
 -2.218  0.3455E-25
 -2.208  0.9968E-25
 -2.198  0.2845E-24
 -2.188  0.8035E-24
 -2.178  0.2244E-23
 -2.168  0.6202E-23
 -2.158  0.1695E-22
 -2.148  0.4585E-22
 -2.138  0.1227E-21
 -2.128  0.3246E-21
 -2.118  0.8498E-21
 -2.108  0.2201E-20
 -2.098  0.5639E-20
 -2.088  0.1429E-19
 -2.078  0.3584E-19
 -2.068  0.8889E-19
 -2.058  0.2181E-18
 -2.048  0.5295E-18
 -2.038  0.1271E-17
 -2.028  0.3020E-17
 -2.018  0.7098E-17
 -2.008  0.1650E-16
 -1.998  0.3795E-16
 -1.988  0.8633E-16
 -1.978  0.1943E-15
 -1.968  0.4326E-15
 -1.958  0.9529E-15
 -1.948  0.2076E-14
 -1.938  0.4475E-14
 -1.928  0.9544E-14
 -1.918  0.2013E-13
 -1.908  0.4201E-13
 -1.898  0.8673E-13
 -1.888  0.1771E-12
 -1.878  0.3579E-12
 -1.868  0.7153E-12
 -1.858  0.1414E-11
 -1.848  0.2767E-11
 -1.838  0.5354E-11
 -1.828  0.1025E-10
 -1.818  0.1941E-10
 -1.808  0.3637E-10
 -1.798  0.6742E-10
 -1.788  0.1236E-09
 -1.778  0.2243E-09
 -1.768  0.4026E-09
 -1.758  0.7149E-09
 -1.748  0.1256E-08
 -1.738  0.2183E-08
 -1.728  0.3753E-08
 -1.718  0.6385E-08
 -1.708  0.1075E-07
 -1.698  0.1790E-07
 -1.688  0.2949E-07
 -1.678  0.4807E-07
 -1.668  0.7754E-07
 -1.658  0.1238E-06
 -1.648  0.1955E-06
 -1.638  0.3055E-06
 -1.628  0.4724E-06
 -1.618  0.7230E-06
 -1.608  0.1095E-05
 -1.598  0.1641E-05
 -1.588  0.2435E-05
 -1.578  0.3575E-05
 -1.568  0.5196E-05
 -1.558  0.7476E-05
 -1.548  0.1065E-04
 -1.538  0.1501E-04
 -1.528  0.2096E-04
 -1.518  0.2898E-04
 -1.508  0.3967E-04
 -1.498  0.5379E-04
 -1.488  0.7225E-04
 -1.478  0.9612E-04
 -1.468  0.1267E-03
 -1.458  0.1655E-03
 -1.448  0.2142E-03
 -1.438  0.2748E-03
 -1.428  0.3494E-03
 -1.418  0.4405E-03
 -1.408  0.5507E-03
 -1.398  0.6828E-03
 -1.388  0.8396E-03
 -1.378  0.1024E-02
 -1.368  0.1239E-02
 -1.358  0.1488E-02
 -1.348  0.1773E-02
 -1.338  0.2096E-02
 -1.328  0.2459E-02
 -1.318  0.2863E-02
 -1.308  0.3309E-02
 -1.298  0.3796E-02
 -1.288  0.4321E-02
 -1.278  0.4882E-02
 -1.268  0.5473E-02
 -1.258  0.6089E-02
 -1.248  0.6721E-02
 -1.238  0.7360E-02
 -1.228  0.7995E-02
 -1.218  0.8614E-02
 -1.208  0.9204E-02
 -1.198  0.9751E-02
 -1.188  0.1024E-01
 -1.178  0.1066E-01
 -1.168  0.1101E-01
 -1.158  0.1126E-01
 -1.148  0.1141E-01
 -1.138  0.1145E-01
 -1.128  0.1139E-01
 -1.118  0.1122E-01
 -1.108  0.1095E-01
 -1.098  0.1058E-01
 -1.088  0.1013E-01
 -1.078  0.9596E-02
 -1.068  0.9001E-02
 -1.058  0.8359E-02
 -1.048  0.7685E-02
 -1.038  0.6993E-02
 -1.028  0.6299E-02
 -1.018  0.5616E-02
 -1.008  0.4957E-02
 -0.998  0.4330E-02
 -0.988  0.3744E-02
 -0.978  0.3206E-02
 -0.968  0.2719E-02
 -0.958  0.2285E-02
 -0.948  0.1906E-02
 -0.938  0.1580E-02
 -0.928  0.1306E-02
 -0.918  0.1081E-02
 -0.908  0.9042E-03
 -0.898  0.7714E-03
 -0.888  0.6809E-03
 -0.878  0.6309E-03
 -0.868  0.6199E-03
 -0.858  0.6472E-03
 -0.848  0.7130E-03
 -0.838  0.8175E-03
 -0.828  0.9620E-03
 -0.818  0.1148E-02
 -0.808  0.1376E-02
 -0.798  0.1649E-02
 -0.788  0.1967E-02
 -0.778  0.2331E-02
 -0.768  0.2740E-02
 -0.758  0.3194E-02
 -0.748  0.3690E-02
 -0.738  0.4225E-02
 -0.728  0.4795E-02
 -0.718  0.5393E-02
 -0.708  0.6014E-02
 -0.698  0.6652E-02
 -0.688  0.7298E-02
 -0.678  0.7947E-02
 -0.668  0.8594E-02
 -0.658  0.9233E-02
 -0.648  0.9864E-02
 -0.638  0.1048E-01
 -0.628  0.1110E-01
 -0.618  0.1171E-01
 -0.608  0.1232E-01
 -0.598  0.1295E-01
 -0.588  0.1360E-01
 -0.578  0.1428E-01
 -0.568  0.1500E-01
 -0.558  0.1577E-01
 -0.548  0.1660E-01
 -0.538  0.1748E-01
 -0.528  0.1842E-01
 -0.518  0.1942E-01
 -0.508  0.2045E-01
 -0.498  0.2151E-01
 -0.488  0.2257E-01
 -0.478  0.2361E-01
 -0.468  0.2459E-01
 -0.458  0.2549E-01
 -0.448  0.2628E-01
 -0.438  0.2693E-01
 -0.428  0.2742E-01
 -0.418  0.2771E-01
 -0.408  0.2780E-01
 -0.398  0.2768E-01
 -0.388  0.2735E-01
 -0.378  0.2681E-01
 -0.368  0.2608E-01
 -0.358  0.2517E-01
 -0.348  0.2412E-01
 -0.338  0.2295E-01
 -0.328  0.2170E-01
 -0.318  0.2039E-01
 -0.308  0.1907E-01
 -0.298  0.1777E-01
 -0.288  0.1650E-01
 -0.278  0.1531E-01
 -0.268  0.1419E-01
 -0.258  0.1317E-01
 -0.248  0.1226E-01
 -0.238  0.1145E-01
 -0.228  0.1074E-01
 -0.218  0.1013E-01
 -0.208  0.9597E-02
 -0.198  0.9136E-02
 -0.188  0.8730E-02
 -0.178  0.8365E-02
 -0.168  0.8029E-02
 -0.158  0.7708E-02
 -0.148  0.7394E-02
 -0.138  0.7081E-02
 -0.128  0.6763E-02
 -0.118  0.6441E-02
 -0.108  0.6117E-02
 -0.098  0.5795E-02
 -0.088  0.5482E-02
 -0.078  0.5188E-02
 -0.068  0.4921E-02
 -0.058  0.4691E-02
 -0.048  0.4509E-02
 -0.038  0.4385E-02
 -0.028  0.4325E-02
 -0.018  0.4338E-02
 -0.008  0.4429E-02
  0.002  0.4600E-02
  0.012  0.4853E-02
  0.022  0.5185E-02
  0.032  0.5593E-02
  0.042  0.6072E-02
  0.052  0.6614E-02
  0.062  0.7208E-02
  0.072  0.7843E-02
  0.082  0.8508E-02
  0.092  0.9188E-02
  0.102  0.9869E-02
  0.112  0.1054E-01
  0.122  0.1118E-01
  0.132  0.1178E-01
  0.142  0.1234E-01
  0.152  0.1282E-01
  0.162  0.1324E-01
  0.172  0.1358E-01
  0.182  0.1384E-01
  0.192  0.1401E-01
  0.202  0.1409E-01
  0.212  0.1409E-01
  0.222  0.1401E-01
  0.232  0.1385E-01
  0.242  0.1363E-01
  0.252  0.1336E-01
  0.262  0.1304E-01
  0.272  0.1269E-01
  0.282  0.1231E-01
  0.292  0.1193E-01
  0.302  0.1155E-01
  0.312  0.1117E-01
  0.322  0.1081E-01
  0.332  0.1046E-01
  0.342  0.1014E-01
  0.352  0.9836E-02
  0.362  0.9551E-02
  0.372  0.9279E-02
  0.382  0.9015E-02
  0.392  0.8754E-02
  0.402  0.8488E-02
  0.412  0.8211E-02
  0.422  0.7918E-02
  0.432  0.7604E-02
  0.442  0.7267E-02
  0.452  0.6905E-02
  0.462  0.6518E-02
  0.472  0.6110E-02
  0.482  0.5684E-02
  0.492  0.5245E-02
  0.502  0.4798E-02
  0.512  0.4351E-02
  0.522  0.3909E-02
  0.532  0.3479E-02
  0.542  0.3066E-02
  0.552  0.2676E-02
  0.562  0.2313E-02
  0.572  0.1978E-02
  0.582  0.1675E-02
  0.592  0.1404E-02
  0.602  0.1164E-02
  0.612  0.9556E-03
  0.622  0.7762E-03
  0.632  0.6239E-03
  0.642  0.4962E-03
  0.652  0.3905E-03
  0.662  0.3041E-03
  0.672  0.2343E-03
  0.682  0.1786E-03
  0.692  0.1347E-03
  0.702  0.1006E-03
  0.712  0.7425E-04
  0.722  0.5425E-04
  0.732  0.3921E-04
  0.742  0.2805E-04
  0.752  0.1985E-04
  0.762  0.1389E-04
  0.772  0.9625E-05
  0.782  0.6596E-05
  0.792  0.4472E-05
  0.802  0.3000E-05
  0.812  0.1991E-05
  0.822  0.1308E-05
  0.832  0.8497E-06
  0.842  0.5462E-06
