 -5.548  0.3541E-10
 -5.538  0.5475E-10
 -5.528  0.8375E-10
 -5.518  0.1267E-09
 -5.508  0.1897E-09
 -5.498  0.2810E-09
 -5.488  0.4117E-09
 -5.478  0.5967E-09
 -5.468  0.8558E-09
 -5.458  0.1214E-08
 -5.448  0.1705E-08
 -5.438  0.2368E-08
 -5.428  0.3254E-08
 -5.418  0.4424E-08
 -5.408  0.5953E-08
 -5.398  0.7927E-08
 -5.388  0.1044E-07
 -5.378  0.1362E-07
 -5.368  0.1758E-07
 -5.358  0.2246E-07
 -5.348  0.2841E-07
 -5.338  0.3557E-07
 -5.328  0.4411E-07
 -5.318  0.5417E-07
 -5.308  0.6589E-07
 -5.298  0.7942E-07
 -5.288  0.9487E-07
 -5.278  0.1124E-06
 -5.268  0.1319E-06
 -5.258  0.1537E-06
 -5.248  0.1777E-06
 -5.238  0.2040E-06
 -5.228  0.2326E-06
 -5.218  0.2636E-06
 -5.208  0.2971E-06
 -5.198  0.3330E-06
 -5.188  0.3715E-06
 -5.178  0.4127E-06
 -5.168  0.4568E-06
 -5.158  0.5037E-06
 -5.148  0.5536E-06
 -5.138  0.6065E-06
 -5.128  0.6624E-06
 -5.118  0.7211E-06
 -5.108  0.7823E-06
 -5.098  0.8457E-06
 -5.088  0.9106E-06
 -5.078  0.9762E-06
 -5.068  0.1042E-05
 -5.058  0.1106E-05
 -5.048  0.1167E-05
 -5.038  0.1225E-05
 -5.028  0.1278E-05
 -5.018  0.1324E-05
 -5.008  0.1364E-05
 -4.998  0.1395E-05
 -4.988  0.1417E-05
 -4.978  0.1430E-05
 -4.968  0.1434E-05
 -4.958  0.1428E-05
 -4.948  0.1415E-05
 -4.938  0.1394E-05
 -4.928  0.1368E-05
 -4.918  0.1336E-05
 -4.908  0.1301E-05
 -4.898  0.1264E-05
 -4.888  0.1226E-05
 -4.878  0.1190E-05
 -4.868  0.1155E-05
 -4.858  0.1122E-05
 -4.848  0.1093E-05
 -4.838  0.1066E-05
 -4.828  0.1044E-05
 -4.818  0.1023E-05
 -4.808  0.1005E-05
 -4.798  0.9890E-06
 -4.788  0.9732E-06
 -4.778  0.9569E-06
 -4.768  0.9392E-06
 -4.758  0.9194E-06
 -4.748  0.8965E-06
 -4.738  0.8701E-06
 -4.728  0.8398E-06
 -4.718  0.8054E-06
 -4.708  0.7671E-06
 -4.698  0.7250E-06
 -4.688  0.6798E-06
 -4.678  0.6319E-06
 -4.668  0.5823E-06
 -4.658  0.5316E-06
 -4.648  0.4809E-06
 -4.638  0.4308E-06
 -4.628  0.3821E-06
 -4.618  0.3356E-06
 -4.608  0.2918E-06
 -4.598  0.2511E-06
 -4.588  0.2139E-06
 -4.578  0.1804E-06
 -4.568  0.1505E-06
 -4.558  0.1243E-06
 -4.548  0.1015E-06
 -4.538  0.8207E-07
 -4.528  0.6565E-07
 -4.518  0.5196E-07
 -4.508  0.4069E-07
 -4.498  0.3152E-07
 -4.488  0.2417E-07
 -4.478  0.1833E-07
 -4.468  0.1375E-07
 -4.458  0.1021E-07
 -4.448  0.7496E-08
 -4.438  0.5446E-08
 -4.428  0.3914E-08
 -4.418  0.2783E-08
 -4.408  0.1958E-08
 -4.398  0.1362E-08
 -4.388  0.9380E-09
 -4.378  0.6388E-09
 -4.368  0.4304E-09
 -4.358  0.2869E-09
 -4.348  0.1892E-09
 -4.338  0.1234E-09
 -4.328  0.7963E-10
 -4.318  0.5084E-10
 -4.308  0.3211E-10
 -4.298  0.2006E-10
 -4.288  0.1240E-10
 -4.278  0.7579E-11
 -4.268  0.4584E-11
 -4.258  0.2743E-11
 -4.248  0.1624E-11
 -4.238  0.9507E-12
 -4.228  0.5507E-12
 -4.218  0.3156E-12
 -4.208  0.1789E-12
 -4.198  0.1003E-12
 -4.188  0.5566E-13
 -4.178  0.3055E-13
 -4.168  0.1658E-13
 -4.158  0.8907E-14
 -4.148  0.4732E-14
 -4.138  0.2487E-14
 -4.128  0.1293E-14
 -4.118  0.6653E-15
 -4.108  0.3385E-15
 -4.098  0.1704E-15
 -4.088  0.8485E-16
 -4.078  0.4180E-16
 -4.068  0.2037E-16
 -4.058  0.9820E-17
 -4.048  0.4683E-17
 -4.038  0.2209E-17
 -4.028  0.1031E-17
 -4.018  0.4761E-18
 -4.008  0.2174E-18
 -3.998  0.9825E-19
 -3.988  0.4391E-19
 -3.978  0.1942E-19
 -3.968  0.8494E-20
 -3.958  0.3675E-20
 -3.948  0.1573E-20
 -3.938  0.6662E-21
 -3.928  0.2791E-21
 -3.918  0.1157E-21
 -3.908  0.4742E-22
 -3.898  0.1923E-22
 -3.888  0.7715E-23
 -3.878  0.3062E-23
 -3.868  0.1202E-23
 -3.858  0.4670E-24
 -3.848  0.1794E-24
 -3.838  0.6820E-25
 -3.828  0.2564E-25
 -3.818  0.9539E-26
 -3.808  0.3510E-26
 -3.798  0.1278E-26
 -3.788  0.4602E-27
 -3.778  0.1639E-27
 -3.768  0.5777E-28
 -3.758  0.2014E-28
 -3.748  0.6946E-29
 -3.738  0.2370E-29
 -3.728  0.7999E-30
 -3.718  0.2671E-30
 -3.708  0.8821E-31
 -3.698  0.2882E-31
 -3.688  0.9317E-32
 -3.678  0.2979E-32
 -3.668  0.9424E-33
 -3.658  0.2949E-33
 -3.648  0.9129E-34
 -3.638  0.2796E-34
 -3.628  0.8470E-35
 -3.618  0.2538E-35
 -3.608  0.7525E-36
 -3.598  0.2207E-36
 -3.588  0.6404E-37
 -3.578  0.1838E-37
 -3.568  0.5219E-38
 -3.558  0.1466E-38
 -3.548  0.4073E-39
 -3.538  0.1120E-39
 -3.528  0.3044E-40
 -3.518  0.8190E-41
 -3.508  0.2179E-41
 -3.498  0.5737E-42
 -3.488  0.1494E-42
 -3.478  0.3849E-43
 -3.468  0.9810E-44
 -3.458  0.2473E-44
 -3.448  0.6169E-45
 -3.438  0.1522E-45
 -3.428  0.3715E-46
 -3.418  0.8970E-47
 -3.408  0.2143E-47
 -3.398  0.5063E-48
 -3.388  0.1183E-48
 -3.378  0.2737E-49
 -3.368  0.6260E-50
 -3.358  0.1417E-50
 -3.348  0.3171E-51
 -3.338  0.7024E-52
 -3.328  0.1539E-52
 -3.318  0.3335E-53
 -3.308  0.7150E-54
 -3.298  0.1517E-54
 -3.288  0.3182E-55
 -3.278  0.6605E-56
 -3.268  0.1356E-56
 -3.258  0.2755E-57
 -3.248  0.5535E-58
 -3.238  0.1100E-58
 -3.228  0.2164E-59
 -3.218  0.4209E-60
 -3.208  0.8101E-61
 -3.198  0.1542E-61
 -3.188  0.2904E-62
 -3.178  0.5411E-63
 -3.168  0.9973E-64
 -3.158  0.1818E-64
 -3.148  0.3280E-65
 -3.138  0.5852E-66
 -3.128  0.1033E-66
 -3.118  0.1804E-67
 -3.108  0.3115E-68
 -3.098  0.5324E-69
 -3.088  0.8999E-70
 -3.078  0.1505E-70
 -3.068  0.2490E-71
 -3.058  0.4074E-72
 -3.048  0.6596E-73
 -3.038  0.1056E-73
 -3.028  0.1674E-74
 -3.018  0.2623E-75
 -3.008  0.4076E-76
 -2.998  0.6833E-77
 -2.988  0.4928E-77
 -2.978  0.2654E-76
 -2.968  0.1731E-75
 -2.958  0.1123E-74
 -2.948  0.7208E-74
 -2.938  0.4577E-73
 -2.928  0.2875E-72
 -2.918  0.1786E-71
 -2.908  0.1098E-70
 -2.898  0.6677E-70
 -2.888  0.4016E-69
 -2.878  0.2390E-68
 -2.868  0.1407E-67
 -2.858  0.8194E-67
 -2.848  0.4721E-66
 -2.838  0.2690E-65
 -2.828  0.1517E-64
 -2.818  0.8460E-64
 -2.808  0.4668E-63
 -2.798  0.2548E-62
 -2.788  0.1376E-61
 -2.778  0.7347E-61
 -2.768  0.3882E-60
 -2.758  0.2029E-59
 -2.748  0.1049E-58
 -2.738  0.5368E-58
 -2.728  0.2717E-57
 -2.718  0.1360E-56
 -2.708  0.6735E-56
 -2.698  0.3300E-55
 -2.688  0.1599E-54
 -2.678  0.7667E-54
 -2.668  0.3636E-53
 -2.658  0.1706E-52
 -2.648  0.7919E-52
 -2.638  0.3636E-51
 -2.628  0.1652E-50
 -2.618  0.7422E-50
 -2.608  0.3299E-49
 -2.598  0.1451E-48
 -2.588  0.6311E-48
 -2.578  0.2716E-47
 -2.568  0.1156E-46
 -2.558  0.4869E-46
 -2.548  0.2029E-45
 -2.538  0.8361E-45
 -2.528  0.3409E-44
 -2.518  0.1375E-43
 -2.508  0.5486E-43
 -2.498  0.2165E-42
 -2.488  0.8455E-42
 -2.478  0.3266E-41
 -2.468  0.1248E-40
 -2.458  0.4717E-40
 -2.448  0.1764E-39
 -2.438  0.6526E-39
 -2.428  0.2388E-38
 -2.418  0.8646E-38
 -2.408  0.3096E-37
 -2.398  0.1097E-36
 -2.388  0.3845E-36
 -2.378  0.1333E-35
 -2.368  0.4572E-35
 -2.358  0.1551E-34
 -2.348  0.5207E-34
 -2.338  0.1729E-33
 -2.328  0.5679E-33
 -2.318  0.1846E-32
 -2.308  0.5933E-32
 -2.298  0.1887E-31
 -2.288  0.5935E-31
 -2.278  0.1847E-30
 -2.268  0.5686E-30
 -2.258  0.1732E-29
 -2.248  0.5217E-29
 -2.238  0.1555E-28
 -2.228  0.4585E-28
 -2.218  0.1337E-27
 -2.208  0.3859E-27
 -2.198  0.1101E-26
 -2.188  0.3110E-26
 -2.178  0.8687E-26
 -2.168  0.2401E-25
 -2.158  0.6562E-25
 -2.148  0.1775E-24
 -2.138  0.4748E-24
 -2.128  0.1256E-23
 -2.118  0.3289E-23
 -2.108  0.8519E-23
 -2.098  0.2183E-22
 -2.088  0.5532E-22
 -2.078  0.1387E-21
 -2.068  0.3441E-21
 -2.058  0.8442E-21
 -2.048  0.2049E-20
 -2.038  0.4921E-20
 -2.028  0.1169E-19
 -2.018  0.2747E-19
 -2.008  0.6386E-19
 -1.998  0.1468E-18
 -1.988  0.3341E-18
 -1.978  0.7519E-18
 -1.968  0.1674E-17
 -1.958  0.3687E-17
 -1.948  0.8033E-17
 -1.938  0.1731E-16
 -1.928  0.3692E-16
 -1.918  0.7788E-16
 -1.908  0.1625E-15
 -1.898  0.3355E-15
 -1.888  0.6850E-15
 -1.878  0.1384E-14
 -1.868  0.2766E-14
 -1.858  0.5468E-14
 -1.848  0.1069E-13
 -1.838  0.2069E-13
 -1.828  0.3960E-13
 -1.818  0.7499E-13
 -1.808  0.1405E-12
 -1.798  0.2603E-12
 -1.788  0.4772E-12
 -1.778  0.8654E-12
 -1.768  0.1553E-11
 -1.758  0.2756E-11
 -1.748  0.4839E-11
 -1.738  0.8406E-11
 -1.728  0.1444E-10
 -1.718  0.2456E-10
 -1.708  0.4130E-10
 -1.698  0.6872E-10
 -1.688  0.1131E-09
 -1.678  0.1842E-09
 -1.668  0.2969E-09
 -1.658  0.4732E-09
 -1.648  0.7463E-09
 -1.638  0.1164E-08
 -1.628  0.1798E-08
 -1.618  0.2745E-08
 -1.608  0.4149E-08
 -1.598  0.6203E-08
 -1.588  0.9178E-08
 -1.578  0.1343E-07
 -1.568  0.1946E-07
 -1.558  0.2789E-07
 -1.548  0.3956E-07
 -1.538  0.5553E-07
 -1.528  0.7714E-07
 -1.518  0.1061E-06
 -1.508  0.1443E-06
 -1.498  0.1943E-06
 -1.488  0.2591E-06
 -1.478  0.3419E-06
 -1.468  0.4466E-06
 -1.458  0.5777E-06
 -1.448  0.7398E-06
 -1.438  0.9383E-06
 -1.428  0.1178E-05
 -1.418  0.1466E-05
 -1.408  0.1806E-05
 -1.398  0.2205E-05
 -1.388  0.2667E-05
 -1.378  0.3197E-05
 -1.368  0.3798E-05
 -1.358  0.4472E-05
 -1.348  0.5221E-05
 -1.338  0.6044E-05
 -1.328  0.6939E-05
 -1.318  0.7901E-05
 -1.308  0.8924E-05
 -1.298  0.1000E-04
 -1.288  0.1112E-04
 -1.278  0.1227E-04
 -1.268  0.1344E-04
 -1.258  0.1461E-04
 -1.248  0.1576E-04
 -1.238  0.1688E-04
 -1.228  0.1795E-04
 -1.218  0.1894E-04
 -1.208  0.1984E-04
 -1.198  0.2063E-04
 -1.188  0.2129E-04
 -1.178  0.2180E-04
 -1.168  0.2215E-04
 -1.158  0.2233E-04
 -1.148  0.2234E-04
 -1.138  0.2216E-04
 -1.128  0.2180E-04
 -1.118  0.2127E-04
 -1.108  0.2057E-04
 -1.098  0.1972E-04
 -1.088  0.1874E-04
 -1.078  0.1765E-04
 -1.068  0.1647E-04
 -1.058  0.1523E-04
 -1.048  0.1395E-04
 -1.038  0.1265E-04
 -1.028  0.1137E-04
 -1.018  0.1012E-04
 -1.008  0.8917E-05
 -0.998  0.7786E-05
 -0.988  0.6735E-05
 -0.978  0.5774E-05
 -0.968  0.4912E-05
 -0.958  0.4150E-05
 -0.948  0.3493E-05
 -0.938  0.2939E-05
 -0.928  0.2488E-05
 -0.918  0.2138E-05
 -0.908  0.1890E-05
 -0.898  0.1741E-05
 -0.888  0.1695E-05
 -0.878  0.1752E-05
 -0.868  0.1917E-05
 -0.858  0.2197E-05
 -0.848  0.2597E-05
 -0.838  0.3129E-05
 -0.828  0.3800E-05
 -0.818  0.4622E-05
 -0.808  0.5603E-05
 -0.798  0.6752E-05
 -0.788  0.8074E-05
 -0.778  0.9572E-05
 -0.768  0.1124E-04
 -0.758  0.1308E-04
 -0.748  0.1508E-04
 -0.738  0.1721E-04
 -0.728  0.1945E-04
 -0.718  0.2178E-04
 -0.708  0.2415E-04
 -0.698  0.2654E-04
 -0.688  0.2890E-04
 -0.678  0.3120E-04
 -0.668  0.3339E-04
 -0.658  0.3545E-04
 -0.648  0.3734E-04
 -0.638  0.3904E-04
 -0.628  0.4055E-04
 -0.618  0.4187E-04
 -0.608  0.4299E-04
 -0.598  0.4395E-04
 -0.588  0.4477E-04
 -0.578  0.4549E-04
 -0.568  0.4614E-04
 -0.558  0.4677E-04
 -0.548  0.4742E-04
 -0.538  0.4813E-04
 -0.528  0.4893E-04
 -0.518  0.4984E-04
 -0.508  0.5087E-04
 -0.498  0.5202E-04
 -0.488  0.5328E-04
 -0.478  0.5461E-04
 -0.468  0.5599E-04
 -0.458  0.5736E-04
 -0.448  0.5866E-04
 -0.438  0.5983E-04
 -0.428  0.6083E-04
 -0.418  0.6158E-04
 -0.408  0.6205E-04
 -0.398  0.6218E-04
 -0.388  0.6195E-04
 -0.378  0.6135E-04
 -0.368  0.6037E-04
 -0.358  0.5902E-04
 -0.348  0.5733E-04
 -0.338  0.5534E-04
 -0.328  0.5309E-04
 -0.318  0.5064E-04
 -0.308  0.4805E-04
 -0.298  0.4538E-04
 -0.288  0.4268E-04
 -0.278  0.4001E-04
 -0.268  0.3742E-04
 -0.258  0.3495E-04
 -0.248  0.3262E-04
 -0.238  0.3047E-04
 -0.228  0.2849E-04
 -0.218  0.2668E-04
 -0.208  0.2506E-04
 -0.198  0.2360E-04
 -0.188  0.2228E-04
 -0.178  0.2110E-04
 -0.168  0.2004E-04
 -0.158  0.1909E-04
 -0.148  0.1824E-04
 -0.138  0.1749E-04
 -0.128  0.1685E-04
 -0.118  0.1633E-04
 -0.108  0.1595E-04
 -0.098  0.1576E-04
 -0.088  0.1578E-04
 -0.078  0.1606E-04
 -0.068  0.1667E-04
 -0.058  0.1764E-04
 -0.048  0.1905E-04
 -0.038  0.2095E-04
 -0.028  0.2340E-04
 -0.018  0.2645E-04
 -0.008  0.3015E-04
  0.002  0.3453E-04
  0.012  0.3962E-04
  0.022  0.4544E-04
  0.032  0.5199E-04
  0.042  0.5924E-04
  0.052  0.6718E-04
  0.062  0.7573E-04
  0.072  0.8484E-04
  0.082  0.9441E-04
  0.092  0.1043E-03
  0.102  0.1145E-03
  0.112  0.1248E-03
  0.122  0.1351E-03
  0.132  0.1453E-03
  0.142  0.1551E-03
  0.152  0.1646E-03
  0.162  0.1736E-03
  0.172  0.1819E-03
  0.182  0.1897E-03
  0.192  0.1967E-03
  0.202  0.2031E-03
  0.212  0.2089E-03
  0.222  0.2142E-03
  0.232  0.2190E-03
  0.242  0.2235E-03
  0.252  0.2278E-03
  0.262  0.2322E-03
  0.272  0.2367E-03
  0.282  0.2415E-03
  0.292  0.2466E-03
  0.302  0.2522E-03
  0.312  0.2581E-03
  0.322  0.2643E-03
  0.332  0.2707E-03
  0.342  0.2771E-03
  0.352  0.2832E-03
  0.362  0.2888E-03
  0.372  0.2935E-03
  0.382  0.2971E-03
  0.392  0.2992E-03
  0.402  0.2996E-03
  0.412  0.2980E-03
  0.422  0.2943E-03
  0.432  0.2884E-03
  0.442  0.2803E-03
  0.452  0.2700E-03
  0.462  0.2579E-03
  0.472  0.2440E-03
  0.482  0.2286E-03
  0.492  0.2122E-03
  0.502  0.1950E-03
  0.512  0.1773E-03
  0.522  0.1597E-03
  0.532  0.1423E-03
  0.542  0.1256E-03
  0.552  0.1096E-03
  0.562  0.9471E-04
  0.572  0.8097E-04
  0.582  0.6850E-04
  0.592  0.5734E-04
  0.602  0.4749E-04
  0.612  0.3892E-04
  0.622  0.3156E-04
  0.632  0.2532E-04
  0.642  0.2010E-04
  0.652  0.1579E-04
  0.662  0.1227E-04
  0.672  0.9431E-05
  0.682  0.7174E-05
  0.692  0.5399E-05
  0.702  0.4020E-05
  0.712  0.2962E-05
  0.722  0.2159E-05
  0.732  0.1557E-05
  0.742  0.1111E-05
  0.752  0.7840E-06
  0.762  0.5475E-06
  0.772  0.3783E-06
  0.782  0.2586E-06
  0.792  0.1749E-06
  0.802  0.1170E-06
  0.812  0.7749E-07
  0.822  0.5075E-07
  0.832  0.3289E-07
  0.842  0.2109E-07
