 -5.548  0.1663E-06
 -5.538  0.2570E-06
 -5.528  0.3931E-06
 -5.518  0.5948E-06
 -5.508  0.8902E-06
 -5.498  0.1318E-05
 -5.488  0.1931E-05
 -5.478  0.2798E-05
 -5.468  0.4011E-05
 -5.458  0.5688E-05
 -5.448  0.7980E-05
 -5.438  0.1108E-04
 -5.428  0.1521E-04
 -5.418  0.2066E-04
 -5.408  0.2777E-04
 -5.398  0.3693E-04
 -5.388  0.4858E-04
 -5.378  0.6323E-04
 -5.368  0.8144E-04
 -5.358  0.1038E-03
 -5.348  0.1308E-03
 -5.338  0.1633E-03
 -5.328  0.2016E-03
 -5.318  0.2463E-03
 -5.308  0.2978E-03
 -5.298  0.3565E-03
 -5.288  0.4225E-03
 -5.278  0.4956E-03
 -5.268  0.5757E-03
 -5.258  0.6623E-03
 -5.248  0.7547E-03
 -5.238  0.8521E-03
 -5.228  0.9535E-03
 -5.218  0.1058E-02
 -5.208  0.1164E-02
 -5.198  0.1271E-02
 -5.188  0.1377E-02
 -5.178  0.1482E-02
 -5.168  0.1586E-02
 -5.158  0.1687E-02
 -5.148  0.1787E-02
 -5.138  0.1886E-02
 -5.128  0.1984E-02
 -5.118  0.2083E-02
 -5.108  0.2184E-02
 -5.098  0.2289E-02
 -5.088  0.2399E-02
 -5.078  0.2517E-02
 -5.068  0.2644E-02
 -5.058  0.2781E-02
 -5.048  0.2930E-02
 -5.038  0.3091E-02
 -5.028  0.3266E-02
 -5.018  0.3453E-02
 -5.008  0.3653E-02
 -4.998  0.3863E-02
 -4.988  0.4083E-02
 -4.978  0.4310E-02
 -4.968  0.4541E-02
 -4.958  0.4774E-02
 -4.948  0.5006E-02
 -4.938  0.5232E-02
 -4.928  0.5450E-02
 -4.918  0.5655E-02
 -4.908  0.5844E-02
 -4.898  0.6015E-02
 -4.888  0.6163E-02
 -4.878  0.6287E-02
 -4.868  0.6384E-02
 -4.858  0.6452E-02
 -4.848  0.6491E-02
 -4.838  0.6500E-02
 -4.828  0.6478E-02
 -4.818  0.6425E-02
 -4.808  0.6342E-02
 -4.798  0.6231E-02
 -4.788  0.6091E-02
 -4.778  0.5924E-02
 -4.768  0.5732E-02
 -4.758  0.5517E-02
 -4.748  0.5281E-02
 -4.738  0.5026E-02
 -4.728  0.4755E-02
 -4.718  0.4470E-02
 -4.708  0.4175E-02
 -4.698  0.3873E-02
 -4.688  0.3568E-02
 -4.678  0.3262E-02
 -4.668  0.2960E-02
 -4.658  0.2665E-02
 -4.648  0.2380E-02
 -4.638  0.2107E-02
 -4.628  0.1849E-02
 -4.618  0.1609E-02
 -4.608  0.1387E-02
 -4.598  0.1185E-02
 -4.588  0.1003E-02
 -4.578  0.8402E-03
 -4.568  0.6974E-03
 -4.558  0.5731E-03
 -4.548  0.4663E-03
 -4.538  0.3757E-03
 -4.528  0.2996E-03
 -4.518  0.2364E-03
 -4.508  0.1847E-03
 -4.498  0.1428E-03
 -4.488  0.1093E-03
 -4.478  0.8275E-04
 -4.468  0.6200E-04
 -4.458  0.4597E-04
 -4.448  0.3373E-04
 -4.438  0.2448E-04
 -4.428  0.1758E-04
 -4.418  0.1250E-04
 -4.408  0.8785E-05
 -4.398  0.6111E-05
 -4.388  0.4206E-05
 -4.378  0.2864E-05
 -4.368  0.1929E-05
 -4.358  0.1286E-05
 -4.348  0.8476E-06
 -4.338  0.5529E-06
 -4.328  0.3567E-06
 -4.318  0.2277E-06
 -4.308  0.1438E-06
 -4.298  0.8986E-07
 -4.288  0.5554E-07
 -4.278  0.3396E-07
 -4.268  0.2054E-07
 -4.258  0.1229E-07
 -4.248  0.7276E-08
 -4.238  0.4261E-08
 -4.228  0.2469E-08
 -4.218  0.1415E-08
 -4.208  0.8022E-09
 -4.198  0.4499E-09
 -4.188  0.2496E-09
 -4.178  0.1370E-09
 -4.168  0.7440E-10
 -4.158  0.3997E-10
 -4.148  0.2124E-10
 -4.138  0.1116E-10
 -4.128  0.5806E-11
 -4.118  0.2987E-11
 -4.108  0.1520E-11
 -4.098  0.7654E-12
 -4.088  0.3812E-12
 -4.078  0.1878E-12
 -4.068  0.9154E-13
 -4.058  0.4414E-13
 -4.048  0.2105E-13
 -4.038  0.9934E-14
 -4.028  0.4637E-14
 -4.018  0.2141E-14
 -4.008  0.9782E-15
 -3.998  0.4421E-15
 -3.988  0.1976E-15
 -3.978  0.8740E-16
 -3.968  0.3824E-16
 -3.958  0.1655E-16
 -3.948  0.7086E-17
 -3.938  0.3001E-17
 -3.928  0.1257E-17
 -3.918  0.5212E-18
 -3.908  0.2137E-18
 -3.898  0.8669E-19
 -3.888  0.3478E-19
 -3.878  0.1381E-19
 -3.868  0.5422E-20
 -3.858  0.2106E-20
 -3.848  0.8095E-21
 -3.838  0.3078E-21
 -3.828  0.1157E-21
 -3.818  0.4306E-22
 -3.808  0.1585E-22
 -3.798  0.5770E-23
 -3.788  0.2078E-23
 -3.778  0.7405E-24
 -3.768  0.2610E-24
 -3.758  0.9102E-25
 -3.748  0.3140E-25
 -3.738  0.1071E-25
 -3.728  0.3617E-26
 -3.718  0.1208E-26
 -3.708  0.3990E-27
 -3.698  0.1304E-27
 -3.688  0.4216E-28
 -3.678  0.1348E-28
 -3.668  0.4266E-29
 -3.658  0.1335E-29
 -3.648  0.4134E-30
 -3.638  0.1266E-30
 -3.628  0.3836E-31
 -3.618  0.1150E-31
 -3.608  0.3410E-32
 -3.598  0.1000E-32
 -3.588  0.2903E-33
 -3.578  0.8333E-34
 -3.568  0.2366E-34
 -3.558  0.6648E-35
 -3.548  0.1848E-35
 -3.538  0.5079E-36
 -3.528  0.1381E-36
 -3.518  0.3717E-37
 -3.508  0.9893E-38
 -3.498  0.2605E-38
 -3.488  0.6785E-39
 -3.478  0.1748E-39
 -3.468  0.4456E-40
 -3.458  0.1124E-40
 -3.448  0.2803E-41
 -3.438  0.6917E-42
 -3.428  0.1689E-42
 -3.418  0.4078E-43
 -3.408  0.9743E-44
 -3.398  0.2303E-44
 -3.388  0.5383E-45
 -3.378  0.1245E-45
 -3.368  0.2849E-46
 -3.358  0.6448E-47
 -3.348  0.1444E-47
 -3.338  0.3198E-48
 -3.328  0.7007E-49
 -3.318  0.1519E-49
 -3.308  0.3257E-50
 -3.298  0.6910E-51
 -3.288  0.1450E-51
 -3.278  0.3010E-52
 -3.268  0.6182E-53
 -3.258  0.1256E-53
 -3.248  0.2524E-54
 -3.238  0.5019E-55
 -3.228  0.9871E-56
 -3.218  0.1921E-56
 -3.208  0.3697E-57
 -3.198  0.7039E-58
 -3.188  0.1326E-58
 -3.178  0.2471E-59
 -3.168  0.4554E-60
 -3.158  0.8305E-61
 -3.148  0.1498E-61
 -3.138  0.2674E-62
 -3.128  0.4720E-63
 -3.118  0.8244E-64
 -3.108  0.1424E-64
 -3.098  0.2434E-65
 -3.088  0.4116E-66
 -3.078  0.6884E-67
 -3.068  0.1139E-67
 -3.058  0.1864E-68
 -3.048  0.3019E-69
 -3.038  0.4835E-70
 -3.028  0.7662E-71
 -3.018  0.1201E-71
 -3.008  0.1863E-72
 -2.998  0.2862E-73
 -2.988  0.4650E-74
 -2.978  0.2727E-74
 -2.968  0.1371E-73
 -2.958  0.8836E-73
 -2.948  0.5671E-72
 -2.938  0.3600E-71
 -2.928  0.2261E-70
 -2.918  0.1405E-69
 -2.908  0.8638E-69
 -2.898  0.5252E-68
 -2.888  0.3160E-67
 -2.878  0.1880E-66
 -2.868  0.1107E-65
 -2.858  0.6446E-65
 -2.848  0.3714E-64
 -2.838  0.2116E-63
 -2.828  0.1193E-62
 -2.818  0.6655E-62
 -2.808  0.3672E-61
 -2.798  0.2004E-60
 -2.788  0.1082E-59
 -2.778  0.5780E-59
 -2.768  0.3054E-58
 -2.758  0.1596E-57
 -2.748  0.8255E-57
 -2.738  0.4223E-56
 -2.728  0.2137E-55
 -2.718  0.1070E-54
 -2.708  0.5298E-54
 -2.698  0.2596E-53
 -2.688  0.1258E-52
 -2.678  0.6031E-52
 -2.668  0.2861E-51
 -2.658  0.1342E-50
 -2.648  0.6230E-50
 -2.638  0.2860E-49
 -2.628  0.1299E-48
 -2.618  0.5838E-48
 -2.608  0.2595E-47
 -2.598  0.1141E-46
 -2.588  0.4965E-46
 -2.578  0.2136E-45
 -2.568  0.9095E-45
 -2.558  0.3830E-44
 -2.548  0.1596E-43
 -2.538  0.6577E-43
 -2.528  0.2682E-42
 -2.518  0.1082E-41
 -2.508  0.4315E-41
 -2.498  0.1703E-40
 -2.488  0.6651E-40
 -2.478  0.2569E-39
 -2.468  0.9817E-39
 -2.458  0.3711E-38
 -2.448  0.1388E-37
 -2.438  0.5133E-37
 -2.428  0.1879E-36
 -2.418  0.6801E-36
 -2.408  0.2436E-35
 -2.398  0.8629E-35
 -2.388  0.3024E-34
 -2.378  0.1049E-33
 -2.368  0.3597E-33
 -2.358  0.1220E-32
 -2.348  0.4096E-32
 -2.338  0.1360E-31
 -2.328  0.4468E-31
 -2.318  0.1452E-30
 -2.308  0.4667E-30
 -2.298  0.1484E-29
 -2.288  0.4669E-29
 -2.278  0.1453E-28
 -2.268  0.4473E-28
 -2.258  0.1362E-27
 -2.248  0.4104E-27
 -2.238  0.1223E-26
 -2.228  0.3607E-26
 -2.218  0.1052E-25
 -2.208  0.3035E-25
 -2.198  0.8664E-25
 -2.188  0.2447E-24
 -2.178  0.6834E-24
 -2.168  0.1889E-23
 -2.158  0.5163E-23
 -2.148  0.1396E-22
 -2.138  0.3735E-22
 -2.128  0.9885E-22
 -2.118  0.2588E-21
 -2.108  0.6703E-21
 -2.098  0.1717E-20
 -2.088  0.4353E-20
 -2.078  0.1091E-19
 -2.068  0.2707E-19
 -2.058  0.6643E-19
 -2.048  0.1612E-18
 -2.038  0.3872E-18
 -2.028  0.9198E-18
 -2.018  0.2162E-17
 -2.008  0.5025E-17
 -1.998  0.1156E-16
 -1.988  0.2629E-16
 -1.978  0.5918E-16
 -1.968  0.1318E-15
 -1.958  0.2902E-15
 -1.948  0.6324E-15
 -1.938  0.1363E-14
 -1.928  0.2907E-14
 -1.918  0.6133E-14
 -1.908  0.1280E-13
 -1.898  0.2643E-13
 -1.888  0.5398E-13
 -1.878  0.1091E-12
 -1.868  0.2180E-12
 -1.858  0.4311E-12
 -1.848  0.8434E-12
 -1.838  0.1632E-11
 -1.828  0.3126E-11
 -1.818  0.5921E-11
 -1.808  0.1110E-10
 -1.798  0.2057E-10
 -1.788  0.3773E-10
 -1.778  0.6847E-10
 -1.768  0.1229E-09
 -1.758  0.2183E-09
 -1.748  0.3837E-09
 -1.738  0.6672E-09
 -1.728  0.1148E-08
 -1.718  0.1954E-08
 -1.708  0.3290E-08
 -1.698  0.5483E-08
 -1.688  0.9041E-08
 -1.678  0.1475E-07
 -1.668  0.2382E-07
 -1.658  0.3806E-07
 -1.648  0.6018E-07
 -1.638  0.9417E-07
 -1.628  0.1458E-06
 -1.618  0.2236E-06
 -1.608  0.3392E-06
 -1.598  0.5095E-06
 -1.588  0.7576E-06
 -1.578  0.1115E-05
 -1.568  0.1626E-05
 -1.558  0.2346E-05
 -1.548  0.3353E-05
 -1.538  0.4746E-05
 -1.528  0.6655E-05
 -1.518  0.9243E-05
 -1.508  0.1272E-04
 -1.498  0.1734E-04
 -1.488  0.2344E-04
 -1.478  0.3139E-04
 -1.468  0.4168E-04
 -1.458  0.5488E-04
 -1.448  0.7163E-04
 -1.438  0.9274E-04
 -1.428  0.1191E-03
 -1.418  0.1517E-03
 -1.408  0.1918E-03
 -1.398  0.2405E-03
 -1.388  0.2993E-03
 -1.378  0.3698E-03
 -1.368  0.4533E-03
 -1.358  0.5516E-03
 -1.348  0.6663E-03
 -1.338  0.7989E-03
 -1.328  0.9507E-03
 -1.318  0.1123E-02
 -1.308  0.1316E-02
 -1.298  0.1531E-02
 -1.288  0.1768E-02
 -1.278  0.2024E-02
 -1.268  0.2300E-02
 -1.258  0.2592E-02
 -1.248  0.2897E-02
 -1.238  0.3211E-02
 -1.228  0.3529E-02
 -1.218  0.3845E-02
 -1.208  0.4151E-02
 -1.198  0.4443E-02
 -1.188  0.4711E-02
 -1.178  0.4949E-02
 -1.168  0.5151E-02
 -1.158  0.5311E-02
 -1.148  0.5423E-02
 -1.138  0.5484E-02
 -1.128  0.5491E-02
 -1.118  0.5444E-02
 -1.108  0.5344E-02
 -1.098  0.5193E-02
 -1.088  0.4996E-02
 -1.078  0.4757E-02
 -1.068  0.4484E-02
 -1.058  0.4183E-02
 -1.048  0.3862E-02
 -1.038  0.3528E-02
 -1.028  0.3191E-02
 -1.018  0.2855E-02
 -1.008  0.2529E-02
 -0.998  0.2217E-02
 -0.988  0.1923E-02
 -0.978  0.1652E-02
 -0.968  0.1405E-02
 -0.958  0.1184E-02
 -0.948  0.9893E-03
 -0.938  0.8212E-03
 -0.928  0.6789E-03
 -0.918  0.5614E-03
 -0.908  0.4673E-03
 -0.898  0.3955E-03
 -0.888  0.3447E-03
 -0.878  0.3138E-03
 -0.868  0.3021E-03
 -0.858  0.3088E-03
 -0.848  0.3340E-03
 -0.838  0.3774E-03
 -0.828  0.4395E-03
 -0.818  0.5207E-03
 -0.808  0.6215E-03
 -0.798  0.7423E-03
 -0.788  0.8837E-03
 -0.778  0.1046E-02
 -0.768  0.1228E-02
 -0.758  0.1430E-02
 -0.748  0.1652E-02
 -0.738  0.1890E-02
 -0.728  0.2144E-02
 -0.718  0.2411E-02
 -0.708  0.2688E-02
 -0.698  0.2973E-02
 -0.688  0.3262E-02
 -0.678  0.3554E-02
 -0.668  0.3845E-02
 -0.658  0.4134E-02
 -0.648  0.4421E-02
 -0.638  0.4706E-02
 -0.628  0.4990E-02
 -0.618  0.5276E-02
 -0.608  0.5566E-02
 -0.598  0.5864E-02
 -0.588  0.6175E-02
 -0.578  0.6504E-02
 -0.568  0.6855E-02
 -0.558  0.7231E-02
 -0.548  0.7634E-02
 -0.538  0.8065E-02
 -0.528  0.8522E-02
 -0.518  0.9003E-02
 -0.508  0.9500E-02
 -0.498  0.1001E-01
 -0.488  0.1051E-01
 -0.478  0.1100E-01
 -0.468  0.1146E-01
 -0.458  0.1188E-01
 -0.448  0.1225E-01
 -0.438  0.1255E-01
 -0.428  0.1276E-01
 -0.418  0.1289E-01
 -0.408  0.1292E-01
 -0.398  0.1285E-01
 -0.388  0.1269E-01
 -0.378  0.1242E-01
 -0.368  0.1206E-01
 -0.358  0.1163E-01
 -0.348  0.1112E-01
 -0.338  0.1056E-01
 -0.328  0.9965E-02
 -0.318  0.9342E-02
 -0.308  0.8711E-02
 -0.298  0.8085E-02
 -0.288  0.7477E-02
 -0.278  0.6899E-02
 -0.268  0.6358E-02
 -0.258  0.5861E-02
 -0.248  0.5412E-02
 -0.238  0.5012E-02
 -0.228  0.4658E-02
 -0.218  0.4350E-02
 -0.208  0.4082E-02
 -0.198  0.3849E-02
 -0.188  0.3645E-02
 -0.178  0.3464E-02
 -0.168  0.3301E-02
 -0.158  0.3151E-02
 -0.148  0.3010E-02
 -0.138  0.2874E-02
 -0.128  0.2744E-02
 -0.118  0.2617E-02
 -0.108  0.2496E-02
 -0.098  0.2382E-02
 -0.088  0.2278E-02
 -0.078  0.2189E-02
 -0.068  0.2120E-02
 -0.058  0.2074E-02
 -0.048  0.2057E-02
 -0.038  0.2073E-02
 -0.028  0.2127E-02
 -0.018  0.2222E-02
 -0.008  0.2361E-02
  0.002  0.2546E-02
  0.012  0.2778E-02
  0.022  0.3055E-02
  0.032  0.3376E-02
  0.042  0.3738E-02
  0.052  0.4137E-02
  0.062  0.4568E-02
  0.072  0.5024E-02
  0.082  0.5497E-02
  0.092  0.5980E-02
  0.102  0.6464E-02
  0.112  0.6939E-02
  0.122  0.7397E-02
  0.132  0.7829E-02
  0.142  0.8226E-02
  0.152  0.8580E-02
  0.162  0.8883E-02
  0.172  0.9131E-02
  0.182  0.9317E-02
  0.192  0.9440E-02
  0.202  0.9497E-02
  0.212  0.9488E-02
  0.222  0.9416E-02
  0.232  0.9283E-02
  0.242  0.9095E-02
  0.252  0.8858E-02
  0.262  0.8579E-02
  0.272  0.8267E-02
  0.282  0.7929E-02
  0.292  0.7574E-02
  0.302  0.7211E-02
  0.312  0.6847E-02
  0.322  0.6489E-02
  0.332  0.6141E-02
  0.342  0.5808E-02
  0.352  0.5493E-02
  0.362  0.5197E-02
  0.372  0.4919E-02
  0.382  0.4659E-02
  0.392  0.4415E-02
  0.402  0.4183E-02
  0.412  0.3962E-02
  0.422  0.3747E-02
  0.432  0.3537E-02
  0.442  0.3329E-02
  0.452  0.3122E-02
  0.462  0.2913E-02
  0.472  0.2704E-02
  0.482  0.2495E-02
  0.492  0.2286E-02
  0.502  0.2079E-02
  0.512  0.1876E-02
  0.522  0.1679E-02
  0.532  0.1489E-02
  0.542  0.1309E-02
  0.552  0.1140E-02
  0.562  0.9830E-03
  0.572  0.8396E-03
  0.582  0.7100E-03
  0.592  0.5944E-03
  0.602  0.4926E-03
  0.612  0.4040E-03
  0.622  0.3280E-03
  0.632  0.2635E-03
  0.642  0.2095E-03
  0.652  0.1648E-03
  0.662  0.1283E-03
  0.672  0.9886E-04
  0.682  0.7535E-04
  0.692  0.5683E-04
  0.702  0.4241E-04
  0.712  0.3132E-04
  0.722  0.2288E-04
  0.732  0.1654E-04
  0.742  0.1183E-04
  0.752  0.8370E-05
  0.762  0.5860E-05
  0.772  0.4059E-05
  0.782  0.2782E-05
  0.792  0.1886E-05
  0.802  0.1265E-05
  0.812  0.8399E-06
  0.822  0.5516E-06
  0.832  0.3584E-06
  0.842  0.2304E-06
