 -5.548  0.5494E-08
 -5.538  0.8496E-08
 -5.528  0.1300E-07
 -5.518  0.1967E-07
 -5.508  0.2945E-07
 -5.498  0.4363E-07
 -5.488  0.6394E-07
 -5.478  0.9272E-07
 -5.468  0.1330E-06
 -5.458  0.1888E-06
 -5.448  0.2652E-06
 -5.438  0.3686E-06
 -5.428  0.5069E-06
 -5.418  0.6899E-06
 -5.408  0.9292E-06
 -5.398  0.1239E-05
 -5.388  0.1635E-05
 -5.378  0.2135E-05
 -5.368  0.2761E-05
 -5.358  0.3536E-05
 -5.348  0.4485E-05
 -5.338  0.5635E-05
 -5.328  0.7013E-05
 -5.318  0.8651E-05
 -5.308  0.1058E-04
 -5.298  0.1283E-04
 -5.288  0.1543E-04
 -5.278  0.1842E-04
 -5.268  0.2183E-04
 -5.258  0.2569E-04
 -5.248  0.3006E-04
 -5.238  0.3496E-04
 -5.228  0.4045E-04
 -5.218  0.4658E-04
 -5.208  0.5341E-04
 -5.198  0.6100E-04
 -5.188  0.6943E-04
 -5.178  0.7877E-04
 -5.168  0.8909E-04
 -5.158  0.1005E-03
 -5.148  0.1129E-03
 -5.138  0.1265E-03
 -5.128  0.1413E-03
 -5.118  0.1571E-03
 -5.108  0.1741E-03
 -5.098  0.1920E-03
 -5.088  0.2107E-03
 -5.078  0.2300E-03
 -5.068  0.2497E-03
 -5.058  0.2694E-03
 -5.048  0.2889E-03
 -5.038  0.3077E-03
 -5.028  0.3256E-03
 -5.018  0.3422E-03
 -5.008  0.3573E-03
 -4.998  0.3704E-03
 -4.988  0.3814E-03
 -4.978  0.3902E-03
 -4.968  0.3966E-03
 -4.958  0.4007E-03
 -4.948  0.4025E-03
 -4.938  0.4021E-03
 -4.928  0.3997E-03
 -4.918  0.3956E-03
 -4.908  0.3899E-03
 -4.898  0.3830E-03
 -4.888  0.3752E-03
 -4.878  0.3666E-03
 -4.868  0.3576E-03
 -4.858  0.3483E-03
 -4.848  0.3389E-03
 -4.838  0.3295E-03
 -4.828  0.3201E-03
 -4.818  0.3108E-03
 -4.808  0.3016E-03
 -4.798  0.2923E-03
 -4.788  0.2830E-03
 -4.778  0.2734E-03
 -4.768  0.2635E-03
 -4.758  0.2533E-03
 -4.748  0.2426E-03
 -4.738  0.2314E-03
 -4.728  0.2197E-03
 -4.718  0.2074E-03
 -4.708  0.1947E-03
 -4.698  0.1816E-03
 -4.688  0.1682E-03
 -4.678  0.1546E-03
 -4.668  0.1411E-03
 -4.658  0.1277E-03
 -4.648  0.1145E-03
 -4.638  0.1019E-03
 -4.628  0.8981E-04
 -4.618  0.7844E-04
 -4.608  0.6786E-04
 -4.598  0.5816E-04
 -4.588  0.4935E-04
 -4.578  0.4147E-04
 -4.568  0.3450E-04
 -4.558  0.2841E-04
 -4.548  0.2316E-04
 -4.538  0.1869E-04
 -4.528  0.1493E-04
 -4.518  0.1180E-04
 -4.508  0.9226E-05
 -4.498  0.7141E-05
 -4.488  0.5469E-05
 -4.478  0.4144E-05
 -4.468  0.3107E-05
 -4.458  0.2305E-05
 -4.448  0.1692E-05
 -4.438  0.1229E-05
 -4.428  0.8831E-06
 -4.418  0.6278E-06
 -4.408  0.4415E-06
 -4.398  0.3072E-06
 -4.388  0.2115E-06
 -4.378  0.1440E-06
 -4.368  0.9703E-07
 -4.358  0.6468E-07
 -4.348  0.4265E-07
 -4.338  0.2782E-07
 -4.328  0.1795E-07
 -4.318  0.1146E-07
 -4.308  0.7239E-08
 -4.298  0.4523E-08
 -4.288  0.2796E-08
 -4.278  0.1710E-08
 -4.268  0.1034E-08
 -4.258  0.6189E-09
 -4.248  0.3664E-09
 -4.238  0.2146E-09
 -4.228  0.1243E-09
 -4.218  0.7124E-10
 -4.208  0.4039E-10
 -4.198  0.2266E-10
 -4.188  0.1257E-10
 -4.178  0.6900E-11
 -4.168  0.3747E-11
 -4.158  0.2013E-11
 -4.148  0.1070E-11
 -4.138  0.5623E-12
 -4.128  0.2924E-12
 -4.118  0.1504E-12
 -4.108  0.7656E-13
 -4.098  0.3854E-13
 -4.088  0.1920E-13
 -4.078  0.9459E-14
 -4.068  0.4610E-14
 -4.058  0.2223E-14
 -4.048  0.1060E-14
 -4.038  0.5003E-15
 -4.028  0.2335E-15
 -4.018  0.1078E-15
 -4.008  0.4927E-16
 -3.998  0.2226E-16
 -3.988  0.9953E-17
 -3.978  0.4402E-17
 -3.968  0.1926E-17
 -3.958  0.8334E-18
 -3.948  0.3568E-18
 -3.938  0.1511E-18
 -3.928  0.6332E-19
 -3.918  0.2625E-19
 -3.908  0.1076E-19
 -3.898  0.4366E-20
 -3.888  0.1752E-20
 -3.878  0.6954E-21
 -3.868  0.2731E-21
 -3.858  0.1061E-21
 -3.848  0.4077E-22
 -3.838  0.1550E-22
 -3.828  0.5829E-23
 -3.818  0.2169E-23
 -3.808  0.7981E-24
 -3.798  0.2906E-24
 -3.788  0.1047E-24
 -3.778  0.3729E-25
 -3.768  0.1315E-25
 -3.758  0.4584E-26
 -3.748  0.1581E-26
 -3.738  0.5395E-27
 -3.728  0.1821E-27
 -3.718  0.6082E-28
 -3.708  0.2009E-28
 -3.698  0.6567E-29
 -3.688  0.2123E-29
 -3.678  0.6790E-30
 -3.668  0.2148E-30
 -3.658  0.6723E-31
 -3.648  0.2082E-31
 -3.638  0.6376E-32
 -3.628  0.1932E-32
 -3.618  0.5791E-33
 -3.608  0.1717E-33
 -3.598  0.5037E-34
 -3.588  0.1462E-34
 -3.578  0.4196E-35
 -3.568  0.1192E-35
 -3.558  0.3348E-36
 -3.548  0.9304E-37
 -3.538  0.2558E-37
 -3.528  0.6957E-38
 -3.518  0.1872E-38
 -3.508  0.4982E-39
 -3.498  0.1312E-39
 -3.488  0.3417E-40
 -3.478  0.8803E-41
 -3.468  0.2244E-41
 -3.458  0.5659E-42
 -3.448  0.1412E-42
 -3.438  0.3483E-43
 -3.428  0.8504E-44
 -3.418  0.2054E-44
 -3.408  0.4906E-45
 -3.398  0.1159E-45
 -3.388  0.2711E-46
 -3.378  0.6270E-47
 -3.368  0.1435E-47
 -3.358  0.3247E-48
 -3.348  0.7270E-49
 -3.338  0.1610E-49
 -3.328  0.3529E-50
 -3.318  0.7649E-51
 -3.308  0.1640E-51
 -3.298  0.3479E-52
 -3.288  0.7302E-53
 -3.278  0.1516E-53
 -3.268  0.3113E-54
 -3.258  0.6324E-55
 -3.248  0.1271E-55
 -3.238  0.2527E-56
 -3.228  0.4970E-57
 -3.218  0.9671E-58
 -3.208  0.1861E-58
 -3.198  0.3544E-59
 -3.188  0.6676E-60
 -3.178  0.1244E-60
 -3.168  0.2293E-61
 -3.158  0.4182E-62
 -3.148  0.7544E-63
 -3.138  0.1346E-63
 -3.128  0.2377E-64
 -3.118  0.4151E-65
 -3.108  0.7171E-66
 -3.098  0.1226E-66
 -3.088  0.2072E-67
 -3.078  0.3466E-68
 -3.068  0.5735E-69
 -3.058  0.9387E-70
 -3.048  0.1520E-70
 -3.038  0.2435E-71
 -3.028  0.3858E-72
 -3.018  0.6048E-73
 -3.008  0.9381E-74
 -2.998  0.1451E-74
 -2.988  0.3019E-75
 -2.978  0.5864E-75
 -2.968  0.3636E-74
 -2.958  0.2356E-73
 -2.948  0.1512E-72
 -2.938  0.9600E-72
 -2.928  0.6030E-71
 -2.918  0.3747E-70
 -2.908  0.2303E-69
 -2.898  0.1400E-68
 -2.888  0.8425E-68
 -2.878  0.5013E-67
 -2.868  0.2951E-66
 -2.858  0.1719E-65
 -2.848  0.9902E-65
 -2.838  0.5643E-64
 -2.828  0.3182E-63
 -2.818  0.1774E-62
 -2.808  0.9790E-62
 -2.798  0.5344E-61
 -2.788  0.2885E-60
 -2.778  0.1541E-59
 -2.768  0.8143E-59
 -2.758  0.4257E-58
 -2.748  0.2201E-57
 -2.738  0.1126E-56
 -2.728  0.5698E-56
 -2.718  0.2853E-55
 -2.708  0.1413E-54
 -2.698  0.6921E-54
 -2.688  0.3354E-53
 -2.678  0.1608E-52
 -2.668  0.7627E-52
 -2.658  0.3579E-51
 -2.648  0.1661E-50
 -2.638  0.7627E-50
 -2.628  0.3464E-49
 -2.618  0.1557E-48
 -2.608  0.6920E-48
 -2.598  0.3043E-47
 -2.588  0.1324E-46
 -2.578  0.5697E-46
 -2.568  0.2425E-45
 -2.558  0.1021E-44
 -2.548  0.4255E-44
 -2.538  0.1754E-43
 -2.528  0.7150E-43
 -2.518  0.2884E-42
 -2.508  0.1151E-41
 -2.498  0.4542E-41
 -2.488  0.1773E-40
 -2.478  0.6850E-40
 -2.468  0.2617E-39
 -2.458  0.9894E-39
 -2.448  0.3700E-38
 -2.438  0.1369E-37
 -2.428  0.5009E-37
 -2.418  0.1813E-36
 -2.408  0.6495E-36
 -2.398  0.2301E-35
 -2.388  0.8064E-35
 -2.378  0.2796E-34
 -2.368  0.9590E-34
 -2.358  0.3254E-33
 -2.348  0.1092E-32
 -2.338  0.3627E-32
 -2.328  0.1191E-31
 -2.318  0.3871E-31
 -2.308  0.1244E-30
 -2.298  0.3957E-30
 -2.288  0.1245E-29
 -2.278  0.3874E-29
 -2.268  0.1193E-28
 -2.258  0.3632E-28
 -2.248  0.1094E-27
 -2.238  0.3262E-27
 -2.228  0.9617E-27
 -2.218  0.2805E-26
 -2.208  0.8094E-26
 -2.198  0.2310E-25
 -2.188  0.6523E-25
 -2.178  0.1822E-24
 -2.168  0.5035E-24
 -2.158  0.1377E-23
 -2.148  0.3723E-23
 -2.138  0.9959E-23
 -2.128  0.2636E-22
 -2.118  0.6900E-22
 -2.108  0.1787E-21
 -2.098  0.4579E-21
 -2.088  0.1160E-20
 -2.078  0.2910E-20
 -2.068  0.7217E-20
 -2.058  0.1771E-19
 -2.048  0.4299E-19
 -2.038  0.1032E-18
 -2.028  0.2452E-18
 -2.018  0.5762E-18
 -2.008  0.1340E-17
 -1.998  0.3081E-17
 -1.988  0.7009E-17
 -1.978  0.1577E-16
 -1.968  0.3512E-16
 -1.958  0.7736E-16
 -1.948  0.1686E-15
 -1.938  0.3633E-15
 -1.928  0.7747E-15
 -1.918  0.1634E-14
 -1.908  0.3410E-14
 -1.898  0.7040E-14
 -1.888  0.1438E-13
 -1.878  0.2905E-13
 -1.868  0.5806E-13
 -1.858  0.1148E-12
 -1.848  0.2246E-12
 -1.838  0.4345E-12
 -1.828  0.8318E-12
 -1.818  0.1575E-11
 -1.808  0.2951E-11
 -1.798  0.5470E-11
 -1.788  0.1003E-10
 -1.778  0.1820E-10
 -1.768  0.3265E-10
 -1.758  0.5798E-10
 -1.748  0.1018E-09
 -1.738  0.1770E-09
 -1.728  0.3042E-09
 -1.718  0.5175E-09
 -1.708  0.8708E-09
 -1.698  0.1450E-08
 -1.688  0.2388E-08
 -1.678  0.3892E-08
 -1.668  0.6277E-08
 -1.658  0.1002E-07
 -1.648  0.1581E-07
 -1.638  0.2470E-07
 -1.628  0.3818E-07
 -1.618  0.5840E-07
 -1.608  0.8840E-07
 -1.598  0.1324E-06
 -1.588  0.1963E-06
 -1.578  0.2880E-06
 -1.568  0.4182E-06
 -1.558  0.6011E-06
 -1.548  0.8552E-06
 -1.538  0.1205E-05
 -1.528  0.1680E-05
 -1.518  0.2319E-05
 -1.508  0.3170E-05
 -1.498  0.4290E-05
 -1.488  0.5752E-05
 -1.478  0.7637E-05
 -1.468  0.1005E-04
 -1.458  0.1309E-04
 -1.448  0.1690E-04
 -1.438  0.2162E-04
 -1.428  0.2742E-04
 -1.418  0.3447E-04
 -1.408  0.4295E-04
 -1.398  0.5307E-04
 -1.388  0.6503E-04
 -1.378  0.7902E-04
 -1.368  0.9526E-04
 -1.358  0.1139E-03
 -1.348  0.1352E-03
 -1.338  0.1592E-03
 -1.328  0.1860E-03
 -1.318  0.2157E-03
 -1.308  0.2482E-03
 -1.298  0.2836E-03
 -1.288  0.3215E-03
 -1.278  0.3618E-03
 -1.268  0.4042E-03
 -1.258  0.4480E-03
 -1.248  0.4928E-03
 -1.238  0.5379E-03
 -1.228  0.5825E-03
 -1.218  0.6259E-03
 -1.208  0.6670E-03
 -1.198  0.7050E-03
 -1.188  0.7389E-03
 -1.178  0.7679E-03
 -1.168  0.7912E-03
 -1.158  0.8080E-03
 -1.148  0.8178E-03
 -1.138  0.8202E-03
 -1.128  0.8150E-03
 -1.118  0.8024E-03
 -1.108  0.7825E-03
 -1.098  0.7559E-03
 -1.088  0.7231E-03
 -1.078  0.6850E-03
 -1.068  0.6425E-03
 -1.058  0.5967E-03
 -1.048  0.5487E-03
 -1.038  0.4994E-03
 -1.028  0.4501E-03
 -1.018  0.4015E-03
 -1.008  0.3546E-03
 -0.998  0.3100E-03
 -0.988  0.2684E-03
 -0.978  0.2303E-03
 -0.968  0.1958E-03
 -0.958  0.1653E-03
 -0.948  0.1388E-03
 -0.938  0.1162E-03
 -0.928  0.9768E-04
 -0.918  0.8301E-04
 -0.908  0.7214E-04
 -0.898  0.6500E-04
 -0.888  0.6156E-04
 -0.878  0.6182E-04
 -0.868  0.6585E-04
 -0.858  0.7377E-04
 -0.848  0.8574E-04
 -0.838  0.1020E-03
 -0.828  0.1227E-03
 -0.818  0.1482E-03
 -0.808  0.1786E-03
 -0.798  0.2141E-03
 -0.788  0.2549E-03
 -0.778  0.3008E-03
 -0.768  0.3518E-03
 -0.758  0.4076E-03
 -0.748  0.4676E-03
 -0.738  0.5312E-03
 -0.728  0.5976E-03
 -0.718  0.6660E-03
 -0.708  0.7351E-03
 -0.698  0.8040E-03
 -0.688  0.8714E-03
 -0.678  0.9363E-03
 -0.668  0.9978E-03
 -0.658  0.1055E-02
 -0.648  0.1107E-02
 -0.638  0.1155E-02
 -0.628  0.1197E-02
 -0.618  0.1234E-02
 -0.608  0.1268E-02
 -0.598  0.1298E-02
 -0.588  0.1326E-02
 -0.578  0.1353E-02
 -0.568  0.1381E-02
 -0.558  0.1410E-02
 -0.548  0.1442E-02
 -0.538  0.1478E-02
 -0.528  0.1517E-02
 -0.518  0.1561E-02
 -0.508  0.1609E-02
 -0.498  0.1660E-02
 -0.488  0.1712E-02
 -0.478  0.1765E-02
 -0.468  0.1817E-02
 -0.458  0.1865E-02
 -0.448  0.1907E-02
 -0.438  0.1940E-02
 -0.428  0.1964E-02
 -0.418  0.1976E-02
 -0.408  0.1976E-02
 -0.398  0.1961E-02
 -0.388  0.1932E-02
 -0.378  0.1889E-02
 -0.368  0.1832E-02
 -0.358  0.1763E-02
 -0.348  0.1683E-02
 -0.338  0.1594E-02
 -0.328  0.1499E-02
 -0.318  0.1398E-02
 -0.308  0.1296E-02
 -0.298  0.1193E-02
 -0.288  0.1092E-02
 -0.278  0.9947E-03
 -0.268  0.9024E-03
 -0.258  0.8163E-03
 -0.248  0.7371E-03
 -0.238  0.6653E-03
 -0.228  0.6009E-03
 -0.218  0.5439E-03
 -0.208  0.4939E-03
 -0.198  0.4503E-03
 -0.188  0.4125E-03
 -0.178  0.3798E-03
 -0.168  0.3514E-03
 -0.158  0.3267E-03
 -0.148  0.3052E-03
 -0.138  0.2863E-03
 -0.128  0.2699E-03
 -0.118  0.2556E-03
 -0.108  0.2435E-03
 -0.098  0.2337E-03
 -0.088  0.2265E-03
 -0.078  0.2223E-03
 -0.068  0.2214E-03
 -0.058  0.2245E-03
 -0.048  0.2320E-03
 -0.038  0.2444E-03
 -0.028  0.2624E-03
 -0.018  0.2864E-03
 -0.008  0.3167E-03
  0.002  0.3537E-03
  0.012  0.3974E-03
  0.022  0.4478E-03
  0.032  0.5049E-03
  0.042  0.5681E-03
  0.052  0.6372E-03
  0.062  0.7113E-03
  0.072  0.7896E-03
  0.082  0.8711E-03
  0.092  0.9548E-03
  0.102  0.1039E-02
  0.112  0.1123E-02
  0.122  0.1206E-02
  0.132  0.1285E-02
  0.142  0.1359E-02
  0.152  0.1428E-02
  0.162  0.1490E-02
  0.172  0.1544E-02
  0.182  0.1590E-02
  0.192  0.1627E-02
  0.202  0.1654E-02
  0.212  0.1673E-02
  0.222  0.1683E-02
  0.232  0.1684E-02
  0.242  0.1679E-02
  0.252  0.1668E-02
  0.262  0.1652E-02
  0.272  0.1632E-02
  0.282  0.1611E-02
  0.292  0.1588E-02
  0.302  0.1566E-02
  0.312  0.1545E-02
  0.322  0.1526E-02
  0.332  0.1509E-02
  0.342  0.1493E-02
  0.352  0.1479E-02
  0.362  0.1466E-02
  0.372  0.1452E-02
  0.382  0.1438E-02
  0.392  0.1420E-02
  0.402  0.1399E-02
  0.412  0.1373E-02
  0.422  0.1341E-02
  0.432  0.1303E-02
  0.442  0.1258E-02
  0.452  0.1206E-02
  0.462  0.1147E-02
  0.472  0.1083E-02
  0.482  0.1014E-02
  0.492  0.9408E-03
  0.502  0.8650E-03
  0.512  0.7878E-03
  0.522  0.7106E-03
  0.532  0.6347E-03
  0.542  0.5613E-03
  0.552  0.4914E-03
  0.562  0.4258E-03
  0.572  0.3652E-03
  0.582  0.3100E-03
  0.592  0.2604E-03
  0.602  0.2165E-03
  0.612  0.1781E-03
  0.622  0.1449E-03
  0.632  0.1167E-03
  0.642  0.9302E-04
  0.652  0.7334E-04
  0.662  0.5722E-04
  0.672  0.4417E-04
  0.682  0.3373E-04
  0.692  0.2549E-04
  0.702  0.1906E-04
  0.712  0.1410E-04
  0.722  0.1032E-04
  0.732  0.7470E-05
  0.742  0.5352E-05
  0.752  0.3793E-05
  0.762  0.2660E-05
  0.772  0.1845E-05
  0.782  0.1267E-05
  0.792  0.8603E-06
  0.802  0.5780E-06
  0.812  0.3843E-06
  0.822  0.2527E-06
  0.832  0.1644E-06
  0.842  0.1059E-06
