 -5.548  0.5288E-09
 -5.538  0.8177E-09
 -5.528  0.1251E-08
 -5.518  0.1893E-08
 -5.508  0.2834E-08
 -5.498  0.4197E-08
 -5.488  0.6150E-08
 -5.478  0.8915E-08
 -5.468  0.1279E-07
 -5.458  0.1814E-07
 -5.448  0.2547E-07
 -5.438  0.3539E-07
 -5.428  0.4864E-07
 -5.418  0.6616E-07
 -5.408  0.8904E-07
 -5.398  0.1186E-06
 -5.388  0.1563E-06
 -5.378  0.2039E-06
 -5.368  0.2634E-06
 -5.358  0.3367E-06
 -5.348  0.4261E-06
 -5.338  0.5340E-06
 -5.328  0.6628E-06
 -5.318  0.8149E-06
 -5.308  0.9926E-06
 -5.298  0.1198E-05
 -5.288  0.1434E-05
 -5.278  0.1702E-05
 -5.268  0.2003E-05
 -5.258  0.2340E-05
 -5.248  0.2714E-05
 -5.238  0.3127E-05
 -5.228  0.3579E-05
 -5.218  0.4074E-05
 -5.208  0.4613E-05
 -5.198  0.5199E-05
 -5.188  0.5834E-05
 -5.178  0.6521E-05
 -5.168  0.7263E-05
 -5.158  0.8063E-05
 -5.148  0.8923E-05
 -5.138  0.9845E-05
 -5.128  0.1083E-04
 -5.118  0.1187E-04
 -5.108  0.1297E-04
 -5.098  0.1411E-04
 -5.088  0.1529E-04
 -5.078  0.1650E-04
 -5.068  0.1771E-04
 -5.058  0.1891E-04
 -5.048  0.2007E-04
 -5.038  0.2118E-04
 -5.028  0.2221E-04
 -5.018  0.2314E-04
 -5.008  0.2395E-04
 -4.998  0.2461E-04
 -4.988  0.2513E-04
 -4.978  0.2549E-04
 -4.968  0.2568E-04
 -4.958  0.2571E-04
 -4.948  0.2559E-04
 -4.938  0.2532E-04
 -4.928  0.2493E-04
 -4.918  0.2444E-04
 -4.908  0.2386E-04
 -4.898  0.2322E-04
 -4.888  0.2253E-04
 -4.878  0.2183E-04
 -4.868  0.2113E-04
 -4.858  0.2043E-04
 -4.848  0.1977E-04
 -4.838  0.1913E-04
 -4.828  0.1852E-04
 -4.818  0.1795E-04
 -4.808  0.1741E-04
 -4.798  0.1688E-04
 -4.788  0.1637E-04
 -4.778  0.1587E-04
 -4.768  0.1535E-04
 -4.758  0.1482E-04
 -4.748  0.1426E-04
 -4.738  0.1367E-04
 -4.728  0.1304E-04
 -4.718  0.1237E-04
 -4.708  0.1167E-04
 -4.698  0.1094E-04
 -4.688  0.1017E-04
 -4.678  0.9392E-05
 -4.668  0.8601E-05
 -4.658  0.7810E-05
 -4.648  0.7030E-05
 -4.638  0.6271E-05
 -4.628  0.5542E-05
 -4.618  0.4852E-05
 -4.608  0.4207E-05
 -4.598  0.3612E-05
 -4.588  0.3070E-05
 -4.578  0.2584E-05
 -4.568  0.2152E-05
 -4.558  0.1775E-05
 -4.548  0.1448E-05
 -4.538  0.1170E-05
 -4.528  0.9348E-06
 -4.518  0.7394E-06
 -4.508  0.5786E-06
 -4.498  0.4481E-06
 -4.488  0.3433E-06
 -4.478  0.2603E-06
 -4.468  0.1953E-06
 -4.458  0.1449E-06
 -4.448  0.1064E-06
 -4.438  0.7729E-07
 -4.428  0.5555E-07
 -4.418  0.3950E-07
 -4.408  0.2779E-07
 -4.398  0.1934E-07
 -4.388  0.1331E-07
 -4.378  0.9068E-08
 -4.368  0.6110E-08
 -4.358  0.4073E-08
 -4.348  0.2686E-08
 -4.338  0.1752E-08
 -4.328  0.1131E-08
 -4.318  0.7222E-09
 -4.308  0.4561E-09
 -4.298  0.2850E-09
 -4.288  0.1762E-09
 -4.278  0.1077E-09
 -4.268  0.6518E-10
 -4.258  0.3901E-10
 -4.248  0.2309E-10
 -4.238  0.1352E-10
 -4.228  0.7836E-11
 -4.218  0.4491E-11
 -4.208  0.2546E-11
 -4.198  0.1428E-11
 -4.188  0.7926E-12
 -4.178  0.4351E-12
 -4.168  0.2363E-12
 -4.158  0.1269E-12
 -4.148  0.6744E-13
 -4.138  0.3546E-13
 -4.128  0.1844E-13
 -4.118  0.9487E-14
 -4.108  0.4828E-14
 -4.098  0.2431E-14
 -4.088  0.1211E-14
 -4.078  0.5966E-15
 -4.068  0.2908E-15
 -4.058  0.1402E-15
 -4.048  0.6688E-16
 -4.038  0.3156E-16
 -4.028  0.1473E-16
 -4.018  0.6803E-17
 -4.008  0.3108E-17
 -3.998  0.1405E-17
 -3.988  0.6279E-18
 -3.978  0.2777E-18
 -3.968  0.1215E-18
 -3.958  0.5259E-19
 -3.948  0.2252E-19
 -3.938  0.9537E-20
 -3.928  0.3996E-20
 -3.918  0.1656E-20
 -3.908  0.6792E-21
 -3.898  0.2755E-21
 -3.888  0.1106E-21
 -3.878  0.4389E-22
 -3.868  0.1724E-22
 -3.858  0.6696E-23
 -3.848  0.2573E-23
 -3.838  0.9783E-24
 -3.828  0.3679E-24
 -3.818  0.1369E-24
 -3.808  0.5038E-25
 -3.798  0.1835E-25
 -3.788  0.6608E-26
 -3.778  0.2354E-26
 -3.768  0.8299E-27
 -3.758  0.2894E-27
 -3.748  0.9983E-28
 -3.738  0.3407E-28
 -3.728  0.1150E-28
 -3.718  0.3841E-29
 -3.708  0.1269E-29
 -3.698  0.4147E-30
 -3.688  0.1341E-30
 -3.678  0.4288E-31
 -3.668  0.1357E-31
 -3.658  0.4246E-32
 -3.648  0.1315E-32
 -3.638  0.4027E-33
 -3.628  0.1220E-33
 -3.618  0.3658E-34
 -3.608  0.1085E-34
 -3.598  0.3182E-35
 -3.588  0.9234E-36
 -3.578  0.2651E-36
 -3.568  0.7528E-37
 -3.558  0.2115E-37
 -3.548  0.5878E-38
 -3.538  0.1616E-38
 -3.528  0.4395E-39
 -3.518  0.1183E-39
 -3.508  0.3148E-40
 -3.498  0.8288E-41
 -3.488  0.2159E-41
 -3.478  0.5563E-42
 -3.468  0.1418E-42
 -3.458  0.3576E-43
 -3.448  0.8921E-44
 -3.438  0.2202E-44
 -3.428  0.5375E-45
 -3.418  0.1298E-45
 -3.408  0.3101E-46
 -3.398  0.7329E-47
 -3.388  0.1714E-47
 -3.378  0.3963E-48
 -3.368  0.9068E-49
 -3.358  0.2053E-49
 -3.348  0.4596E-50
 -3.338  0.1018E-50
 -3.328  0.2231E-51
 -3.318  0.4836E-52
 -3.308  0.1037E-52
 -3.298  0.2200E-53
 -3.288  0.4617E-54
 -3.278  0.9585E-55
 -3.268  0.1969E-55
 -3.258  0.3999E-56
 -3.248  0.8038E-57
 -3.238  0.1598E-57
 -3.228  0.3144E-58
 -3.218  0.6117E-59
 -3.208  0.1177E-59
 -3.198  0.2242E-60
 -3.188  0.4223E-61
 -3.178  0.7869E-62
 -3.168  0.1451E-62
 -3.158  0.2645E-63
 -3.148  0.4772E-64
 -3.138  0.8517E-65
 -3.128  0.1504E-65
 -3.118  0.2626E-66
 -3.108  0.4537E-67
 -3.098  0.7755E-68
 -3.088  0.1311E-68
 -3.078  0.2193E-69
 -3.068  0.3629E-70
 -3.058  0.5940E-71
 -3.048  0.9619E-72
 -3.038  0.1541E-72
 -3.028  0.2442E-73
 -3.018  0.3828E-74
 -3.008  0.5940E-75
 -2.998  0.9411E-76
 -2.988  0.3421E-76
 -2.978  0.1373E-75
 -2.968  0.8870E-75
 -2.958  0.5753E-74
 -2.948  0.3693E-73
 -2.938  0.2345E-72
 -2.928  0.1473E-71
 -2.918  0.9151E-71
 -2.908  0.5625E-70
 -2.898  0.3420E-69
 -2.888  0.2057E-68
 -2.878  0.1224E-67
 -2.868  0.7208E-67
 -2.858  0.4198E-66
 -2.848  0.2418E-65
 -2.838  0.1378E-64
 -2.828  0.7770E-64
 -2.818  0.4334E-63
 -2.808  0.2391E-62
 -2.798  0.1305E-61
 -2.788  0.7046E-61
 -2.778  0.3764E-60
 -2.768  0.1989E-59
 -2.758  0.1040E-58
 -2.748  0.5376E-58
 -2.738  0.2750E-57
 -2.728  0.1392E-56
 -2.718  0.6967E-56
 -2.708  0.3450E-55
 -2.698  0.1690E-54
 -2.688  0.8192E-54
 -2.678  0.3928E-53
 -2.668  0.1863E-52
 -2.658  0.8740E-52
 -2.648  0.4057E-51
 -2.638  0.1863E-50
 -2.628  0.8461E-50
 -2.618  0.3802E-49
 -2.608  0.1690E-48
 -2.598  0.7432E-48
 -2.588  0.3233E-47
 -2.578  0.1391E-46
 -2.568  0.5923E-46
 -2.558  0.2494E-45
 -2.548  0.1039E-44
 -2.538  0.4283E-44
 -2.528  0.1746E-43
 -2.518  0.7043E-43
 -2.508  0.2810E-42
 -2.498  0.1109E-41
 -2.488  0.4331E-41
 -2.478  0.1673E-40
 -2.468  0.6393E-40
 -2.458  0.2416E-39
 -2.448  0.9036E-39
 -2.438  0.3343E-38
 -2.428  0.1223E-37
 -2.418  0.4429E-37
 -2.408  0.1586E-36
 -2.398  0.5619E-36
 -2.388  0.1969E-35
 -2.378  0.6828E-35
 -2.368  0.2342E-34
 -2.358  0.7947E-34
 -2.348  0.2667E-33
 -2.338  0.8857E-33
 -2.328  0.2909E-32
 -2.318  0.9454E-32
 -2.308  0.3039E-31
 -2.298  0.9664E-31
 -2.288  0.3040E-30
 -2.278  0.9461E-30
 -2.268  0.2913E-29
 -2.258  0.8871E-29
 -2.248  0.2673E-28
 -2.238  0.7966E-28
 -2.228  0.2349E-27
 -2.218  0.6850E-27
 -2.208  0.1977E-26
 -2.198  0.5642E-26
 -2.188  0.1593E-25
 -2.178  0.4450E-25
 -2.168  0.1230E-24
 -2.158  0.3362E-24
 -2.148  0.9091E-24
 -2.138  0.2432E-23
 -2.128  0.6436E-23
 -2.118  0.1685E-22
 -2.108  0.4364E-22
 -2.098  0.1118E-21
 -2.088  0.2834E-21
 -2.078  0.7106E-21
 -2.068  0.1763E-20
 -2.058  0.4325E-20
 -2.048  0.1050E-19
 -2.038  0.2521E-19
 -2.028  0.5988E-19
 -2.018  0.1407E-18
 -2.008  0.3271E-18
 -1.998  0.7523E-18
 -1.988  0.1712E-17
 -1.978  0.3852E-17
 -1.968  0.8576E-17
 -1.958  0.1889E-16
 -1.948  0.4116E-16
 -1.938  0.8871E-16
 -1.928  0.1892E-15
 -1.918  0.3990E-15
 -1.908  0.8326E-15
 -1.898  0.1719E-14
 -1.888  0.3510E-14
 -1.878  0.7091E-14
 -1.868  0.1417E-13
 -1.858  0.2802E-13
 -1.848  0.5481E-13
 -1.838  0.1060E-12
 -1.828  0.2030E-12
 -1.818  0.3844E-12
 -1.808  0.7201E-12
 -1.798  0.1334E-11
 -1.788  0.2447E-11
 -1.778  0.4437E-11
 -1.768  0.7962E-11
 -1.758  0.1413E-10
 -1.748  0.2482E-10
 -1.738  0.4312E-10
 -1.728  0.7412E-10
 -1.718  0.1260E-09
 -1.708  0.2120E-09
 -1.698  0.3529E-09
 -1.688  0.5810E-09
 -1.678  0.9465E-09
 -1.668  0.1526E-08
 -1.658  0.2433E-08
 -1.648  0.3838E-08
 -1.638  0.5991E-08
 -1.628  0.9254E-08
 -1.618  0.1414E-07
 -1.608  0.2138E-07
 -1.598  0.3200E-07
 -1.588  0.4738E-07
 -1.578  0.6942E-07
 -1.568  0.1006E-06
 -1.558  0.1444E-06
 -1.548  0.2051E-06
 -1.538  0.2883E-06
 -1.528  0.4010E-06
 -1.518  0.5523E-06
 -1.508  0.7528E-06
 -1.498  0.1016E-05
 -1.488  0.1357E-05
 -1.478  0.1796E-05
 -1.468  0.2352E-05
 -1.458  0.3052E-05
 -1.448  0.3921E-05
 -1.438  0.4991E-05
 -1.428  0.6294E-05
 -1.418  0.7863E-05
 -1.408  0.9734E-05
 -1.398  0.1194E-04
 -1.388  0.1452E-04
 -1.378  0.1751E-04
 -1.368  0.2093E-04
 -1.358  0.2481E-04
 -1.348  0.2917E-04
 -1.338  0.3402E-04
 -1.328  0.3936E-04
 -1.318  0.4518E-04
 -1.308  0.5147E-04
 -1.298  0.5818E-04
 -1.288  0.6527E-04
 -1.278  0.7268E-04
 -1.268  0.8033E-04
 -1.258  0.8812E-04
 -1.248  0.9596E-04
 -1.238  0.1037E-03
 -1.228  0.1112E-03
 -1.218  0.1184E-03
 -1.208  0.1251E-03
 -1.198  0.1311E-03
 -1.188  0.1363E-03
 -1.178  0.1407E-03
 -1.168  0.1439E-03
 -1.158  0.1460E-03
 -1.148  0.1469E-03
 -1.138  0.1466E-03
 -1.128  0.1449E-03
 -1.118  0.1420E-03
 -1.108  0.1379E-03
 -1.098  0.1327E-03
 -1.088  0.1266E-03
 -1.078  0.1195E-03
 -1.068  0.1118E-03
 -1.058  0.1036E-03
 -1.048  0.9508E-04
 -1.038  0.8639E-04
 -1.028  0.7773E-04
 -1.018  0.6925E-04
 -1.008  0.6109E-04
 -0.998  0.5337E-04
 -0.988  0.4619E-04
 -0.978  0.3962E-04
 -0.968  0.3371E-04
 -0.958  0.2849E-04
 -0.948  0.2398E-04
 -0.938  0.2018E-04
 -0.928  0.1708E-04
 -0.918  0.1469E-04
 -0.908  0.1299E-04
 -0.898  0.1198E-04
 -0.888  0.1166E-04
 -0.878  0.1206E-04
 -0.868  0.1319E-04
 -0.858  0.1510E-04
 -0.848  0.1783E-04
 -0.838  0.2144E-04
 -0.828  0.2598E-04
 -0.818  0.3153E-04
 -0.808  0.3812E-04
 -0.798  0.4581E-04
 -0.788  0.5462E-04
 -0.778  0.6455E-04
 -0.768  0.7558E-04
 -0.758  0.8764E-04
 -0.748  0.1006E-03
 -0.738  0.1144E-03
 -0.728  0.1288E-03
 -0.718  0.1437E-03
 -0.708  0.1587E-03
 -0.698  0.1736E-03
 -0.688  0.1882E-03
 -0.678  0.2022E-03
 -0.668  0.2154E-03
 -0.658  0.2275E-03
 -0.648  0.2385E-03
 -0.638  0.2482E-03
 -0.628  0.2566E-03
 -0.618  0.2636E-03
 -0.608  0.2695E-03
 -0.598  0.2743E-03
 -0.588  0.2783E-03
 -0.578  0.2818E-03
 -0.568  0.2849E-03
 -0.558  0.2880E-03
 -0.548  0.2914E-03
 -0.538  0.2952E-03
 -0.528  0.2997E-03
 -0.518  0.3049E-03
 -0.508  0.3108E-03
 -0.498  0.3175E-03
 -0.488  0.3247E-03
 -0.478  0.3322E-03
 -0.468  0.3398E-03
 -0.458  0.3471E-03
 -0.448  0.3537E-03
 -0.438  0.3593E-03
 -0.428  0.3635E-03
 -0.418  0.3659E-03
 -0.408  0.3662E-03
 -0.398  0.3644E-03
 -0.388  0.3602E-03
 -0.378  0.3535E-03
 -0.368  0.3446E-03
 -0.358  0.3334E-03
 -0.348  0.3203E-03
 -0.338  0.3055E-03
 -0.328  0.2893E-03
 -0.318  0.2722E-03
 -0.308  0.2544E-03
 -0.298  0.2365E-03
 -0.288  0.2187E-03
 -0.278  0.2014E-03
 -0.268  0.1849E-03
 -0.258  0.1693E-03
 -0.248  0.1548E-03
 -0.238  0.1416E-03
 -0.228  0.1297E-03
 -0.218  0.1190E-03
 -0.208  0.1095E-03
 -0.198  0.1011E-03
 -0.188  0.9374E-04
 -0.178  0.8729E-04
 -0.168  0.8163E-04
 -0.158  0.7666E-04
 -0.148  0.7229E-04
 -0.138  0.6847E-04
 -0.128  0.6517E-04
 -0.118  0.6239E-04
 -0.108  0.6018E-04
 -0.098  0.5861E-04
 -0.088  0.5778E-04
 -0.078  0.5784E-04
 -0.068  0.5892E-04
 -0.058  0.6120E-04
 -0.048  0.6484E-04
 -0.038  0.7003E-04
 -0.028  0.7692E-04
 -0.018  0.8567E-04
 -0.008  0.9639E-04
  0.002  0.1092E-03
  0.012  0.1241E-03
  0.022  0.1412E-03
  0.032  0.1604E-03
  0.042  0.1816E-03
  0.052  0.2047E-03
  0.062  0.2294E-03
  0.072  0.2557E-03
  0.082  0.2830E-03
  0.092  0.3112E-03
  0.102  0.3398E-03
  0.112  0.3684E-03
  0.122  0.3967E-03
  0.132  0.4242E-03
  0.142  0.4505E-03
  0.152  0.4753E-03
  0.162  0.4982E-03
  0.172  0.5190E-03
  0.182  0.5374E-03
  0.192  0.5535E-03
  0.202  0.5672E-03
  0.212  0.5786E-03
  0.222  0.5879E-03
  0.232  0.5954E-03
  0.242  0.6014E-03
  0.252  0.6064E-03
  0.262  0.6107E-03
  0.272  0.6148E-03
  0.282  0.6191E-03
  0.292  0.6240E-03
  0.302  0.6296E-03
  0.312  0.6360E-03
  0.322  0.6433E-03
  0.332  0.6512E-03
  0.342  0.6594E-03
  0.352  0.6675E-03
  0.362  0.6748E-03
  0.372  0.6808E-03
  0.382  0.6848E-03
  0.392  0.6861E-03
  0.402  0.6841E-03
  0.412  0.6783E-03
  0.422  0.6682E-03
  0.432  0.6537E-03
  0.442  0.6346E-03
  0.452  0.6111E-03
  0.462  0.5835E-03
  0.472  0.5522E-03
  0.482  0.5177E-03
  0.492  0.4808E-03
  0.502  0.4423E-03
  0.512  0.4028E-03
  0.522  0.3633E-03
  0.532  0.3243E-03
  0.542  0.2865E-03
  0.552  0.2506E-03
  0.562  0.2168E-03
  0.572  0.1857E-03
  0.582  0.1574E-03
  0.592  0.1320E-03
  0.602  0.1096E-03
  0.612  0.8998E-04
  0.622  0.7311E-04
  0.632  0.5878E-04
  0.642  0.4676E-04
  0.652  0.3680E-04
  0.662  0.2866E-04
  0.672  0.2208E-04
  0.682  0.1683E-04
  0.692  0.1269E-04
  0.702  0.9473E-05
  0.712  0.6994E-05
  0.722  0.5109E-05
  0.732  0.3692E-05
  0.742  0.2640E-05
  0.752  0.1868E-05
  0.762  0.1307E-05
  0.772  0.9053E-06
  0.782  0.6203E-06
  0.792  0.4205E-06
  0.802  0.2820E-06
  0.812  0.1871E-06
  0.822  0.1228E-06
  0.832  0.7978E-07
  0.842  0.5127E-07
