 -5.548  0.1867E-06
 -5.538  0.2886E-06
 -5.528  0.4414E-06
 -5.518  0.6678E-06
 -5.508  0.9995E-06
 -5.498  0.1480E-05
 -5.488  0.2168E-05
 -5.478  0.3141E-05
 -5.468  0.4503E-05
 -5.458  0.6386E-05
 -5.448  0.8960E-05
 -5.438  0.1244E-04
 -5.428  0.1708E-04
 -5.418  0.2320E-04
 -5.408  0.3118E-04
 -5.398  0.4146E-04
 -5.388  0.5454E-04
 -5.378  0.7098E-04
 -5.368  0.9141E-04
 -5.358  0.1165E-03
 -5.348  0.1468E-03
 -5.338  0.1832E-03
 -5.328  0.2262E-03
 -5.318  0.2763E-03
 -5.308  0.3341E-03
 -5.298  0.3999E-03
 -5.288  0.4737E-03
 -5.278  0.5556E-03
 -5.268  0.6453E-03
 -5.258  0.7421E-03
 -5.248  0.8453E-03
 -5.238  0.9540E-03
 -5.228  0.1067E-02
 -5.218  0.1183E-02
 -5.208  0.1301E-02
 -5.198  0.1419E-02
 -5.188  0.1536E-02
 -5.178  0.1652E-02
 -5.168  0.1765E-02
 -5.158  0.1876E-02
 -5.148  0.1985E-02
 -5.138  0.2091E-02
 -5.128  0.2196E-02
 -5.118  0.2302E-02
 -5.108  0.2410E-02
 -5.098  0.2522E-02
 -5.088  0.2640E-02
 -5.078  0.2766E-02
 -5.068  0.2902E-02
 -5.058  0.3050E-02
 -5.048  0.3211E-02
 -5.038  0.3387E-02
 -5.028  0.3578E-02
 -5.018  0.3784E-02
 -5.008  0.4004E-02
 -4.998  0.4237E-02
 -4.988  0.4482E-02
 -4.978  0.4735E-02
 -4.968  0.4995E-02
 -4.958  0.5256E-02
 -4.948  0.5516E-02
 -4.938  0.5771E-02
 -4.928  0.6016E-02
 -4.918  0.6247E-02
 -4.908  0.6459E-02
 -4.898  0.6650E-02
 -4.888  0.6815E-02
 -4.878  0.6952E-02
 -4.868  0.7058E-02
 -4.858  0.7131E-02
 -4.848  0.7169E-02
 -4.838  0.7173E-02
 -4.828  0.7142E-02
 -4.818  0.7076E-02
 -4.808  0.6977E-02
 -4.798  0.6844E-02
 -4.788  0.6681E-02
 -4.778  0.6488E-02
 -4.768  0.6268E-02
 -4.758  0.6023E-02
 -4.748  0.5756E-02
 -4.738  0.5469E-02
 -4.728  0.5166E-02
 -4.718  0.4849E-02
 -4.708  0.4522E-02
 -4.698  0.4190E-02
 -4.688  0.3854E-02
 -4.678  0.3520E-02
 -4.668  0.3191E-02
 -4.658  0.2869E-02
 -4.648  0.2560E-02
 -4.638  0.2264E-02
 -4.628  0.1986E-02
 -4.618  0.1727E-02
 -4.608  0.1488E-02
 -4.598  0.1270E-02
 -4.588  0.1074E-02
 -4.578  0.8997E-03
 -4.568  0.7464E-03
 -4.558  0.6132E-03
 -4.548  0.4988E-03
 -4.538  0.4017E-03
 -4.528  0.3203E-03
 -4.518  0.2527E-03
 -4.508  0.1974E-03
 -4.498  0.1526E-03
 -4.488  0.1167E-03
 -4.478  0.8839E-04
 -4.468  0.6622E-04
 -4.458  0.4909E-04
 -4.448  0.3601E-04
 -4.438  0.2614E-04
 -4.428  0.1877E-04
 -4.418  0.1334E-04
 -4.408  0.9379E-05
 -4.398  0.6524E-05
 -4.388  0.4490E-05
 -4.378  0.3057E-05
 -4.368  0.2059E-05
 -4.358  0.1372E-05
 -4.348  0.9047E-06
 -4.338  0.5901E-06
 -4.328  0.3808E-06
 -4.318  0.2431E-06
 -4.308  0.1535E-06
 -4.298  0.9590E-07
 -4.288  0.5927E-07
 -4.278  0.3624E-07
 -4.268  0.2192E-07
 -4.258  0.1312E-07
 -4.248  0.7766E-08
 -4.238  0.4548E-08
 -4.228  0.2635E-08
 -4.218  0.1510E-08
 -4.208  0.8561E-09
 -4.198  0.4802E-09
 -4.188  0.2664E-09
 -4.178  0.1462E-09
 -4.168  0.7941E-10
 -4.158  0.4265E-10
 -4.148  0.2267E-10
 -4.138  0.1192E-10
 -4.128  0.6197E-11
 -4.118  0.3188E-11
 -4.108  0.1622E-11
 -4.098  0.8168E-12
 -4.088  0.4068E-12
 -4.078  0.2004E-12
 -4.068  0.9769E-13
 -4.058  0.4711E-13
 -4.048  0.2247E-13
 -4.038  0.1060E-13
 -4.028  0.4949E-14
 -4.018  0.2285E-14
 -4.008  0.1044E-14
 -3.998  0.4718E-15
 -3.988  0.2109E-15
 -3.978  0.9328E-16
 -3.968  0.4081E-16
 -3.958  0.1766E-16
 -3.948  0.7562E-17
 -3.938  0.3203E-17
 -3.928  0.1342E-17
 -3.918  0.5562E-18
 -3.908  0.2281E-18
 -3.898  0.9251E-19
 -3.888  0.3712E-19
 -3.878  0.1474E-19
 -3.868  0.5787E-20
 -3.858  0.2248E-20
 -3.848  0.8639E-21
 -3.838  0.3284E-21
 -3.828  0.1235E-21
 -3.818  0.4596E-22
 -3.808  0.1691E-22
 -3.798  0.6158E-23
 -3.788  0.2218E-23
 -3.778  0.7903E-24
 -3.768  0.2786E-24
 -3.758  0.9714E-25
 -3.748  0.3351E-25
 -3.738  0.1143E-25
 -3.728  0.3860E-26
 -3.718  0.1289E-26
 -3.708  0.4258E-27
 -3.698  0.1392E-27
 -3.688  0.4499E-28
 -3.678  0.1439E-28
 -3.668  0.4552E-29
 -3.658  0.1425E-29
 -3.648  0.4411E-30
 -3.638  0.1351E-30
 -3.628  0.4094E-31
 -3.618  0.1227E-31
 -3.608  0.3639E-32
 -3.598  0.1067E-32
 -3.588  0.3098E-33
 -3.578  0.8893E-34
 -3.568  0.2525E-34
 -3.558  0.7095E-35
 -3.548  0.1972E-35
 -3.538  0.5421E-36
 -3.528  0.1474E-36
 -3.518  0.3967E-37
 -3.508  0.1056E-37
 -3.498  0.2780E-38
 -3.488  0.7241E-39
 -3.478  0.1866E-39
 -3.468  0.4756E-40
 -3.458  0.1199E-40
 -3.448  0.2991E-41
 -3.438  0.7382E-42
 -3.428  0.1802E-42
 -3.418  0.4352E-43
 -3.408  0.1040E-43
 -3.398  0.2457E-44
 -3.388  0.5745E-45
 -3.378  0.1329E-45
 -3.368  0.3040E-46
 -3.358  0.6881E-47
 -3.348  0.1541E-47
 -3.338  0.3413E-48
 -3.328  0.7478E-49
 -3.318  0.1621E-49
 -3.308  0.3476E-50
 -3.298  0.7374E-51
 -3.288  0.1547E-51
 -3.278  0.3213E-52
 -3.268  0.6598E-53
 -3.258  0.1340E-53
 -3.248  0.2694E-54
 -3.238  0.5356E-55
 -3.228  0.1053E-55
 -3.218  0.2050E-56
 -3.208  0.3945E-57
 -3.198  0.7512E-58
 -3.188  0.1415E-58
 -3.178  0.2637E-59
 -3.168  0.4860E-60
 -3.158  0.8863E-61
 -3.148  0.1599E-61
 -3.138  0.2853E-62
 -3.128  0.5037E-63
 -3.118  0.8798E-64
 -3.108  0.1520E-64
 -3.098  0.2598E-65
 -3.088  0.4392E-66
 -3.078  0.7346E-67
 -3.068  0.1215E-67
 -3.058  0.1990E-68
 -3.048  0.3222E-69
 -3.038  0.5160E-70
 -3.028  0.8177E-71
 -3.018  0.1282E-71
 -3.008  0.1988E-72
 -2.998  0.3054E-73
 -2.988  0.4956E-74
 -2.978  0.2871E-74
 -2.968  0.1438E-73
 -2.958  0.9263E-73
 -2.948  0.5944E-72
 -2.938  0.3774E-71
 -2.928  0.2371E-70
 -2.918  0.1473E-69
 -2.908  0.9054E-69
 -2.898  0.5506E-68
 -2.888  0.3312E-67
 -2.878  0.1971E-66
 -2.868  0.1160E-65
 -2.858  0.6757E-65
 -2.848  0.3893E-64
 -2.838  0.2219E-63
 -2.828  0.1251E-62
 -2.818  0.6976E-62
 -2.808  0.3849E-61
 -2.798  0.2101E-60
 -2.788  0.1134E-59
 -2.778  0.6059E-59
 -2.768  0.3201E-58
 -2.758  0.1673E-57
 -2.748  0.8654E-57
 -2.738  0.4427E-56
 -2.728  0.2240E-55
 -2.718  0.1121E-54
 -2.708  0.5554E-54
 -2.698  0.2721E-53
 -2.688  0.1319E-52
 -2.678  0.6322E-52
 -2.668  0.2999E-51
 -2.658  0.1407E-50
 -2.648  0.6530E-50
 -2.638  0.2998E-49
 -2.628  0.1362E-48
 -2.618  0.6120E-48
 -2.608  0.2720E-47
 -2.598  0.1196E-46
 -2.588  0.5204E-46
 -2.578  0.2240E-45
 -2.568  0.9534E-45
 -2.558  0.4015E-44
 -2.548  0.1673E-43
 -2.538  0.6894E-43
 -2.528  0.2811E-42
 -2.518  0.1134E-41
 -2.508  0.4524E-41
 -2.498  0.1785E-40
 -2.488  0.6972E-40
 -2.478  0.2693E-39
 -2.468  0.1029E-38
 -2.458  0.3890E-38
 -2.448  0.1455E-37
 -2.438  0.5381E-37
 -2.428  0.1969E-36
 -2.418  0.7129E-36
 -2.408  0.2553E-35
 -2.398  0.9046E-35
 -2.388  0.3170E-34
 -2.378  0.1099E-33
 -2.368  0.3770E-33
 -2.358  0.1279E-32
 -2.348  0.4294E-32
 -2.338  0.1426E-31
 -2.328  0.4683E-31
 -2.318  0.1522E-30
 -2.308  0.4892E-30
 -2.298  0.1556E-29
 -2.288  0.4894E-29
 -2.278  0.1523E-28
 -2.268  0.4689E-28
 -2.258  0.1428E-27
 -2.248  0.4302E-27
 -2.238  0.1282E-26
 -2.228  0.3781E-26
 -2.218  0.1103E-25
 -2.208  0.3182E-25
 -2.198  0.9083E-25
 -2.188  0.2565E-24
 -2.178  0.7164E-24
 -2.168  0.1980E-23
 -2.158  0.5412E-23
 -2.148  0.1464E-22
 -2.138  0.3915E-22
 -2.128  0.1036E-21
 -2.118  0.2713E-21
 -2.108  0.7026E-21
 -2.098  0.1800E-20
 -2.088  0.4563E-20
 -2.078  0.1144E-19
 -2.068  0.2838E-19
 -2.058  0.6963E-19
 -2.048  0.1690E-18
 -2.038  0.4059E-18
 -2.028  0.9642E-18
 -2.018  0.2266E-17
 -2.008  0.5268E-17
 -1.998  0.1212E-16
 -1.988  0.2756E-16
 -1.978  0.6204E-16
 -1.968  0.1381E-15
 -1.958  0.3043E-15
 -1.948  0.6630E-15
 -1.938  0.1429E-14
 -1.928  0.3048E-14
 -1.918  0.6430E-14
 -1.908  0.1342E-13
 -1.898  0.2770E-13
 -1.888  0.5659E-13
 -1.878  0.1143E-12
 -1.868  0.2286E-12
 -1.858  0.4520E-12
 -1.848  0.8843E-12
 -1.838  0.1711E-11
 -1.828  0.3277E-11
 -1.818  0.6208E-11
 -1.808  0.1163E-10
 -1.798  0.2157E-10
 -1.788  0.3956E-10
 -1.778  0.7180E-10
 -1.768  0.1289E-09
 -1.758  0.2290E-09
 -1.748  0.4024E-09
 -1.738  0.6998E-09
 -1.728  0.1204E-08
 -1.718  0.2049E-08
 -1.708  0.3452E-08
 -1.698  0.5753E-08
 -1.688  0.9486E-08
 -1.678  0.1548E-07
 -1.668  0.2500E-07
 -1.658  0.3995E-07
 -1.648  0.6317E-07
 -1.638  0.9888E-07
 -1.628  0.1532E-06
 -1.618  0.2348E-06
 -1.608  0.3564E-06
 -1.598  0.5355E-06
 -1.588  0.7964E-06
 -1.578  0.1173E-05
 -1.568  0.1710E-05
 -1.558  0.2469E-05
 -1.548  0.3530E-05
 -1.538  0.4999E-05
 -1.528  0.7013E-05
 -1.518  0.9746E-05
 -1.508  0.1342E-04
 -1.498  0.1831E-04
 -1.488  0.2476E-04
 -1.478  0.3319E-04
 -1.468  0.4410E-04
 -1.458  0.5810E-04
 -1.448  0.7592E-04
 -1.438  0.9838E-04
 -1.428  0.1265E-03
 -1.418  0.1613E-03
 -1.408  0.2040E-03
 -1.398  0.2562E-03
 -1.388  0.3192E-03
 -1.378  0.3947E-03
 -1.368  0.4845E-03
 -1.358  0.5903E-03
 -1.348  0.7138E-03
 -1.338  0.8567E-03
 -1.328  0.1021E-02
 -1.318  0.1207E-02
 -1.308  0.1416E-02
 -1.298  0.1649E-02
 -1.288  0.1906E-02
 -1.278  0.2184E-02
 -1.268  0.2484E-02
 -1.258  0.2802E-02
 -1.248  0.3134E-02
 -1.238  0.3476E-02
 -1.228  0.3823E-02
 -1.218  0.4167E-02
 -1.208  0.4502E-02
 -1.198  0.4820E-02
 -1.188  0.5113E-02
 -1.178  0.5374E-02
 -1.168  0.5595E-02
 -1.158  0.5770E-02
 -1.148  0.5893E-02
 -1.138  0.5961E-02
 -1.128  0.5970E-02
 -1.118  0.5920E-02
 -1.108  0.5812E-02
 -1.098  0.5648E-02
 -1.088  0.5434E-02
 -1.078  0.5175E-02
 -1.068  0.4877E-02
 -1.058  0.4550E-02
 -1.048  0.4201E-02
 -1.038  0.3839E-02
 -1.028  0.3471E-02
 -1.018  0.3106E-02
 -1.008  0.2751E-02
 -0.998  0.2411E-02
 -0.988  0.2092E-02
 -0.978  0.1796E-02
 -0.968  0.1528E-02
 -0.958  0.1287E-02
 -0.948  0.1075E-02
 -0.938  0.8923E-03
 -0.928  0.7373E-03
 -0.918  0.6091E-03
 -0.908  0.5065E-03
 -0.898  0.4278E-03
 -0.888  0.3719E-03
 -0.878  0.3375E-03
 -0.868  0.3237E-03
 -0.858  0.3299E-03
 -0.848  0.3557E-03
 -0.838  0.4012E-03
 -0.828  0.4667E-03
 -0.818  0.5527E-03
 -0.808  0.6596E-03
 -0.798  0.7881E-03
 -0.788  0.9386E-03
 -0.778  0.1111E-02
 -0.768  0.1306E-02
 -0.758  0.1523E-02
 -0.748  0.1760E-02
 -0.738  0.2016E-02
 -0.728  0.2289E-02
 -0.718  0.2576E-02
 -0.708  0.2876E-02
 -0.698  0.3184E-02
 -0.688  0.3498E-02
 -0.678  0.3816E-02
 -0.668  0.4134E-02
 -0.658  0.4451E-02
 -0.648  0.4767E-02
 -0.638  0.5081E-02
 -0.628  0.5396E-02
 -0.618  0.5713E-02
 -0.608  0.6036E-02
 -0.598  0.6368E-02
 -0.588  0.6716E-02
 -0.578  0.7082E-02
 -0.568  0.7473E-02
 -0.558  0.7891E-02
 -0.548  0.8338E-02
 -0.538  0.8816E-02
 -0.528  0.9322E-02
 -0.518  0.9853E-02
 -0.508  0.1040E-01
 -0.498  0.1096E-01
 -0.488  0.1152E-01
 -0.478  0.1205E-01
 -0.468  0.1256E-01
 -0.458  0.1303E-01
 -0.448  0.1343E-01
 -0.438  0.1376E-01
 -0.428  0.1400E-01
 -0.418  0.1414E-01
 -0.408  0.1418E-01
 -0.398  0.1410E-01
 -0.388  0.1392E-01
 -0.378  0.1363E-01
 -0.368  0.1325E-01
 -0.358  0.1277E-01
 -0.348  0.1222E-01
 -0.338  0.1161E-01
 -0.328  0.1096E-01
 -0.318  0.1028E-01
 -0.308  0.9598E-02
 -0.298  0.8917E-02
 -0.288  0.8257E-02
 -0.278  0.7629E-02
 -0.268  0.7042E-02
 -0.258  0.6504E-02
 -0.248  0.6017E-02
 -0.238  0.5583E-02
 -0.228  0.5201E-02
 -0.218  0.4868E-02
 -0.208  0.4578E-02
 -0.198  0.4326E-02
 -0.188  0.4105E-02
 -0.178  0.3909E-02
 -0.168  0.3731E-02
 -0.158  0.3566E-02
 -0.148  0.3410E-02
 -0.138  0.3259E-02
 -0.128  0.3111E-02
 -0.118  0.2968E-02
 -0.108  0.2829E-02
 -0.098  0.2698E-02
 -0.088  0.2577E-02
 -0.078  0.2472E-02
 -0.068  0.2387E-02
 -0.058  0.2327E-02
 -0.048  0.2299E-02
 -0.038  0.2307E-02
 -0.028  0.2356E-02
 -0.018  0.2450E-02
 -0.008  0.2591E-02
  0.002  0.2782E-02
  0.012  0.3024E-02
  0.022  0.3315E-02
  0.032  0.3654E-02
  0.042  0.4037E-02
  0.052  0.4459E-02
  0.062  0.4915E-02
  0.072  0.5398E-02
  0.082  0.5899E-02
  0.092  0.6410E-02
  0.102  0.6921E-02
  0.112  0.7422E-02
  0.122  0.7904E-02
  0.132  0.8357E-02
  0.142  0.8771E-02
  0.152  0.9140E-02
  0.162  0.9454E-02
  0.172  0.9708E-02
  0.182  0.9897E-02
  0.192  0.1002E-01
  0.202  0.1007E-01
  0.212  0.1005E-01
  0.222  0.9969E-02
  0.232  0.9821E-02
  0.242  0.9617E-02
  0.252  0.9361E-02
  0.262  0.9062E-02
  0.272  0.8729E-02
  0.282  0.8370E-02
  0.292  0.7995E-02
  0.302  0.7611E-02
  0.312  0.7228E-02
  0.322  0.6851E-02
  0.332  0.6487E-02
  0.342  0.6138E-02
  0.352  0.5809E-02
  0.362  0.5499E-02
  0.372  0.5209E-02
  0.382  0.4938E-02
  0.392  0.4682E-02
  0.402  0.4440E-02
  0.412  0.4207E-02
  0.422  0.3982E-02
  0.432  0.3760E-02
  0.442  0.3541E-02
  0.452  0.3321E-02
  0.462  0.3100E-02
  0.472  0.2878E-02
  0.482  0.2655E-02
  0.492  0.2433E-02
  0.502  0.2213E-02
  0.512  0.1996E-02
  0.522  0.1786E-02
  0.532  0.1584E-02
  0.542  0.1392E-02
  0.552  0.1212E-02
  0.562  0.1045E-02
  0.572  0.8921E-03
  0.582  0.7541E-03
  0.592  0.6311E-03
  0.602  0.5228E-03
  0.612  0.4287E-03
  0.622  0.3479E-03
  0.632  0.2794E-03
  0.642  0.2221E-03
  0.652  0.1746E-03
  0.662  0.1359E-03
  0.672  0.1047E-03
  0.682  0.7975E-04
  0.692  0.6013E-04
  0.702  0.4486E-04
  0.712  0.3311E-04
  0.722  0.2418E-04
  0.732  0.1747E-04
  0.742  0.1249E-04
  0.752  0.8836E-05
  0.762  0.6184E-05
  0.772  0.4282E-05
  0.782  0.2933E-05
  0.792  0.1988E-05
  0.802  0.1333E-05
  0.812  0.8847E-06
  0.822  0.5808E-06
  0.832  0.3772E-06
  0.842  0.2424E-06
