 -5.548  0.1218E-08
 -5.538  0.1883E-08
 -5.528  0.2881E-08
 -5.518  0.4361E-08
 -5.508  0.6530E-08
 -5.498  0.9674E-08
 -5.488  0.1418E-07
 -5.478  0.2057E-07
 -5.468  0.2951E-07
 -5.458  0.4190E-07
 -5.448  0.5887E-07
 -5.438  0.8185E-07
 -5.428  0.1126E-06
 -5.418  0.1533E-06
 -5.408  0.2066E-06
 -5.398  0.2757E-06
 -5.388  0.3640E-06
 -5.378  0.4760E-06
 -5.368  0.6163E-06
 -5.358  0.7902E-06
 -5.348  0.1004E-05
 -5.338  0.1263E-05
 -5.328  0.1575E-05
 -5.318  0.1948E-05
 -5.308  0.2388E-05
 -5.298  0.2905E-05
 -5.288  0.3507E-05
 -5.278  0.4203E-05
 -5.268  0.5004E-05
 -5.258  0.5921E-05
 -5.248  0.6966E-05
 -5.238  0.8153E-05
 -5.228  0.9496E-05
 -5.218  0.1101E-04
 -5.208  0.1273E-04
 -5.198  0.1465E-04
 -5.188  0.1681E-04
 -5.178  0.1923E-04
 -5.168  0.2192E-04
 -5.158  0.2492E-04
 -5.148  0.2822E-04
 -5.138  0.3185E-04
 -5.128  0.3580E-04
 -5.118  0.4007E-04
 -5.108  0.4463E-04
 -5.098  0.4945E-04
 -5.088  0.5449E-04
 -5.078  0.5968E-04
 -5.068  0.6494E-04
 -5.058  0.7021E-04
 -5.048  0.7538E-04
 -5.038  0.8035E-04
 -5.028  0.8503E-04
 -5.018  0.8932E-04
 -5.008  0.9314E-04
 -4.998  0.9640E-04
 -4.988  0.9906E-04
 -4.978  0.1011E-03
 -4.968  0.1024E-03
 -4.958  0.1031E-03
 -4.948  0.1031E-03
 -4.938  0.1026E-03
 -4.928  0.1015E-03
 -4.918  0.9996E-04
 -4.908  0.9802E-04
 -4.898  0.9579E-04
 -4.888  0.9334E-04
 -4.878  0.9075E-04
 -4.868  0.8809E-04
 -4.858  0.8542E-04
 -4.848  0.8279E-04
 -4.838  0.8021E-04
 -4.828  0.7772E-04
 -4.818  0.7531E-04
 -4.808  0.7297E-04
 -4.798  0.7068E-04
 -4.788  0.6841E-04
 -4.778  0.6614E-04
 -4.768  0.6381E-04
 -4.758  0.6142E-04
 -4.748  0.5893E-04
 -4.738  0.5631E-04
 -4.728  0.5356E-04
 -4.718  0.5068E-04
 -4.708  0.4767E-04
 -4.698  0.4454E-04
 -4.688  0.4134E-04
 -4.678  0.3807E-04
 -4.668  0.3479E-04
 -4.658  0.3153E-04
 -4.648  0.2834E-04
 -4.638  0.2524E-04
 -4.628  0.2227E-04
 -4.618  0.1947E-04
 -4.608  0.1687E-04
 -4.598  0.1447E-04
 -4.588  0.1229E-04
 -4.578  0.1033E-04
 -4.568  0.8599E-05
 -4.558  0.7086E-05
 -4.548  0.5779E-05
 -4.538  0.4665E-05
 -4.528  0.3727E-05
 -4.518  0.2947E-05
 -4.508  0.2305E-05
 -4.498  0.1785E-05
 -4.488  0.1367E-05
 -4.478  0.1036E-05
 -4.468  0.7771E-06
 -4.458  0.5766E-06
 -4.448  0.4233E-06
 -4.438  0.3075E-06
 -4.428  0.2209E-06
 -4.418  0.1571E-06
 -4.408  0.1105E-06
 -4.398  0.7688E-07
 -4.388  0.5293E-07
 -4.378  0.3605E-07
 -4.368  0.2429E-07
 -4.358  0.1619E-07
 -4.348  0.1068E-07
 -4.338  0.6964E-08
 -4.328  0.4495E-08
 -4.318  0.2870E-08
 -4.308  0.1812E-08
 -4.298  0.1132E-08
 -4.288  0.7000E-09
 -4.278  0.4280E-09
 -4.268  0.2589E-09
 -4.258  0.1549E-09
 -4.248  0.9173E-10
 -4.238  0.5372E-10
 -4.228  0.3112E-10
 -4.218  0.1784E-10
 -4.208  0.1011E-10
 -4.198  0.5673E-11
 -4.188  0.3148E-11
 -4.178  0.1728E-11
 -4.168  0.9382E-12
 -4.158  0.5040E-12
 -4.148  0.2678E-12
 -4.138  0.1408E-12
 -4.128  0.7322E-13
 -4.118  0.3767E-13
 -4.108  0.1917E-13
 -4.098  0.9651E-14
 -4.088  0.4807E-14
 -4.078  0.2368E-14
 -4.068  0.1154E-14
 -4.058  0.5566E-15
 -4.048  0.2655E-15
 -4.038  0.1253E-15
 -4.028  0.5848E-16
 -4.018  0.2700E-16
 -4.008  0.1234E-16
 -3.998  0.5575E-17
 -3.988  0.2492E-17
 -3.978  0.1102E-17
 -3.968  0.4822E-18
 -3.958  0.2087E-18
 -3.948  0.8935E-19
 -3.938  0.3784E-19
 -3.928  0.1586E-19
 -3.918  0.6572E-20
 -3.908  0.2695E-20
 -3.898  0.1093E-20
 -3.888  0.4386E-21
 -3.878  0.1741E-21
 -3.868  0.6838E-22
 -3.858  0.2656E-22
 -3.848  0.1021E-22
 -3.838  0.3881E-23
 -3.828  0.1460E-23
 -3.818  0.5430E-24
 -3.808  0.1999E-24
 -3.798  0.7277E-25
 -3.788  0.2621E-25
 -3.778  0.9338E-26
 -3.768  0.3292E-26
 -3.758  0.1148E-26
 -3.748  0.3959E-27
 -3.738  0.1351E-27
 -3.728  0.4561E-28
 -3.718  0.1523E-28
 -3.708  0.5031E-29
 -3.698  0.1644E-29
 -3.688  0.5316E-30
 -3.678  0.1700E-30
 -3.668  0.5379E-31
 -3.658  0.1684E-31
 -3.648  0.5213E-32
 -3.638  0.1597E-32
 -3.628  0.4838E-33
 -3.618  0.1450E-33
 -3.608  0.4300E-34
 -3.598  0.1261E-34
 -3.588  0.3660E-35
 -3.578  0.1051E-35
 -3.568  0.2984E-36
 -3.558  0.8383E-37
 -3.548  0.2330E-37
 -3.538  0.6405E-38
 -3.528  0.1742E-38
 -3.518  0.4687E-39
 -3.508  0.1247E-39
 -3.498  0.3285E-40
 -3.488  0.8555E-41
 -3.478  0.2204E-41
 -3.468  0.5619E-42
 -3.458  0.1417E-42
 -3.448  0.3535E-43
 -3.438  0.8723E-44
 -3.428  0.2129E-44
 -3.418  0.5143E-45
 -3.408  0.1229E-45
 -3.398  0.2904E-46
 -3.388  0.6788E-47
 -3.378  0.1570E-47
 -3.368  0.3592E-48
 -3.358  0.8131E-49
 -3.348  0.1821E-49
 -3.338  0.4033E-50
 -3.328  0.8836E-51
 -3.318  0.1915E-51
 -3.308  0.4107E-52
 -3.298  0.8713E-53
 -3.288  0.1828E-53
 -3.278  0.3796E-54
 -3.268  0.7796E-55
 -3.258  0.1584E-55
 -3.248  0.3183E-56
 -3.238  0.6329E-57
 -3.228  0.1245E-57
 -3.218  0.2422E-58
 -3.208  0.4662E-59
 -3.198  0.8876E-60
 -3.188  0.1672E-60
 -3.178  0.3115E-61
 -3.168  0.5743E-62
 -3.158  0.1047E-62
 -3.148  0.1889E-63
 -3.138  0.3372E-64
 -3.128  0.5952E-65
 -3.118  0.1040E-65
 -3.108  0.1796E-66
 -3.098  0.3069E-67
 -3.088  0.5190E-68
 -3.078  0.8680E-69
 -3.068  0.1436E-69
 -3.058  0.2351E-70
 -3.048  0.3807E-71
 -3.038  0.6097E-72
 -3.028  0.9662E-73
 -3.018  0.1515E-73
 -3.008  0.2350E-74
 -2.998  0.3666E-75
 -2.988  0.9667E-76
 -2.978  0.2866E-75
 -2.968  0.1827E-74
 -2.958  0.1184E-73
 -2.948  0.7602E-73
 -2.938  0.4827E-72
 -2.928  0.3032E-71
 -2.918  0.1884E-70
 -2.908  0.1158E-69
 -2.898  0.7041E-69
 -2.888  0.4236E-68
 -2.878  0.2521E-67
 -2.868  0.1484E-66
 -2.858  0.8641E-66
 -2.848  0.4978E-65
 -2.838  0.2837E-64
 -2.828  0.1600E-63
 -2.818  0.8922E-63
 -2.808  0.4922E-62
 -2.798  0.2687E-61
 -2.788  0.1451E-60
 -2.778  0.7749E-60
 -2.768  0.4094E-59
 -2.758  0.2140E-58
 -2.748  0.1107E-57
 -2.738  0.5661E-57
 -2.728  0.2865E-56
 -2.718  0.1434E-55
 -2.708  0.7103E-55
 -2.698  0.3480E-54
 -2.688  0.1686E-53
 -2.678  0.8086E-53
 -2.668  0.3835E-52
 -2.658  0.1799E-51
 -2.648  0.8352E-51
 -2.638  0.3835E-50
 -2.628  0.1742E-49
 -2.618  0.7827E-49
 -2.608  0.3479E-48
 -2.598  0.1530E-47
 -2.588  0.6656E-47
 -2.578  0.2864E-46
 -2.568  0.1219E-45
 -2.558  0.5135E-45
 -2.548  0.2139E-44
 -2.538  0.8817E-44
 -2.528  0.3595E-43
 -2.518  0.1450E-42
 -2.508  0.5785E-42
 -2.498  0.2283E-41
 -2.488  0.8916E-41
 -2.478  0.3444E-40
 -2.468  0.1316E-39
 -2.458  0.4975E-39
 -2.448  0.1860E-38
 -2.438  0.6882E-38
 -2.428  0.2519E-37
 -2.418  0.9118E-37
 -2.408  0.3265E-36
 -2.398  0.1157E-35
 -2.388  0.4055E-35
 -2.378  0.1406E-34
 -2.368  0.4822E-34
 -2.358  0.1636E-33
 -2.348  0.5491E-33
 -2.338  0.1823E-32
 -2.328  0.5989E-32
 -2.318  0.1946E-31
 -2.308  0.6256E-31
 -2.298  0.1990E-30
 -2.288  0.6259E-30
 -2.278  0.1948E-29
 -2.268  0.5997E-29
 -2.258  0.1826E-28
 -2.248  0.5502E-28
 -2.238  0.1640E-27
 -2.228  0.4835E-27
 -2.218  0.1410E-26
 -2.208  0.4069E-26
 -2.198  0.1162E-25
 -2.188  0.3280E-25
 -2.178  0.9162E-25
 -2.168  0.2532E-24
 -2.158  0.6921E-24
 -2.148  0.1872E-23
 -2.138  0.5007E-23
 -2.128  0.1325E-22
 -2.118  0.3469E-22
 -2.108  0.8985E-22
 -2.098  0.2302E-21
 -2.088  0.5835E-21
 -2.078  0.1463E-20
 -2.068  0.3629E-20
 -2.058  0.8904E-20
 -2.048  0.2161E-19
 -2.038  0.5190E-19
 -2.028  0.1233E-18
 -2.018  0.2897E-18
 -2.008  0.6735E-18
 -1.998  0.1549E-17
 -1.988  0.3524E-17
 -1.978  0.7931E-17
 -1.968  0.1766E-16
 -1.958  0.3889E-16
 -1.948  0.8474E-16
 -1.938  0.1826E-15
 -1.928  0.3895E-15
 -1.918  0.8215E-15
 -1.908  0.1714E-14
 -1.898  0.3539E-14
 -1.888  0.7228E-14
 -1.878  0.1460E-13
 -1.868  0.2918E-13
 -1.858  0.5770E-13
 -1.848  0.1129E-12
 -1.838  0.2184E-12
 -1.828  0.4180E-12
 -1.818  0.7916E-12
 -1.808  0.1483E-11
 -1.798  0.2749E-11
 -1.788  0.5040E-11
 -1.778  0.9141E-11
 -1.768  0.1640E-10
 -1.758  0.2912E-10
 -1.748  0.5114E-10
 -1.738  0.8886E-10
 -1.728  0.1527E-09
 -1.718  0.2598E-09
 -1.708  0.4371E-09
 -1.698  0.7275E-09
 -1.688  0.1198E-08
 -1.678  0.1952E-08
 -1.668  0.3147E-08
 -1.658  0.5020E-08
 -1.648  0.7922E-08
 -1.638  0.1237E-07
 -1.628  0.1911E-07
 -1.618  0.2922E-07
 -1.608  0.4421E-07
 -1.598  0.6618E-07
 -1.588  0.9804E-07
 -1.578  0.1437E-06
 -1.568  0.2085E-06
 -1.558  0.2995E-06
 -1.548  0.4256E-06
 -1.538  0.5988E-06
 -1.528  0.8338E-06
 -1.518  0.1150E-05
 -1.508  0.1569E-05
 -1.498  0.2120E-05
 -1.488  0.2837E-05
 -1.478  0.3759E-05
 -1.468  0.4934E-05
 -1.458  0.6413E-05
 -1.448  0.8258E-05
 -1.438  0.1054E-04
 -1.428  0.1332E-04
 -1.418  0.1669E-04
 -1.408  0.2072E-04
 -1.398  0.2550E-04
 -1.388  0.3112E-04
 -1.378  0.3765E-04
 -1.368  0.4519E-04
 -1.358  0.5378E-04
 -1.348  0.6350E-04
 -1.338  0.7439E-04
 -1.328  0.8647E-04
 -1.318  0.9973E-04
 -1.308  0.1142E-03
 -1.298  0.1297E-03
 -1.288  0.1463E-03
 -1.278  0.1637E-03
 -1.268  0.1818E-03
 -1.258  0.2005E-03
 -1.248  0.2194E-03
 -1.238  0.2383E-03
 -1.228  0.2568E-03
 -1.218  0.2746E-03
 -1.208  0.2914E-03
 -1.198  0.3067E-03
 -1.188  0.3202E-03
 -1.178  0.3315E-03
 -1.168  0.3404E-03
 -1.158  0.3465E-03
 -1.148  0.3497E-03
 -1.138  0.3498E-03
 -1.128  0.3467E-03
 -1.118  0.3406E-03
 -1.108  0.3315E-03
 -1.098  0.3196E-03
 -1.088  0.3053E-03
 -1.078  0.2887E-03
 -1.068  0.2705E-03
 -1.058  0.2509E-03
 -1.048  0.2305E-03
 -1.038  0.2096E-03
 -1.028  0.1887E-03
 -1.018  0.1683E-03
 -1.008  0.1485E-03
 -0.998  0.1298E-03
 -0.988  0.1124E-03
 -0.978  0.9640E-04
 -0.968  0.8200E-04
 -0.958  0.6927E-04
 -0.948  0.5823E-04
 -0.938  0.4891E-04
 -0.928  0.4127E-04
 -0.918  0.3531E-04
 -0.908  0.3099E-04
 -0.898  0.2830E-04
 -0.888  0.2723E-04
 -0.878  0.2782E-04
 -0.868  0.3011E-04
 -0.858  0.3416E-04
 -0.848  0.4008E-04
 -0.838  0.4797E-04
 -0.828  0.5797E-04
 -0.818  0.7019E-04
 -0.808  0.8475E-04
 -0.798  0.1017E-03
 -0.788  0.1212E-03
 -0.778  0.1431E-03
 -0.768  0.1674E-03
 -0.758  0.1940E-03
 -0.748  0.2226E-03
 -0.738  0.2530E-03
 -0.728  0.2847E-03
 -0.718  0.3172E-03
 -0.708  0.3501E-03
 -0.698  0.3829E-03
 -0.688  0.4149E-03
 -0.678  0.4455E-03
 -0.668  0.4744E-03
 -0.658  0.5011E-03
 -0.648  0.5253E-03
 -0.638  0.5467E-03
 -0.628  0.5654E-03
 -0.618  0.5815E-03
 -0.608  0.5951E-03
 -0.598  0.6068E-03
 -0.588  0.6169E-03
 -0.578  0.6261E-03
 -0.568  0.6350E-03
 -0.558  0.6441E-03
 -0.548  0.6541E-03
 -0.538  0.6653E-03
 -0.528  0.6782E-03
 -0.518  0.6928E-03
 -0.508  0.7092E-03
 -0.498  0.7271E-03
 -0.488  0.7461E-03
 -0.478  0.7656E-03
 -0.468  0.7849E-03
 -0.458  0.8031E-03
 -0.448  0.8194E-03
 -0.438  0.8328E-03
 -0.428  0.8424E-03
 -0.418  0.8476E-03
 -0.408  0.8477E-03
 -0.398  0.8422E-03
 -0.388  0.8309E-03
 -0.378  0.8139E-03
 -0.368  0.7912E-03
 -0.358  0.7633E-03
 -0.348  0.7308E-03
 -0.338  0.6944E-03
 -0.328  0.6550E-03
 -0.318  0.6134E-03
 -0.308  0.5706E-03
 -0.298  0.5275E-03
 -0.288  0.4850E-03
 -0.278  0.4437E-03
 -0.268  0.4044E-03
 -0.258  0.3675E-03
 -0.248  0.3334E-03
 -0.238  0.3023E-03
 -0.228  0.2743E-03
 -0.218  0.2493E-03
 -0.208  0.2273E-03
 -0.198  0.2079E-03
 -0.188  0.1911E-03
 -0.178  0.1764E-03
 -0.168  0.1636E-03
 -0.158  0.1525E-03
 -0.148  0.1428E-03
 -0.138  0.1344E-03
 -0.128  0.1271E-03
 -0.118  0.1209E-03
 -0.108  0.1158E-03
 -0.098  0.1120E-03
 -0.088  0.1095E-03
 -0.078  0.1087E-03
 -0.068  0.1097E-03
 -0.058  0.1129E-03
 -0.048  0.1185E-03
 -0.038  0.1268E-03
 -0.028  0.1381E-03
 -0.018  0.1526E-03
 -0.008  0.1706E-03
  0.002  0.1923E-03
  0.012  0.2176E-03
  0.022  0.2466E-03
  0.032  0.2793E-03
  0.042  0.3154E-03
  0.052  0.3547E-03
  0.062  0.3968E-03
  0.072  0.4413E-03
  0.082  0.4876E-03
  0.092  0.5352E-03
  0.102  0.5833E-03
  0.112  0.6313E-03
  0.122  0.6785E-03
  0.132  0.7240E-03
  0.142  0.7672E-03
  0.152  0.8075E-03
  0.162  0.8442E-03
  0.172  0.8769E-03
  0.182  0.9052E-03
  0.192  0.9290E-03
  0.202  0.9481E-03
  0.212  0.9628E-03
  0.222  0.9733E-03
  0.232  0.9800E-03
  0.242  0.9835E-03
  0.252  0.9844E-03
  0.262  0.9836E-03
  0.272  0.9816E-03
  0.282  0.9794E-03
  0.292  0.9774E-03
  0.302  0.9761E-03
  0.312  0.9760E-03
  0.322  0.9770E-03
  0.332  0.9792E-03
  0.342  0.9823E-03
  0.352  0.9856E-03
  0.362  0.9885E-03
  0.372  0.9903E-03
  0.382  0.9899E-03
  0.392  0.9865E-03
  0.402  0.9792E-03
  0.412  0.9672E-03
  0.422  0.9500E-03
  0.432  0.9271E-03
  0.442  0.8984E-03
  0.452  0.8639E-03
  0.462  0.8240E-03
  0.472  0.7793E-03
  0.482  0.7304E-03
  0.492  0.6783E-03
  0.502  0.6240E-03
  0.512  0.5685E-03
  0.522  0.5128E-03
  0.532  0.4580E-03
  0.542  0.4049E-03
  0.552  0.3543E-03
  0.562  0.3069E-03
  0.572  0.2631E-03
  0.582  0.2231E-03
  0.592  0.1873E-03
  0.602  0.1556E-03
  0.612  0.1279E-03
  0.622  0.1040E-03
  0.632  0.8369E-04
  0.642  0.6664E-04
  0.652  0.5250E-04
  0.662  0.4092E-04
  0.672  0.3156E-04
  0.682  0.2408E-04
  0.692  0.1818E-04
  0.702  0.1358E-04
  0.712  0.1004E-04
  0.722  0.7338E-05
  0.732  0.5309E-05
  0.742  0.3800E-05
  0.752  0.2691E-05
  0.762  0.1885E-05
  0.772  0.1307E-05
  0.782  0.8961E-06
  0.792  0.6080E-06
  0.802  0.4082E-06
  0.812  0.2711E-06
  0.822  0.1781E-06
  0.832  0.1158E-06
  0.842  0.7449E-07
