 -5.548  0.1706E-10
 -5.538  0.2638E-10
 -5.528  0.4036E-10
 -5.518  0.6107E-10
 -5.508  0.9143E-10
 -5.498  0.1354E-09
 -5.488  0.1984E-09
 -5.478  0.2877E-09
 -5.468  0.4126E-09
 -5.458  0.5855E-09
 -5.448  0.8221E-09
 -5.438  0.1142E-08
 -5.428  0.1570E-08
 -5.418  0.2135E-08
 -5.408  0.2874E-08
 -5.398  0.3829E-08
 -5.388  0.5047E-08
 -5.378  0.6586E-08
 -5.368  0.8506E-08
 -5.358  0.1088E-07
 -5.348  0.1377E-07
 -5.338  0.1726E-07
 -5.328  0.2143E-07
 -5.318  0.2636E-07
 -5.308  0.3212E-07
 -5.298  0.3880E-07
 -5.288  0.4645E-07
 -5.278  0.5516E-07
 -5.268  0.6498E-07
 -5.258  0.7598E-07
 -5.248  0.8820E-07
 -5.238  0.1017E-06
 -5.228  0.1166E-06
 -5.218  0.1329E-06
 -5.208  0.1506E-06
 -5.198  0.1700E-06
 -5.188  0.1910E-06
 -5.178  0.2138E-06
 -5.168  0.2385E-06
 -5.158  0.2651E-06
 -5.148  0.2938E-06
 -5.138  0.3245E-06
 -5.128  0.3572E-06
 -5.118  0.3918E-06
 -5.108  0.4281E-06
 -5.098  0.4659E-06
 -5.088  0.5047E-06
 -5.078  0.5441E-06
 -5.068  0.5833E-06
 -5.058  0.6219E-06
 -5.048  0.6588E-06
 -5.038  0.6935E-06
 -5.028  0.7251E-06
 -5.018  0.7528E-06
 -5.008  0.7760E-06
 -4.998  0.7941E-06
 -4.988  0.8068E-06
 -4.978  0.8138E-06
 -4.968  0.8152E-06
 -4.958  0.8111E-06
 -4.948  0.8020E-06
 -4.938  0.7884E-06
 -4.928  0.7711E-06
 -4.918  0.7508E-06
 -4.908  0.7284E-06
 -4.898  0.7049E-06
 -4.888  0.6811E-06
 -4.878  0.6578E-06
 -4.868  0.6356E-06
 -4.858  0.6150E-06
 -4.848  0.5963E-06
 -4.838  0.5797E-06
 -4.828  0.5653E-06
 -4.818  0.5527E-06
 -4.808  0.5417E-06
 -4.798  0.5318E-06
 -4.788  0.5225E-06
 -4.778  0.5132E-06
 -4.768  0.5035E-06
 -4.758  0.4927E-06
 -4.748  0.4805E-06
 -4.738  0.4665E-06
 -4.728  0.4504E-06
 -4.718  0.4322E-06
 -4.708  0.4118E-06
 -4.698  0.3895E-06
 -4.688  0.3654E-06
 -4.678  0.3398E-06
 -4.668  0.3133E-06
 -4.658  0.2862E-06
 -4.648  0.2590E-06
 -4.638  0.2321E-06
 -4.628  0.2060E-06
 -4.618  0.1810E-06
 -4.608  0.1574E-06
 -4.598  0.1355E-06
 -4.588  0.1155E-06
 -4.578  0.9736E-07
 -4.568  0.8125E-07
 -4.558  0.6709E-07
 -4.548  0.5482E-07
 -4.538  0.4433E-07
 -4.528  0.3546E-07
 -4.518  0.2807E-07
 -4.508  0.2198E-07
 -4.498  0.1703E-07
 -4.488  0.1306E-07
 -4.478  0.9902E-08
 -4.468  0.7430E-08
 -4.458  0.5515E-08
 -4.448  0.4050E-08
 -4.438  0.2943E-08
 -4.428  0.2115E-08
 -4.418  0.1504E-08
 -4.408  0.1058E-08
 -4.398  0.7363E-09
 -4.388  0.5069E-09
 -4.378  0.3452E-09
 -4.368  0.2326E-09
 -4.358  0.1550E-09
 -4.348  0.1022E-09
 -4.338  0.6668E-10
 -4.328  0.4303E-10
 -4.318  0.2747E-10
 -4.308  0.1735E-10
 -4.298  0.1084E-10
 -4.288  0.6698E-11
 -4.278  0.4095E-11
 -4.268  0.2477E-11
 -4.258  0.1482E-11
 -4.248  0.8772E-12
 -4.238  0.5136E-12
 -4.228  0.2975E-12
 -4.218  0.1705E-12
 -4.208  0.9664E-13
 -4.198  0.5420E-13
 -4.188  0.3007E-13
 -4.178  0.1650E-13
 -4.168  0.8958E-14
 -4.158  0.4811E-14
 -4.148  0.2556E-14
 -4.138  0.1343E-14
 -4.128  0.6985E-15
 -4.118  0.3593E-15
 -4.108  0.1828E-15
 -4.098  0.9202E-16
 -4.088  0.4582E-16
 -4.078  0.2257E-16
 -4.068  0.1100E-16
 -4.058  0.5303E-17
 -4.048  0.2529E-17
 -4.038  0.1193E-17
 -4.028  0.5568E-18
 -4.018  0.2571E-18
 -4.008  0.1174E-18
 -3.998  0.5304E-19
 -3.988  0.2371E-19
 -3.978  0.1048E-19
 -3.968  0.4585E-20
 -3.958  0.1984E-20
 -3.948  0.8493E-21
 -3.938  0.3596E-21
 -3.928  0.1507E-21
 -3.918  0.6243E-22
 -3.908  0.2559E-22
 -3.898  0.1038E-22
 -3.888  0.4164E-23
 -3.878  0.1653E-23
 -3.868  0.6489E-24
 -3.858  0.2520E-24
 -3.848  0.9683E-25
 -3.838  0.3681E-25
 -3.828  0.1384E-25
 -3.818  0.5148E-26
 -3.808  0.1894E-26
 -3.798  0.6895E-27
 -3.788  0.2483E-27
 -3.778  0.8845E-28
 -3.768  0.3117E-28
 -3.758  0.1087E-28
 -3.748  0.3748E-29
 -3.738  0.1279E-29
 -3.728  0.4315E-30
 -3.718  0.1441E-30
 -3.708  0.4759E-31
 -3.698  0.1555E-31
 -3.688  0.5026E-32
 -3.678  0.1607E-32
 -3.668  0.5083E-33
 -3.658  0.1591E-33
 -3.648  0.4924E-34
 -3.638  0.1508E-34
 -3.628  0.4568E-35
 -3.618  0.1369E-35
 -3.608  0.4059E-36
 -3.598  0.1190E-36
 -3.588  0.3453E-37
 -3.578  0.9912E-38
 -3.568  0.2814E-38
 -3.558  0.7904E-39
 -3.548  0.2196E-39
 -3.538  0.6037E-40
 -3.528  0.1642E-40
 -3.518  0.4416E-41
 -3.508  0.1175E-41
 -3.498  0.3093E-42
 -3.488  0.8056E-43
 -3.478  0.2075E-43
 -3.468  0.5289E-44
 -3.458  0.1333E-44
 -3.448  0.3325E-45
 -3.438  0.8205E-46
 -3.428  0.2003E-46
 -3.418  0.4835E-47
 -3.408  0.1155E-47
 -3.398  0.2729E-48
 -3.388  0.6379E-49
 -3.378  0.1475E-49
 -3.368  0.3374E-50
 -3.358  0.7635E-51
 -3.348  0.1709E-51
 -3.338  0.3785E-52
 -3.328  0.8293E-53
 -3.318  0.1797E-53
 -3.308  0.3853E-54
 -3.298  0.8172E-55
 -3.288  0.1715E-55
 -3.278  0.3559E-56
 -3.268  0.7307E-57
 -3.258  0.1484E-57
 -3.248  0.2982E-58
 -3.238  0.5928E-59
 -3.228  0.1166E-59
 -3.218  0.2268E-60
 -3.208  0.4364E-61
 -3.198  0.8308E-62
 -3.188  0.1565E-62
 -3.178  0.2915E-63
 -3.168  0.5372E-64
 -3.158  0.9795E-65
 -3.148  0.1767E-65
 -3.138  0.3152E-66
 -3.128  0.5563E-67
 -3.118  0.9714E-68
 -3.108  0.1678E-68
 -3.098  0.2867E-69
 -3.088  0.4847E-70
 -3.078  0.8105E-71
 -3.068  0.1341E-71
 -3.058  0.2194E-72
 -3.048  0.3552E-73
 -3.038  0.5689E-74
 -3.028  0.9013E-75
 -3.018  0.1413E-75
 -3.008  0.2197E-76
 -2.998  0.3797E-77
 -2.988  0.3443E-77
 -2.978  0.1953E-76
 -2.968  0.1276E-75
 -2.958  0.8276E-75
 -2.948  0.5312E-74
 -2.938  0.3373E-73
 -2.928  0.2118E-72
 -2.918  0.1316E-71
 -2.908  0.8091E-71
 -2.898  0.4920E-70
 -2.888  0.2960E-69
 -2.878  0.1761E-68
 -2.868  0.1037E-67
 -2.858  0.6038E-67
 -2.848  0.3479E-66
 -2.838  0.1983E-65
 -2.828  0.1118E-64
 -2.818  0.6234E-64
 -2.808  0.3440E-63
 -2.798  0.1877E-62
 -2.788  0.1014E-61
 -2.778  0.5414E-61
 -2.768  0.2861E-60
 -2.758  0.1495E-59
 -2.748  0.7733E-59
 -2.738  0.3956E-58
 -2.728  0.2002E-57
 -2.718  0.1002E-56
 -2.708  0.4963E-56
 -2.698  0.2432E-55
 -2.688  0.1178E-54
 -2.678  0.5650E-54
 -2.668  0.2680E-53
 -2.658  0.1257E-52
 -2.648  0.5836E-52
 -2.638  0.2680E-51
 -2.628  0.1217E-50
 -2.618  0.5469E-50
 -2.608  0.2431E-49
 -2.598  0.1069E-48
 -2.588  0.4651E-48
 -2.578  0.2001E-47
 -2.568  0.8520E-47
 -2.558  0.3588E-46
 -2.548  0.1495E-45
 -2.538  0.6161E-45
 -2.528  0.2512E-44
 -2.518  0.1013E-43
 -2.508  0.4042E-43
 -2.498  0.1596E-42
 -2.488  0.6230E-42
 -2.478  0.2407E-41
 -2.468  0.9196E-41
 -2.458  0.3476E-40
 -2.448  0.1300E-39
 -2.438  0.4809E-39
 -2.428  0.1760E-38
 -2.418  0.6371E-38
 -2.408  0.2282E-37
 -2.398  0.8084E-37
 -2.388  0.2833E-36
 -2.378  0.9823E-36
 -2.368  0.3369E-35
 -2.358  0.1143E-34
 -2.348  0.3837E-34
 -2.338  0.1274E-33
 -2.328  0.4185E-33
 -2.318  0.1360E-32
 -2.308  0.4372E-32
 -2.298  0.1390E-31
 -2.288  0.4373E-31
 -2.278  0.1361E-30
 -2.268  0.4190E-30
 -2.258  0.1276E-29
 -2.248  0.3845E-29
 -2.238  0.1146E-28
 -2.228  0.3379E-28
 -2.218  0.9854E-28
 -2.208  0.2843E-27
 -2.198  0.8116E-27
 -2.188  0.2292E-26
 -2.178  0.6402E-26
 -2.168  0.1769E-25
 -2.158  0.4836E-25
 -2.148  0.1308E-24
 -2.138  0.3499E-24
 -2.128  0.9259E-24
 -2.118  0.2424E-23
 -2.108  0.6278E-23
 -2.098  0.1608E-22
 -2.088  0.4077E-22
 -2.078  0.1022E-21
 -2.068  0.2535E-21
 -2.058  0.6221E-21
 -2.048  0.1510E-20
 -2.038  0.3626E-20
 -2.028  0.8613E-20
 -2.018  0.2024E-19
 -2.008  0.4705E-19
 -1.998  0.1082E-18
 -1.988  0.2462E-18
 -1.978  0.5540E-18
 -1.968  0.1234E-17
 -1.958  0.2717E-17
 -1.948  0.5919E-17
 -1.938  0.1276E-16
 -1.928  0.2720E-16
 -1.918  0.5738E-16
 -1.908  0.1197E-15
 -1.898  0.2472E-15
 -1.888  0.5048E-15
 -1.878  0.1020E-14
 -1.868  0.2038E-14
 -1.858  0.4029E-14
 -1.848  0.7880E-14
 -1.838  0.1525E-13
 -1.828  0.2918E-13
 -1.818  0.5525E-13
 -1.808  0.1035E-12
 -1.798  0.1918E-12
 -1.788  0.3516E-12
 -1.778  0.6376E-12
 -1.768  0.1144E-11
 -1.758  0.2030E-11
 -1.748  0.3565E-11
 -1.738  0.6192E-11
 -1.728  0.1064E-10
 -1.718  0.1809E-10
 -1.708  0.3042E-10
 -1.698  0.5061E-10
 -1.688  0.8331E-10
 -1.678  0.1357E-09
 -1.668  0.2186E-09
 -1.658  0.3484E-09
 -1.648  0.5493E-09
 -1.638  0.8570E-09
 -1.628  0.1323E-08
 -1.618  0.2020E-08
 -1.608  0.3052E-08
 -1.598  0.4563E-08
 -1.588  0.6749E-08
 -1.578  0.9877E-08
 -1.568  0.1430E-07
 -1.558  0.2049E-07
 -1.548  0.2906E-07
 -1.538  0.4077E-07
 -1.528  0.5661E-07
 -1.518  0.7779E-07
 -1.508  0.1058E-06
 -1.498  0.1424E-06
 -1.488  0.1897E-06
 -1.478  0.2502E-06
 -1.468  0.3266E-06
 -1.458  0.4220E-06
 -1.448  0.5400E-06
 -1.438  0.6841E-06
 -1.428  0.8582E-06
 -1.418  0.1066E-05
 -1.408  0.1312E-05
 -1.398  0.1599E-05
 -1.388  0.1931E-05
 -1.378  0.2311E-05
 -1.368  0.2740E-05
 -1.358  0.3220E-05
 -1.348  0.3751E-05
 -1.338  0.4332E-05
 -1.328  0.4961E-05
 -1.318  0.5634E-05
 -1.308  0.6347E-05
 -1.298  0.7092E-05
 -1.288  0.7863E-05
 -1.278  0.8650E-05
 -1.268  0.9444E-05
 -1.258  0.1023E-04
 -1.248  0.1101E-04
 -1.238  0.1175E-04
 -1.228  0.1245E-04
 -1.218  0.1310E-04
 -1.208  0.1368E-04
 -1.198  0.1418E-04
 -1.188  0.1459E-04
 -1.178  0.1490E-04
 -1.168  0.1510E-04
 -1.158  0.1518E-04
 -1.148  0.1515E-04
 -1.138  0.1500E-04
 -1.128  0.1472E-04
 -1.118  0.1434E-04
 -1.108  0.1384E-04
 -1.098  0.1325E-04
 -1.088  0.1257E-04
 -1.078  0.1182E-04
 -1.068  0.1102E-04
 -1.058  0.1018E-04
 -1.048  0.9314E-05
 -1.038  0.8443E-05
 -1.028  0.7581E-05
 -1.018  0.6743E-05
 -1.008  0.5941E-05
 -0.998  0.5184E-05
 -0.988  0.4483E-05
 -0.978  0.3843E-05
 -0.968  0.3267E-05
 -0.958  0.2760E-05
 -0.948  0.2321E-05
 -0.938  0.1952E-05
 -0.928  0.1650E-05
 -0.918  0.1416E-05
 -0.908  0.1249E-05
 -0.898  0.1148E-05
 -0.888  0.1113E-05
 -0.878  0.1147E-05
 -0.868  0.1252E-05
 -0.858  0.1432E-05
 -0.848  0.1692E-05
 -0.838  0.2038E-05
 -0.828  0.2476E-05
 -0.818  0.3014E-05
 -0.808  0.3657E-05
 -0.798  0.4412E-05
 -0.788  0.5282E-05
 -0.778  0.6270E-05
 -0.768  0.7376E-05
 -0.758  0.8595E-05
 -0.748  0.9921E-05
 -0.738  0.1134E-04
 -0.728  0.1284E-04
 -0.718  0.1441E-04
 -0.708  0.1601E-04
 -0.698  0.1763E-04
 -0.688  0.1924E-04
 -0.678  0.2081E-04
 -0.668  0.2232E-04
 -0.658  0.2375E-04
 -0.648  0.2508E-04
 -0.638  0.2629E-04
 -0.628  0.2738E-04
 -0.618  0.2834E-04
 -0.608  0.2919E-04
 -0.598  0.2992E-04
 -0.588  0.3057E-04
 -0.578  0.3115E-04
 -0.568  0.3169E-04
 -0.558  0.3222E-04
 -0.548  0.3276E-04
 -0.538  0.3334E-04
 -0.528  0.3399E-04
 -0.518  0.3471E-04
 -0.508  0.3553E-04
 -0.498  0.3642E-04
 -0.488  0.3739E-04
 -0.478  0.3842E-04
 -0.468  0.3949E-04
 -0.458  0.4055E-04
 -0.448  0.4157E-04
 -0.438  0.4250E-04
 -0.428  0.4332E-04
 -0.418  0.4397E-04
 -0.408  0.4442E-04
 -0.398  0.4464E-04
 -0.388  0.4461E-04
 -0.378  0.4431E-04
 -0.368  0.4374E-04
 -0.358  0.4291E-04
 -0.348  0.4183E-04
 -0.338  0.4053E-04
 -0.328  0.3903E-04
 -0.318  0.3739E-04
 -0.308  0.3564E-04
 -0.298  0.3381E-04
 -0.288  0.3196E-04
 -0.278  0.3012E-04
 -0.268  0.2832E-04
 -0.258  0.2660E-04
 -0.248  0.2497E-04
 -0.238  0.2345E-04
 -0.228  0.2206E-04
 -0.218  0.2078E-04
 -0.208  0.1962E-04
 -0.198  0.1856E-04
 -0.188  0.1761E-04
 -0.178  0.1675E-04
 -0.168  0.1597E-04
 -0.158  0.1525E-04
 -0.148  0.1461E-04
 -0.138  0.1404E-04
 -0.128  0.1354E-04
 -0.118  0.1313E-04
 -0.108  0.1283E-04
 -0.098  0.1266E-04
 -0.088  0.1267E-04
 -0.078  0.1288E-04
 -0.068  0.1334E-04
 -0.058  0.1410E-04
 -0.048  0.1520E-04
 -0.038  0.1669E-04
 -0.028  0.1862E-04
 -0.018  0.2102E-04
 -0.008  0.2395E-04
  0.002  0.2742E-04
  0.012  0.3146E-04
  0.022  0.3609E-04
  0.032  0.4130E-04
  0.042  0.4709E-04
  0.052  0.5342E-04
  0.062  0.6026E-04
  0.072  0.6755E-04
  0.082  0.7522E-04
  0.092  0.8321E-04
  0.102  0.9140E-04
  0.112  0.9971E-04
  0.122  0.1080E-03
  0.132  0.1162E-03
  0.142  0.1243E-03
  0.152  0.1320E-03
  0.162  0.1394E-03
  0.172  0.1463E-03
  0.182  0.1527E-03
  0.192  0.1587E-03
  0.202  0.1642E-03
  0.212  0.1692E-03
  0.222  0.1739E-03
  0.232  0.1782E-03
  0.242  0.1825E-03
  0.252  0.1866E-03
  0.262  0.1909E-03
  0.272  0.1953E-03
  0.282  0.2001E-03
  0.292  0.2051E-03
  0.302  0.2106E-03
  0.312  0.2164E-03
  0.322  0.2224E-03
  0.332  0.2286E-03
  0.342  0.2347E-03
  0.352  0.2406E-03
  0.362  0.2460E-03
  0.372  0.2505E-03
  0.382  0.2540E-03
  0.392  0.2562E-03
  0.402  0.2568E-03
  0.412  0.2557E-03
  0.422  0.2527E-03
  0.432  0.2478E-03
  0.442  0.2409E-03
  0.452  0.2322E-03
  0.462  0.2217E-03
  0.472  0.2097E-03
  0.482  0.1965E-03
  0.492  0.1823E-03
  0.502  0.1675E-03
  0.512  0.1523E-03
  0.522  0.1371E-03
  0.532  0.1222E-03
  0.542  0.1077E-03
  0.552  0.9402E-04
  0.562  0.8119E-04
  0.572  0.6938E-04
  0.582  0.5866E-04
  0.592  0.4908E-04
  0.602  0.4063E-04
  0.612  0.3328E-04
  0.622  0.2697E-04
  0.632  0.2163E-04
  0.642  0.1716E-04
  0.652  0.1347E-04
  0.662  0.1046E-04
  0.672  0.8036E-05
  0.682  0.6109E-05
  0.692  0.4595E-05
  0.702  0.3420E-05
  0.712  0.2518E-05
  0.722  0.1834E-05
  0.732  0.1322E-05
  0.742  0.9424E-06
  0.752  0.6648E-06
  0.762  0.4640E-06
  0.772  0.3204E-06
  0.782  0.2189E-06
  0.792  0.1480E-06
  0.802  0.9894E-07
  0.812  0.6546E-07
  0.822  0.4285E-07
  0.832  0.2775E-07
  0.842  0.1778E-07
