 -5.548  0.9144E-08
 -5.538  0.1414E-07
 -5.528  0.2163E-07
 -5.518  0.3275E-07
 -5.508  0.4904E-07
 -5.498  0.7266E-07
 -5.488  0.1065E-06
 -5.478  0.1545E-06
 -5.468  0.2217E-06
 -5.458  0.3149E-06
 -5.448  0.4425E-06
 -5.438  0.6153E-06
 -5.428  0.8468E-06
 -5.418  0.1153E-05
 -5.408  0.1555E-05
 -5.398  0.2075E-05
 -5.388  0.2742E-05
 -5.378  0.3587E-05
 -5.368  0.4648E-05
 -5.358  0.5964E-05
 -5.348  0.7583E-05
 -5.338  0.9554E-05
 -5.328  0.1193E-04
 -5.318  0.1478E-04
 -5.308  0.1815E-04
 -5.298  0.2212E-04
 -5.288  0.2676E-04
 -5.278  0.3216E-04
 -5.268  0.3840E-04
 -5.258  0.4558E-04
 -5.248  0.5381E-04
 -5.238  0.6323E-04
 -5.228  0.7398E-04
 -5.218  0.8622E-04
 -5.208  0.1001E-03
 -5.198  0.1159E-03
 -5.188  0.1339E-03
 -5.178  0.1542E-03
 -5.168  0.1772E-03
 -5.158  0.2032E-03
 -5.148  0.2325E-03
 -5.138  0.2655E-03
 -5.128  0.3028E-03
 -5.118  0.3448E-03
 -5.108  0.3924E-03
 -5.098  0.4464E-03
 -5.088  0.5082E-03
 -5.078  0.5796E-03
 -5.068  0.6629E-03
 -5.058  0.7614E-03
 -5.048  0.8792E-03
 -5.038  0.1022E-02
 -5.028  0.1196E-02
 -5.018  0.1411E-02
 -5.008  0.1676E-02
 -4.998  0.2005E-02
 -4.988  0.2412E-02
 -4.978  0.2913E-02
 -4.968  0.3527E-02
 -4.958  0.4273E-02
 -4.948  0.5170E-02
 -4.938  0.6238E-02
 -4.928  0.7496E-02
 -4.918  0.8959E-02
 -4.908  0.1064E-01
 -4.898  0.1254E-01
 -4.888  0.1467E-01
 -4.878  0.1701E-01
 -4.868  0.1954E-01
 -4.858  0.2224E-01
 -4.848  0.2507E-01
 -4.838  0.2798E-01
 -4.828  0.3091E-01
 -4.818  0.3380E-01
 -4.808  0.3658E-01
 -4.798  0.3918E-01
 -4.788  0.4152E-01
 -4.778  0.4354E-01
 -4.768  0.4517E-01
 -4.758  0.4637E-01
 -4.748  0.4709E-01
 -4.738  0.4732E-01
 -4.728  0.4703E-01
 -4.718  0.4625E-01
 -4.708  0.4500E-01
 -4.698  0.4331E-01
 -4.688  0.4124E-01
 -4.678  0.3885E-01
 -4.668  0.3620E-01
 -4.658  0.3338E-01
 -4.648  0.3044E-01
 -4.638  0.2746E-01
 -4.628  0.2451E-01
 -4.618  0.2164E-01
 -4.608  0.1890E-01
 -4.598  0.1633E-01
 -4.588  0.1396E-01
 -4.578  0.1181E-01
 -4.568  0.9876E-02
 -4.558  0.8173E-02
 -4.548  0.6691E-02
 -4.538  0.5419E-02
 -4.528  0.4341E-02
 -4.518  0.3441E-02
 -4.508  0.2698E-02
 -4.498  0.2092E-02
 -4.488  0.1606E-02
 -4.478  0.1219E-02
 -4.468  0.9151E-03
 -4.458  0.6797E-03
 -4.448  0.4995E-03
 -4.438  0.3631E-03
 -4.428  0.2611E-03
 -4.418  0.1858E-03
 -4.408  0.1307E-03
 -4.398  0.9101E-04
 -4.388  0.6268E-04
 -4.378  0.4271E-04
 -4.368  0.2878E-04
 -4.358  0.1919E-04
 -4.348  0.1266E-04
 -4.338  0.8260E-05
 -4.328  0.5332E-05
 -4.318  0.3404E-05
 -4.308  0.2151E-05
 -4.298  0.1344E-05
 -4.288  0.8308E-06
 -4.278  0.5081E-06
 -4.268  0.3074E-06
 -4.258  0.1839E-06
 -4.248  0.1089E-06
 -4.238  0.6378E-07
 -4.228  0.3696E-07
 -4.218  0.2118E-07
 -4.208  0.1201E-07
 -4.198  0.6736E-08
 -4.188  0.3738E-08
 -4.178  0.2052E-08
 -4.168  0.1114E-08
 -4.158  0.5985E-09
 -4.148  0.3181E-09
 -4.138  0.1672E-09
 -4.128  0.8696E-10
 -4.118  0.4474E-10
 -4.108  0.2277E-10
 -4.098  0.1146E-10
 -4.088  0.5709E-11
 -4.078  0.2813E-11
 -4.068  0.1371E-11
 -4.058  0.6611E-12
 -4.048  0.3153E-12
 -4.038  0.1488E-12
 -4.028  0.6946E-13
 -4.018  0.3208E-13
 -4.008  0.1465E-13
 -3.998  0.6622E-14
 -3.988  0.2960E-14
 -3.978  0.1309E-14
 -3.968  0.5728E-15
 -3.958  0.2479E-15
 -3.948  0.1061E-15
 -3.938  0.4495E-16
 -3.928  0.1883E-16
 -3.918  0.7807E-17
 -3.908  0.3201E-17
 -3.898  0.1298E-17
 -3.888  0.5210E-18
 -3.878  0.2068E-18
 -3.868  0.8122E-19
 -3.858  0.3155E-19
 -3.848  0.1213E-19
 -3.838  0.4610E-20
 -3.828  0.1734E-20
 -3.818  0.6450E-21
 -3.808  0.2374E-21
 -3.798  0.8643E-22
 -3.788  0.3113E-22
 -3.778  0.1109E-22
 -3.768  0.3910E-23
 -3.758  0.1363E-23
 -3.748  0.4703E-24
 -3.738  0.1605E-24
 -3.728  0.5417E-25
 -3.718  0.1809E-25
 -3.708  0.5977E-26
 -3.698  0.1953E-26
 -3.688  0.6315E-27
 -3.678  0.2020E-27
 -3.668  0.6389E-28
 -3.658  0.2000E-28
 -3.648  0.6192E-29
 -3.638  0.1897E-29
 -3.628  0.5747E-30
 -3.618  0.1723E-30
 -3.608  0.5108E-31
 -3.598  0.1498E-31
 -3.588  0.4348E-32
 -3.578  0.1248E-32
 -3.568  0.3545E-33
 -3.558  0.9958E-34
 -3.548  0.2767E-34
 -3.538  0.7608E-35
 -3.528  0.2069E-35
 -3.518  0.5567E-36
 -3.508  0.1482E-36
 -3.498  0.3902E-37
 -3.488  0.1016E-37
 -3.478  0.2619E-38
 -3.468  0.6675E-39
 -3.458  0.1683E-39
 -3.448  0.4199E-40
 -3.438  0.1036E-40
 -3.428  0.2530E-41
 -3.418  0.6109E-42
 -3.408  0.1459E-42
 -3.398  0.3449E-43
 -3.388  0.8064E-44
 -3.378  0.1865E-44
 -3.368  0.4267E-45
 -3.358  0.9658E-46
 -3.348  0.2163E-46
 -3.338  0.4790E-47
 -3.328  0.1050E-47
 -3.318  0.2275E-48
 -3.308  0.4879E-49
 -3.298  0.1035E-49
 -3.288  0.2172E-50
 -3.278  0.4509E-51
 -3.268  0.9261E-52
 -3.258  0.1881E-52
 -3.248  0.3781E-53
 -3.238  0.7518E-54
 -3.228  0.1479E-54
 -3.218  0.2877E-55
 -3.208  0.5537E-56
 -3.198  0.1054E-56
 -3.188  0.1986E-57
 -3.178  0.3701E-58
 -3.168  0.6822E-59
 -3.158  0.1244E-59
 -3.148  0.2244E-60
 -3.138  0.4005E-61
 -3.128  0.7071E-62
 -3.118  0.1235E-62
 -3.108  0.2133E-63
 -3.098  0.3646E-64
 -3.088  0.6165E-65
 -3.078  0.1031E-65
 -3.068  0.1706E-66
 -3.058  0.2793E-67
 -3.048  0.4522E-68
 -3.038  0.7243E-69
 -3.028  0.1148E-69
 -3.018  0.1799E-70
 -3.008  0.2790E-71
 -2.998  0.4285E-72
 -2.988  0.6820E-73
 -2.978  0.3120E-73
 -2.968  0.1421E-72
 -2.958  0.9130E-72
 -2.948  0.5858E-71
 -2.938  0.3720E-70
 -2.928  0.2336E-69
 -2.918  0.1452E-68
 -2.908  0.8924E-68
 -2.898  0.5426E-67
 -2.888  0.3264E-66
 -2.878  0.1942E-65
 -2.868  0.1144E-64
 -2.858  0.6659E-64
 -2.848  0.3837E-63
 -2.838  0.2187E-62
 -2.828  0.1233E-61
 -2.818  0.6875E-61
 -2.808  0.3793E-60
 -2.798  0.2070E-59
 -2.788  0.1118E-58
 -2.778  0.5971E-58
 -2.768  0.3155E-57
 -2.758  0.1649E-56
 -2.748  0.8529E-56
 -2.738  0.4363E-55
 -2.728  0.2208E-54
 -2.718  0.1105E-53
 -2.708  0.5474E-53
 -2.698  0.2682E-52
 -2.688  0.1300E-51
 -2.678  0.6231E-51
 -2.668  0.2955E-50
 -2.658  0.1387E-49
 -2.648  0.6436E-49
 -2.638  0.2955E-48
 -2.628  0.1342E-47
 -2.618  0.6032E-47
 -2.608  0.2681E-46
 -2.598  0.1179E-45
 -2.588  0.5129E-45
 -2.578  0.2207E-44
 -2.568  0.9397E-44
 -2.558  0.3957E-43
 -2.548  0.1649E-42
 -2.538  0.6795E-42
 -2.528  0.2770E-41
 -2.518  0.1117E-40
 -2.508  0.4458E-40
 -2.498  0.1760E-39
 -2.488  0.6871E-39
 -2.478  0.2654E-38
 -2.468  0.1014E-37
 -2.458  0.3834E-37
 -2.448  0.1434E-36
 -2.438  0.5304E-36
 -2.428  0.1941E-35
 -2.418  0.7026E-35
 -2.408  0.2516E-34
 -2.398  0.8915E-34
 -2.388  0.3125E-33
 -2.378  0.1083E-32
 -2.368  0.3716E-32
 -2.358  0.1261E-31
 -2.348  0.4232E-31
 -2.338  0.1405E-30
 -2.328  0.4616E-30
 -2.318  0.1500E-29
 -2.308  0.4822E-29
 -2.298  0.1533E-28
 -2.288  0.4823E-28
 -2.278  0.1501E-27
 -2.268  0.4621E-27
 -2.258  0.1407E-26
 -2.248  0.4240E-26
 -2.238  0.1264E-25
 -2.228  0.3726E-25
 -2.218  0.1087E-24
 -2.208  0.3136E-24
 -2.198  0.8951E-24
 -2.188  0.2528E-23
 -2.178  0.7061E-23
 -2.168  0.1951E-22
 -2.158  0.5334E-22
 -2.148  0.1442E-21
 -2.138  0.3859E-21
 -2.128  0.1021E-20
 -2.118  0.2674E-20
 -2.108  0.6925E-20
 -2.098  0.1774E-19
 -2.088  0.4497E-19
 -2.078  0.1127E-18
 -2.068  0.2797E-18
 -2.058  0.6862E-18
 -2.048  0.1666E-17
 -2.038  0.4000E-17
 -2.028  0.9502E-17
 -2.018  0.2233E-16
 -2.008  0.5191E-16
 -1.998  0.1194E-15
 -1.988  0.2716E-15
 -1.978  0.6114E-15
 -1.968  0.1361E-14
 -1.958  0.2998E-14
 -1.948  0.6533E-14
 -1.938  0.1408E-13
 -1.928  0.3003E-13
 -1.918  0.6335E-13
 -1.908  0.1322E-12
 -1.898  0.2730E-12
 -1.888  0.5575E-12
 -1.878  0.1126E-11
 -1.868  0.2252E-11
 -1.858  0.4452E-11
 -1.848  0.8710E-11
 -1.838  0.1686E-10
 -1.828  0.3227E-10
 -1.818  0.6113E-10
 -1.808  0.1145E-09
 -1.798  0.2123E-09
 -1.788  0.3894E-09
 -1.778  0.7066E-09
 -1.768  0.1268E-08
 -1.758  0.2253E-08
 -1.748  0.3958E-08
 -1.738  0.6881E-08
 -1.728  0.1183E-07
 -1.718  0.2014E-07
 -1.708  0.3390E-07
 -1.698  0.5648E-07
 -1.688  0.9309E-07
 -1.678  0.1518E-06
 -1.668  0.2450E-06
 -1.658  0.3913E-06
 -1.648  0.6183E-06
 -1.638  0.9669E-06
 -1.628  0.1496E-05
 -1.618  0.2292E-05
 -1.608  0.3473E-05
 -1.598  0.5211E-05
 -1.588  0.7738E-05
 -1.578  0.1138E-04
 -1.568  0.1655E-04
 -1.558  0.2385E-04
 -1.548  0.3401E-04
 -1.538  0.4804E-04
 -1.528  0.6719E-04
 -1.518  0.9307E-04
 -1.508  0.1277E-03
 -1.498  0.1735E-03
 -1.488  0.2336E-03
 -1.478  0.3116E-03
 -1.468  0.4120E-03
 -1.458  0.5397E-03
 -1.448  0.7009E-03
 -1.438  0.9023E-03
 -1.428  0.1152E-02
 -1.418  0.1458E-02
 -1.408  0.1830E-02
 -1.398  0.2279E-02
 -1.388  0.2814E-02
 -1.378  0.3449E-02
 -1.368  0.4193E-02
 -1.358  0.5059E-02
 -1.348  0.6057E-02
 -1.338  0.7196E-02
 -1.328  0.8485E-02
 -1.318  0.9929E-02
 -1.308  0.1153E-01
 -1.298  0.1329E-01
 -1.288  0.1520E-01
 -1.278  0.1724E-01
 -1.268  0.1941E-01
 -1.258  0.2168E-01
 -1.248  0.2402E-01
 -1.238  0.2640E-01
 -1.228  0.2877E-01
 -1.218  0.3109E-01
 -1.208  0.3330E-01
 -1.198  0.3537E-01
 -1.188  0.3723E-01
 -1.178  0.3884E-01
 -1.168  0.4015E-01
 -1.158  0.4112E-01
 -1.148  0.4172E-01
 -1.138  0.4193E-01
 -1.128  0.4174E-01
 -1.118  0.4115E-01
 -1.108  0.4017E-01
 -1.098  0.3883E-01
 -1.088  0.3716E-01
 -1.078  0.3521E-01
 -1.068  0.3302E-01
 -1.058  0.3066E-01
 -1.048  0.2817E-01
 -1.038  0.2562E-01
 -1.028  0.2307E-01
 -1.018  0.2055E-01
 -1.008  0.1812E-01
 -0.998  0.1581E-01
 -0.988  0.1365E-01
 -0.978  0.1166E-01
 -0.968  0.9861E-02
 -0.958  0.8250E-02
 -0.948  0.6830E-02
 -0.938  0.5596E-02
 -0.928  0.4538E-02
 -0.918  0.3642E-02
 -0.908  0.2895E-02
 -0.898  0.2280E-02
 -0.888  0.1781E-02
 -0.878  0.1383E-02
 -0.868  0.1070E-02
 -0.858  0.8287E-03
 -0.848  0.6482E-03
 -0.838  0.5178E-03
 -0.828  0.4288E-03
 -0.818  0.3741E-03
 -0.808  0.3481E-03
 -0.798  0.3462E-03
 -0.788  0.3652E-03
 -0.778  0.4023E-03
 -0.768  0.4559E-03
 -0.758  0.5245E-03
 -0.748  0.6072E-03
 -0.738  0.7035E-03
 -0.728  0.8127E-03
 -0.718  0.9347E-03
 -0.708  0.1069E-02
 -0.698  0.1216E-02
 -0.688  0.1376E-02
 -0.678  0.1549E-02
 -0.668  0.1735E-02
 -0.658  0.1937E-02
 -0.648  0.2155E-02
 -0.638  0.2393E-02
 -0.628  0.2652E-02
 -0.618  0.2938E-02
 -0.608  0.3254E-02
 -0.598  0.3606E-02
 -0.588  0.3999E-02
 -0.578  0.4440E-02
 -0.568  0.4935E-02
 -0.558  0.5490E-02
 -0.548  0.6110E-02
 -0.538  0.6800E-02
 -0.528  0.7561E-02
 -0.518  0.8395E-02
 -0.508  0.9301E-02
 -0.498  0.1027E-01
 -0.488  0.1130E-01
 -0.478  0.1238E-01
 -0.468  0.1350E-01
 -0.458  0.1463E-01
 -0.448  0.1576E-01
 -0.438  0.1687E-01
 -0.428  0.1793E-01
 -0.418  0.1893E-01
 -0.408  0.1983E-01
 -0.398  0.2062E-01
 -0.388  0.2128E-01
 -0.378  0.2179E-01
 -0.368  0.2213E-01
 -0.358  0.2231E-01
 -0.348  0.2232E-01
 -0.338  0.2217E-01
 -0.328  0.2185E-01
 -0.318  0.2139E-01
 -0.308  0.2079E-01
 -0.298  0.2008E-01
 -0.288  0.1929E-01
 -0.278  0.1843E-01
 -0.268  0.1752E-01
 -0.258  0.1659E-01
 -0.248  0.1565E-01
 -0.238  0.1473E-01
 -0.228  0.1384E-01
 -0.218  0.1299E-01
 -0.208  0.1218E-01
 -0.198  0.1142E-01
 -0.188  0.1071E-01
 -0.178  0.1006E-01
 -0.168  0.9463E-02
 -0.158  0.8917E-02
 -0.148  0.8424E-02
 -0.138  0.7986E-02
 -0.128  0.7607E-02
 -0.118  0.7293E-02
 -0.108  0.7051E-02
 -0.098  0.6894E-02
 -0.088  0.6832E-02
 -0.078  0.6881E-02
 -0.068  0.7055E-02
 -0.058  0.7369E-02
 -0.048  0.7837E-02
 -0.038  0.8471E-02
 -0.028  0.9278E-02
 -0.018  0.1026E-01
 -0.008  0.1143E-01
  0.002  0.1276E-01
  0.012  0.1425E-01
  0.022  0.1587E-01
  0.032  0.1759E-01
  0.042  0.1939E-01
  0.052  0.2123E-01
  0.062  0.2305E-01
  0.072  0.2481E-01
  0.082  0.2646E-01
  0.092  0.2796E-01
  0.102  0.2926E-01
  0.112  0.3033E-01
  0.122  0.3114E-01
  0.132  0.3165E-01
  0.142  0.3187E-01
  0.152  0.3180E-01
  0.162  0.3143E-01
  0.172  0.3081E-01
  0.182  0.2994E-01
  0.192  0.2889E-01
  0.202  0.2769E-01
  0.212  0.2639E-01
  0.222  0.2505E-01
  0.232  0.2372E-01
  0.242  0.2244E-01
  0.252  0.2127E-01
  0.262  0.2023E-01
  0.272  0.1937E-01
  0.282  0.1871E-01
  0.292  0.1825E-01
  0.302  0.1800E-01
  0.312  0.1795E-01
  0.322  0.1808E-01
  0.332  0.1837E-01
  0.342  0.1879E-01
  0.352  0.1930E-01
  0.362  0.1986E-01
  0.372  0.2042E-01
  0.382  0.2095E-01
  0.392  0.2140E-01
  0.402  0.2174E-01
  0.412  0.2194E-01
  0.422  0.2197E-01
  0.432  0.2182E-01
  0.442  0.2148E-01
  0.452  0.2095E-01
  0.462  0.2024E-01
  0.472  0.1935E-01
  0.482  0.1833E-01
  0.492  0.1718E-01
  0.502  0.1593E-01
  0.512  0.1463E-01
  0.522  0.1329E-01
  0.532  0.1195E-01
  0.542  0.1063E-01
  0.552  0.9355E-02
  0.562  0.8147E-02
  0.572  0.7020E-02
  0.582  0.5985E-02
  0.592  0.5048E-02
  0.602  0.4213E-02
  0.612  0.3479E-02
  0.622  0.2842E-02
  0.632  0.2297E-02
  0.642  0.1837E-02
  0.652  0.1453E-02
  0.662  0.1137E-02
  0.672  0.8807E-03
  0.682  0.6748E-03
  0.692  0.5115E-03
  0.702  0.3836E-03
  0.712  0.2846E-03
  0.722  0.2089E-03
  0.732  0.1517E-03
  0.742  0.1090E-03
  0.752  0.7747E-04
  0.762  0.5448E-04
  0.772  0.3791E-04
  0.782  0.2609E-04
  0.792  0.1777E-04
  0.802  0.1197E-04
  0.812  0.7980E-05
  0.822  0.5263E-05
  0.832  0.3434E-05
  0.842  0.2216E-05
