 -5.548  0.1290E-06
 -5.538  0.1995E-06
 -5.528  0.3051E-06
 -5.518  0.4616E-06
 -5.508  0.6909E-06
 -5.498  0.1023E-05
 -5.488  0.1499E-05
 -5.478  0.2172E-05
 -5.468  0.3113E-05
 -5.458  0.4415E-05
 -5.448  0.6195E-05
 -5.438  0.8599E-05
 -5.428  0.1181E-04
 -5.418  0.1604E-04
 -5.408  0.2156E-04
 -5.398  0.2868E-04
 -5.388  0.3773E-04
 -5.378  0.4912E-04
 -5.368  0.6328E-04
 -5.358  0.8065E-04
 -5.348  0.1017E-03
 -5.338  0.1270E-03
 -5.328  0.1568E-03
 -5.318  0.1917E-03
 -5.308  0.2320E-03
 -5.298  0.2778E-03
 -5.288  0.3295E-03
 -5.278  0.3869E-03
 -5.268  0.4499E-03
 -5.258  0.5182E-03
 -5.248  0.5913E-03
 -5.238  0.6688E-03
 -5.228  0.7498E-03
 -5.218  0.8337E-03
 -5.208  0.9197E-03
 -5.198  0.1007E-02
 -5.188  0.1095E-02
 -5.178  0.1183E-02
 -5.168  0.1271E-02
 -5.158  0.1359E-02
 -5.148  0.1446E-02
 -5.138  0.1534E-02
 -5.128  0.1623E-02
 -5.118  0.1714E-02
 -5.108  0.1808E-02
 -5.098  0.1905E-02
 -5.088  0.2008E-02
 -5.078  0.2117E-02
 -5.068  0.2233E-02
 -5.058  0.2358E-02
 -5.048  0.2491E-02
 -5.038  0.2633E-02
 -5.028  0.2783E-02
 -5.018  0.2943E-02
 -5.008  0.3109E-02
 -4.998  0.3283E-02
 -4.988  0.3462E-02
 -4.978  0.3644E-02
 -4.968  0.3828E-02
 -4.958  0.4011E-02
 -4.948  0.4192E-02
 -4.938  0.4367E-02
 -4.928  0.4535E-02
 -4.918  0.4693E-02
 -4.908  0.4838E-02
 -4.898  0.4969E-02
 -4.888  0.5084E-02
 -4.878  0.5180E-02
 -4.868  0.5258E-02
 -4.858  0.5314E-02
 -4.848  0.5349E-02
 -4.838  0.5361E-02
 -4.828  0.5351E-02
 -4.818  0.5318E-02
 -4.808  0.5261E-02
 -4.798  0.5182E-02
 -4.788  0.5080E-02
 -4.778  0.4956E-02
 -4.768  0.4811E-02
 -4.758  0.4646E-02
 -4.748  0.4462E-02
 -4.738  0.4260E-02
 -4.728  0.4044E-02
 -4.718  0.3813E-02
 -4.708  0.3573E-02
 -4.698  0.3324E-02
 -4.688  0.3070E-02
 -4.678  0.2814E-02
 -4.668  0.2559E-02
 -4.658  0.2309E-02
 -4.648  0.2066E-02
 -4.638  0.1832E-02
 -4.628  0.1611E-02
 -4.618  0.1403E-02
 -4.608  0.1211E-02
 -4.598  0.1036E-02
 -4.588  0.8775E-03
 -4.578  0.7361E-03
 -4.568  0.6115E-03
 -4.558  0.5029E-03
 -4.548  0.4095E-03
 -4.538  0.3300E-03
 -4.528  0.2633E-03
 -4.518  0.2079E-03
 -4.508  0.1625E-03
 -4.498  0.1257E-03
 -4.488  0.9620E-04
 -4.478  0.7286E-04
 -4.468  0.5461E-04
 -4.458  0.4050E-04
 -4.448  0.2971E-04
 -4.438  0.2157E-04
 -4.428  0.1550E-04
 -4.418  0.1101E-04
 -4.408  0.7745E-05
 -4.398  0.5388E-05
 -4.388  0.3708E-05
 -4.378  0.2525E-05
 -4.368  0.1701E-05
 -4.358  0.1134E-05
 -4.348  0.7475E-06
 -4.338  0.4876E-06
 -4.328  0.3146E-06
 -4.318  0.2009E-06
 -4.308  0.1269E-06
 -4.298  0.7925E-07
 -4.288  0.4899E-07
 -4.278  0.2995E-07
 -4.268  0.1812E-07
 -4.258  0.1084E-07
 -4.248  0.6418E-08
 -4.238  0.3759E-08
 -4.228  0.2178E-08
 -4.218  0.1248E-08
 -4.208  0.7076E-09
 -4.198  0.3969E-09
 -4.188  0.2202E-09
 -4.178  0.1209E-09
 -4.168  0.6563E-10
 -4.158  0.3526E-10
 -4.148  0.1874E-10
 -4.138  0.9849E-11
 -4.128  0.5122E-11
 -4.118  0.2635E-11
 -4.108  0.1341E-11
 -4.098  0.6752E-12
 -4.088  0.3363E-12
 -4.078  0.1657E-12
 -4.068  0.8075E-13
 -4.058  0.3894E-13
 -4.048  0.1857E-13
 -4.038  0.8764E-14
 -4.028  0.4091E-14
 -4.018  0.1889E-14
 -4.008  0.8630E-15
 -3.998  0.3900E-15
 -3.988  0.1743E-15
 -3.978  0.7710E-16
 -3.968  0.3373E-16
 -3.958  0.1460E-16
 -3.948  0.6251E-17
 -3.938  0.2647E-17
 -3.928  0.1109E-17
 -3.918  0.4598E-18
 -3.908  0.1885E-18
 -3.898  0.7647E-19
 -3.888  0.3069E-19
 -3.878  0.1218E-19
 -3.868  0.4783E-20
 -3.858  0.1858E-20
 -3.848  0.7141E-21
 -3.838  0.2715E-21
 -3.828  0.1021E-21
 -3.818  0.3799E-22
 -3.808  0.1398E-22
 -3.798  0.5090E-23
 -3.788  0.1833E-23
 -3.778  0.6533E-24
 -3.768  0.2303E-24
 -3.758  0.8029E-25
 -3.748  0.2770E-25
 -3.738  0.9451E-26
 -3.728  0.3190E-26
 -3.718  0.1065E-26
 -3.708  0.3520E-27
 -3.698  0.1150E-27
 -3.688  0.3719E-28
 -3.678  0.1189E-28
 -3.668  0.3763E-29
 -3.658  0.1178E-29
 -3.648  0.3647E-30
 -3.638  0.1117E-30
 -3.628  0.3384E-31
 -3.618  0.1014E-31
 -3.608  0.3008E-32
 -3.598  0.8824E-33
 -3.588  0.2561E-33
 -3.578  0.7351E-34
 -3.568  0.2087E-34
 -3.558  0.5864E-35
 -3.548  0.1630E-35
 -3.538  0.4481E-36
 -3.528  0.1219E-36
 -3.518  0.3279E-37
 -3.508  0.8727E-38
 -3.498  0.2298E-38
 -3.488  0.5985E-39
 -3.478  0.1542E-39
 -3.468  0.3931E-40
 -3.458  0.9913E-41
 -3.448  0.2473E-41
 -3.438  0.6102E-42
 -3.428  0.1490E-42
 -3.418  0.3598E-43
 -3.408  0.8595E-44
 -3.398  0.2031E-44
 -3.388  0.4749E-45
 -3.378  0.1098E-45
 -3.368  0.2513E-46
 -3.358  0.5688E-47
 -3.348  0.1274E-47
 -3.338  0.2821E-48
 -3.328  0.6182E-49
 -3.318  0.1340E-49
 -3.308  0.2873E-50
 -3.298  0.6096E-51
 -3.288  0.1279E-51
 -3.278  0.2656E-52
 -3.268  0.5454E-53
 -3.258  0.1108E-53
 -3.248  0.2227E-54
 -3.238  0.4427E-55
 -3.228  0.8708E-56
 -3.218  0.1694E-56
 -3.208  0.3261E-57
 -3.198  0.6209E-58
 -3.188  0.1170E-58
 -3.178  0.2180E-59
 -3.168  0.4018E-60
 -3.158  0.7326E-61
 -3.148  0.1322E-61
 -3.138  0.2359E-62
 -3.128  0.4164E-63
 -3.118  0.7272E-64
 -3.108  0.1256E-64
 -3.098  0.2147E-65
 -3.088  0.3631E-66
 -3.078  0.6072E-67
 -3.068  0.1005E-67
 -3.058  0.1645E-68
 -3.048  0.2663E-69
 -3.038  0.4266E-70
 -3.028  0.6759E-71
 -3.018  0.1060E-71
 -3.008  0.1643E-72
 -2.998  0.2525E-73
 -2.988  0.4131E-74
 -2.978  0.2600E-74
 -2.968  0.1337E-73
 -2.958  0.8620E-73
 -2.948  0.5532E-72
 -2.938  0.3513E-71
 -2.928  0.2206E-70
 -2.918  0.1371E-69
 -2.908  0.8427E-69
 -2.898  0.5124E-68
 -2.888  0.3082E-67
 -2.878  0.1834E-66
 -2.868  0.1080E-65
 -2.858  0.6289E-65
 -2.848  0.3623E-64
 -2.838  0.2065E-63
 -2.828  0.1164E-62
 -2.818  0.6492E-62
 -2.808  0.3582E-61
 -2.798  0.1955E-60
 -2.788  0.1056E-59
 -2.778  0.5639E-59
 -2.768  0.2980E-58
 -2.758  0.1557E-57
 -2.748  0.8054E-57
 -2.738  0.4120E-56
 -2.728  0.2085E-55
 -2.718  0.1044E-54
 -2.708  0.5169E-54
 -2.698  0.2532E-53
 -2.688  0.1227E-52
 -2.678  0.5884E-52
 -2.668  0.2791E-51
 -2.658  0.1309E-50
 -2.648  0.6078E-50
 -2.638  0.2791E-49
 -2.628  0.1268E-48
 -2.618  0.5696E-48
 -2.608  0.2532E-47
 -2.598  0.1113E-46
 -2.588  0.4843E-46
 -2.578  0.2084E-45
 -2.568  0.8873E-45
 -2.558  0.3737E-44
 -2.548  0.1557E-43
 -2.538  0.6416E-43
 -2.528  0.2616E-42
 -2.518  0.1055E-41
 -2.508  0.4210E-41
 -2.498  0.1662E-40
 -2.488  0.6488E-40
 -2.478  0.2506E-39
 -2.468  0.9577E-39
 -2.458  0.3620E-38
 -2.448  0.1354E-37
 -2.438  0.5008E-37
 -2.428  0.1833E-36
 -2.418  0.6635E-36
 -2.408  0.2376E-35
 -2.398  0.8419E-35
 -2.388  0.2951E-34
 -2.378  0.1023E-33
 -2.368  0.3509E-33
 -2.358  0.1191E-32
 -2.348  0.3996E-32
 -2.338  0.1327E-31
 -2.328  0.4359E-31
 -2.318  0.1416E-30
 -2.308  0.4553E-30
 -2.298  0.1448E-29
 -2.288  0.4555E-29
 -2.278  0.1417E-28
 -2.268  0.4364E-28
 -2.258  0.1329E-27
 -2.248  0.4004E-27
 -2.238  0.1193E-26
 -2.228  0.3519E-26
 -2.218  0.1026E-25
 -2.208  0.2961E-25
 -2.198  0.8453E-25
 -2.188  0.2387E-24
 -2.178  0.6667E-24
 -2.168  0.1842E-23
 -2.158  0.5037E-23
 -2.148  0.1362E-22
 -2.138  0.3644E-22
 -2.128  0.9643E-22
 -2.118  0.2525E-21
 -2.108  0.6539E-21
 -2.098  0.1675E-20
 -2.088  0.4246E-20
 -2.078  0.1065E-19
 -2.068  0.2641E-19
 -2.058  0.6480E-19
 -2.048  0.1573E-18
 -2.038  0.3777E-18
 -2.028  0.8973E-18
 -2.018  0.2109E-17
 -2.008  0.4902E-17
 -1.998  0.1127E-16
 -1.988  0.2565E-16
 -1.978  0.5773E-16
 -1.968  0.1285E-15
 -1.958  0.2831E-15
 -1.948  0.6169E-15
 -1.938  0.1330E-14
 -1.928  0.2836E-14
 -1.918  0.5982E-14
 -1.908  0.1248E-13
 -1.898  0.2577E-13
 -1.888  0.5264E-13
 -1.878  0.1064E-12
 -1.868  0.2126E-12
 -1.858  0.4204E-12
 -1.848  0.8224E-12
 -1.838  0.1592E-11
 -1.828  0.3047E-11
 -1.818  0.5772E-11
 -1.808  0.1082E-10
 -1.798  0.2005E-10
 -1.788  0.3678E-10
 -1.778  0.6673E-10
 -1.768  0.1198E-09
 -1.758  0.2127E-09
 -1.748  0.3738E-09
 -1.738  0.6498E-09
 -1.728  0.1118E-08
 -1.718  0.1902E-08
 -1.708  0.3203E-08
 -1.698  0.5336E-08
 -1.688  0.8795E-08
 -1.678  0.1435E-07
 -1.668  0.2315E-07
 -1.658  0.3698E-07
 -1.648  0.5845E-07
 -1.638  0.9141E-07
 -1.628  0.1415E-06
 -1.618  0.2168E-06
 -1.608  0.3287E-06
 -1.598  0.4933E-06
 -1.588  0.7328E-06
 -1.578  0.1078E-05
 -1.568  0.1569E-05
 -1.558  0.2262E-05
 -1.548  0.3229E-05
 -1.538  0.4564E-05
 -1.528  0.6389E-05
 -1.518  0.8859E-05
 -1.508  0.1217E-04
 -1.498  0.1656E-04
 -1.488  0.2233E-04
 -1.478  0.2984E-04
 -1.468  0.3952E-04
 -1.458  0.5188E-04
 -1.448  0.6753E-04
 -1.438  0.8716E-04
 -1.428  0.1116E-03
 -1.418  0.1417E-03
 -1.408  0.1784E-03
 -1.398  0.2229E-03
 -1.388  0.2764E-03
 -1.378  0.3401E-03
 -1.368  0.4153E-03
 -1.358  0.5034E-03
 -1.348  0.6056E-03
 -1.338  0.7231E-03
 -1.328  0.8571E-03
 -1.318  0.1008E-02
 -1.308  0.1178E-02
 -1.298  0.1365E-02
 -1.288  0.1570E-02
 -1.278  0.1791E-02
 -1.268  0.2029E-02
 -1.258  0.2279E-02
 -1.248  0.2540E-02
 -1.238  0.2808E-02
 -1.228  0.3077E-02
 -1.218  0.3344E-02
 -1.208  0.3603E-02
 -1.198  0.3848E-02
 -1.188  0.4073E-02
 -1.178  0.4272E-02
 -1.168  0.4439E-02
 -1.158  0.4570E-02
 -1.148  0.4661E-02
 -1.138  0.4708E-02
 -1.128  0.4709E-02
 -1.118  0.4665E-02
 -1.108  0.4575E-02
 -1.098  0.4443E-02
 -1.088  0.4271E-02
 -1.078  0.4065E-02
 -1.068  0.3830E-02
 -1.058  0.3571E-02
 -1.048  0.3296E-02
 -1.038  0.3010E-02
 -1.028  0.2722E-02
 -1.018  0.2435E-02
 -1.008  0.2156E-02
 -0.998  0.1890E-02
 -0.988  0.1639E-02
 -0.978  0.1408E-02
 -0.968  0.1198E-02
 -0.958  0.1010E-02
 -0.948  0.8441E-03
 -0.938  0.7013E-03
 -0.928  0.5806E-03
 -0.918  0.4812E-03
 -0.908  0.4021E-03
 -0.898  0.3422E-03
 -0.888  0.3005E-03
 -0.878  0.2763E-03
 -0.868  0.2688E-03
 -0.858  0.2777E-03
 -0.848  0.3029E-03
 -0.838  0.3444E-03
 -0.828  0.4026E-03
 -0.818  0.4779E-03
 -0.808  0.5707E-03
 -0.798  0.6815E-03
 -0.788  0.8106E-03
 -0.778  0.9580E-03
 -0.768  0.1123E-02
 -0.758  0.1306E-02
 -0.748  0.1505E-02
 -0.738  0.1719E-02
 -0.728  0.1946E-02
 -0.718  0.2183E-02
 -0.708  0.2428E-02
 -0.698  0.2678E-02
 -0.688  0.2931E-02
 -0.678  0.3183E-02
 -0.668  0.3433E-02
 -0.658  0.3680E-02
 -0.648  0.3922E-02
 -0.638  0.4160E-02
 -0.628  0.4394E-02
 -0.618  0.4628E-02
 -0.608  0.4864E-02
 -0.598  0.5105E-02
 -0.588  0.5356E-02
 -0.578  0.5621E-02
 -0.568  0.5904E-02
 -0.558  0.6207E-02
 -0.548  0.6534E-02
 -0.538  0.6885E-02
 -0.528  0.7260E-02
 -0.518  0.7654E-02
 -0.508  0.8064E-02
 -0.498  0.8482E-02
 -0.488  0.8899E-02
 -0.478  0.9305E-02
 -0.468  0.9689E-02
 -0.458  0.1004E-01
 -0.448  0.1034E-01
 -0.438  0.1059E-01
 -0.428  0.1076E-01
 -0.418  0.1087E-01
 -0.408  0.1089E-01
 -0.398  0.1082E-01
 -0.388  0.1067E-01
 -0.378  0.1044E-01
 -0.368  0.1013E-01
 -0.358  0.9756E-02
 -0.348  0.9322E-02
 -0.338  0.8841E-02
 -0.328  0.8327E-02
 -0.318  0.7793E-02
 -0.308  0.7251E-02
 -0.298  0.6714E-02
 -0.288  0.6192E-02
 -0.278  0.5695E-02
 -0.268  0.5231E-02
 -0.258  0.4804E-02
 -0.248  0.4417E-02
 -0.238  0.4071E-02
 -0.228  0.3767E-02
 -0.218  0.3500E-02
 -0.208  0.3269E-02
 -0.198  0.3069E-02
 -0.188  0.2894E-02
 -0.178  0.2741E-02
 -0.168  0.2604E-02
 -0.158  0.2479E-02
 -0.148  0.2363E-02
 -0.138  0.2254E-02
 -0.128  0.2150E-02
 -0.118  0.2051E-02
 -0.108  0.1958E-02
 -0.098  0.1872E-02
 -0.088  0.1797E-02
 -0.078  0.1734E-02
 -0.068  0.1688E-02
 -0.058  0.1663E-02
 -0.048  0.1663E-02
 -0.038  0.1691E-02
 -0.028  0.1751E-02
 -0.018  0.1846E-02
 -0.008  0.1978E-02
  0.002  0.2149E-02
  0.012  0.2360E-02
  0.022  0.2610E-02
  0.032  0.2898E-02
  0.042  0.3222E-02
  0.052  0.3577E-02
  0.062  0.3960E-02
  0.072  0.4365E-02
  0.082  0.4785E-02
  0.092  0.5215E-02
  0.102  0.5646E-02
  0.112  0.6071E-02
  0.122  0.6481E-02
  0.132  0.6869E-02
  0.142  0.7228E-02
  0.152  0.7549E-02
  0.162  0.7827E-02
  0.172  0.8056E-02
  0.182  0.8232E-02
  0.192  0.8352E-02
  0.202  0.8413E-02
  0.212  0.8416E-02
  0.222  0.8362E-02
  0.232  0.8255E-02
  0.242  0.8097E-02
  0.252  0.7894E-02
  0.262  0.7654E-02
  0.272  0.7382E-02
  0.282  0.7087E-02
  0.292  0.6776E-02
  0.302  0.6456E-02
  0.312  0.6135E-02
  0.322  0.5817E-02
  0.332  0.5509E-02
  0.342  0.5214E-02
  0.352  0.4934E-02
  0.362  0.4670E-02
  0.372  0.4423E-02
  0.382  0.4192E-02
  0.392  0.3974E-02
  0.402  0.3768E-02
  0.412  0.3571E-02
  0.422  0.3380E-02
  0.432  0.3193E-02
  0.442  0.3007E-02
  0.452  0.2822E-02
  0.462  0.2636E-02
  0.472  0.2449E-02
  0.482  0.2261E-02
  0.492  0.2074E-02
  0.502  0.1888E-02
  0.512  0.1705E-02
  0.522  0.1527E-02
  0.532  0.1356E-02
  0.542  0.1193E-02
  0.552  0.1040E-02
  0.562  0.8976E-03
  0.572  0.7673E-03
  0.582  0.6495E-03
  0.592  0.5442E-03
  0.602  0.4514E-03
  0.612  0.3706E-03
  0.622  0.3011E-03
  0.632  0.2422E-03
  0.642  0.1927E-03
  0.652  0.1518E-03
  0.662  0.1183E-03
  0.672  0.9118E-04
  0.682  0.6957E-04
  0.692  0.5251E-04
  0.702  0.3923E-04
  0.712  0.2899E-04
  0.722  0.2120E-04
  0.732  0.1534E-04
  0.742  0.1098E-04
  0.752  0.7775E-05
  0.762  0.5448E-05
  0.772  0.3777E-05
  0.782  0.2591E-05
  0.792  0.1758E-05
  0.802  0.1180E-05
  0.812  0.7842E-06
  0.822  0.5154E-06
  0.832  0.3352E-06
  0.842  0.2156E-06
