  0.15625000000000000       -4.7175462794236376       -1.2375462794236380     
  0.31250000000000000       -4.7175462794236376       -1.2375462794236380     
  0.46875000000000000       -4.7175462794236376       -1.2375462794236380     
  0.62500000000000000       -4.7175462794236376       -1.2375462794236380     
  0.78125000000000000       -4.7175462794236376       -1.2375462794236380     
  0.93750000000000000       -4.7175462794236376       -1.2375462794236380     
   1.0937500000000000       -4.7175462794236376       -1.2375462794236380     
   1.2500000000000000       -4.7175462794236376       -1.2375462794236380     
   1.4062500000000000       -4.7175462794236376       -1.2375462794236380     
   1.5625000000000000       -4.7175462794236376       -1.2375462794236380     
   1.7187499999999998       -4.7175462794236376       -1.2375462794236380     
   1.8750000000000000       -4.7175462794236376       -1.2375462794236380     
   2.0312500000000000       -4.7175462794236376       -1.2375462794236380     
   2.1875000000000000       -4.7175462794236376       -1.2375462794236380     
   2.3437500000000000       -4.7175462794236376       -1.2375462794236380     
   2.5000000000000000       -4.7175462794236376       -1.2375462794236380     
   2.6562500000000000       -4.7175462794236376       -1.2375462794236380     
   2.8125000000000000       -4.7175462794236376       -1.2375462794236380     
   2.9687500000000000       -4.7175462794236376       -1.2375462794236380     
   3.1250000000000000       -4.7175462794236376       -1.2375462794236380     
   3.2812500000000000       -4.7175462794236376       -1.2375462794236380     
   3.4374999999999996       -4.7175462794236376       -1.2375462794236380     
   3.5937500000000004       -4.7175462794236376       -1.2375462794236380     
   3.7500000000000000       -4.7175462794236376       -1.2375462794236380     
   3.9062500000000000       -4.7175462794236376       -1.2375462794236380     
   4.0625000000000000       -4.7175462794236376       -1.2375462794236380     
   4.2187500000000000       -4.7175462794236376       -1.2375462794236380     
   4.3750000000000000       -4.7175462794236376       -1.2375462794236380     
   4.5312500000000000       -4.7175462794236376       -1.2375462794236380     
   4.6875000000000000       -4.7175462794236376       -1.2375462794236380     
   4.8437500000000009       -4.7175462794236376       -1.2375462794236380     
   5.0000000000000000       -4.7175462794236376       -1.2375462794236380     
   5.1562500000000000       -4.7175462794236376       -1.2375462794236380     
   5.3125000000000000       -4.7175462794236376       -1.2375462794236380     
   5.4687500000000000       -4.7175462794236376       -1.2375462794236380     
   5.6250000000000000       -4.7175462794236376       -1.2375462794236380     
   5.7812500000000000       -4.7175462794236376       -1.2375462794236380     
   5.9375000000000000       -4.7175462794236376       -1.2375462794236380     
   6.0937500000000000       -4.7175462794236376       -1.2375462794236380     
   6.2500000000000000       -4.7175462794236376       -1.2375462794236380     
   6.4062500000000000       -4.7175462794236376       -1.2375462794236380     
   6.5625000000000000       -4.7175462794236376       -1.2375462794236380     
   6.7187500000000000       -4.7175462794236376       -1.2375462794236380     
   6.8749999999999991       -4.7175462794236376       -1.2375462794236380     
   7.0312500000000000       -4.7175462794236376       -1.2375462794236380     
   7.1875000000000009       -4.7175462794236376       -1.2375462794236380     
   7.3437500000000000       -4.7175462794236376       -1.2375462794236380     
   7.5000000000000000       -4.7175462794236376       -1.2375462794236380     
   7.6562500000000000       -4.7175462794236376       -1.2375462794236380     
   7.8125000000000000       -4.7175462794236376       -1.2375462794236380     
   7.9687500000000000       -4.7175462794236376       -1.2375462794236380     
   8.1250000000000000       -4.7175462794236376       -1.2375462794236380     
   8.2812500000000000       -4.7175462794236376       -1.2375462794236380     
   8.4375000000000000       -4.7175462794236376       -1.2375462794236380     
   8.5937500000000000       -4.7175462794236376       -1.2375462794236380     
   8.7500000000000000       -4.7175462794236376       -1.2375462794236380     
   8.9062500000000000       -4.7175462794236376       -1.2375462794236380     
   9.0625000000000000       -4.7175462794236376       -1.2375462794236380     
   9.2187500000000000       -4.7175462794236376       -1.2375462794236380     
   9.3750000000000000       -4.7175462794236376       -1.2375462794236380     
   9.5312500000000000       -4.7175462794236376       -1.2375462794236380     
   9.6875000000000018       -4.7175462794236376       -1.2375462794236380     
   9.8437500000000000       -4.7175462794236376       -1.2375462794236380     
   10.000000000000000       -4.7175462794236376       -1.2375462794236380     
   10.156250000000000       -4.7175462794236376       -1.2375462794236380     
   10.312500000000000       -4.7175462794236376       -1.2375462794236380     
   10.468750000000000       -4.7175462794236376       -1.2375462794236380     
   10.625000000000000       -4.7175462794236376       -1.2375462794236380     
   10.781250000000000       -4.7175462794236376       -1.2375462794236380     
   10.937500000000000       -4.7175462794236376       -1.2375462794236380     
   11.093750000000000       -4.7175462794236376       -1.2375462794236380     
   11.250000000000000       -4.7175462794236376       -1.2375462794236380     
   11.406249999999998       -4.7175462794236376       -1.2375462794236380     
   11.562500000000000       -4.7175462794236376       -1.2375462794236380     
   11.718750000000000       -4.7175462794236376       -1.2375462794236380     
   11.875000000000000       -4.7175462794236376       -1.2375462794236380     
   12.031250000000002       -4.7175462794236376       -1.2375462794236380     
   12.187500000000000       -4.7175462794236376       -1.2375462794236380     
   12.343750000000000       -4.7175462794236376       -1.2375462794236380     
   12.500000000000000       -4.7175462794236376       -1.2375462794236380     
   12.656250000000000       -4.7175462794236376       -1.2375462794236380     
   12.812500000000000       -4.7175462794236376       -1.2375462794236380     
   12.968750000000000       -4.7175462794236376       -1.2375462794236380     
   13.125000000000000       -4.7175462794236376       -1.2375462794236380     
   13.281250000000000       -4.7175462794236376       -1.2375462794236380     
   13.437500000000000       -4.7175462794236376       -1.2375462794236380     
   13.593750000000000       -4.7175462794236376       -1.2375462794236380     
   13.749999999999998       -4.7175462794236376       -1.2375462794236380     
   13.906250000000000       -4.7175462794236376       -1.2375462794236380     
   14.062500000000000       -4.7175462794236376       -1.2375462794236380     
   14.218750000000000       -4.7175462794236376       -1.2375462794236380     
   14.375000000000002       -4.7175462794236376       -1.2375462794236380     
   14.531250000000000       -4.7175462794236376       -1.2375462794236380     
   14.687500000000000       -4.7175462794236376       -1.2375462794236380     
   14.843750000000000       -4.7175462794236376       -1.2375462794236380     
   15.000000000000000       -4.7175462794236376       -1.2375462794236380     
   15.156250000000000       -4.7175462794236376       -1.2375462794236380     
   15.312500000000000       -4.7175462794236376       -1.2375462794236380     
   15.468750000000000       -4.7175462794236376       -1.2375462794236380     
   15.625000000000000       -4.7175462794236376       -1.2375462794236380     
   15.781250000000000       -4.7175462794236376       -1.2375462794236380     
   15.937500000000000       -4.7175462794236376       -1.2375462794236380     
   16.093750000000000       -4.7175462794236376       -1.2375462794236380     
   16.250000000000000       -4.7175462794236376       -1.2375462794236380     
   16.406250000000000       -4.7175462794236376       -1.2375462794236380     
   16.562500000000000       -4.7175462794236376       -1.2375462794236380     
   16.718750000000000       -4.7175462794236376       -1.2375462794236380     
   16.875000000000000       -4.7175462794236376       -1.2375462794236380     
   17.031250000000000       -4.7175462794236376       -1.2375462794236380     
   17.187500000000000       -4.7175462794236376       -1.2375462794236380     
   17.343750000000000       -4.7175462794236376       -1.2375462794236380     
   17.500000000000000       -4.7175462794236376       -1.2375462794236380     
   17.656250000000000       -4.7175462794236376       -1.2375462794236380     
   17.812500000000000       -4.7175462794236376       -1.2375462794236380     
   17.968750000000000       -4.7175462794236376       -1.2375462794236380     
   18.125000000000000       -4.7175462794236376       -1.2375462794236380     
   18.281250000000000       -4.7175462794236376       -1.2375462794236380     
   18.437500000000000       -4.7175462794236376       -1.2375462794236380     
   18.593750000000000       -4.7175462794236376       -1.2375462794236380     
   18.750000000000000       -4.7175462794236376       -1.2375462794236380     
