 -5.548  0.4368E-06
 -5.538  0.6753E-06
 -5.528  0.1033E-05
 -5.518  0.1563E-05
 -5.508  0.2339E-05
 -5.498  0.3464E-05
 -5.488  0.5074E-05
 -5.478  0.7354E-05
 -5.468  0.1054E-04
 -5.458  0.1496E-04
 -5.448  0.2099E-04
 -5.438  0.2914E-04
 -5.428  0.4003E-04
 -5.418  0.5440E-04
 -5.408  0.7314E-04
 -5.398  0.9731E-04
 -5.388  0.1281E-03
 -5.378  0.1669E-03
 -5.368  0.2151E-03
 -5.358  0.2743E-03
 -5.348  0.3463E-03
 -5.338  0.4327E-03
 -5.328  0.5352E-03
 -5.318  0.6552E-03
 -5.308  0.7942E-03
 -5.298  0.9533E-03
 -5.288  0.1133E-02
 -5.278  0.1334E-02
 -5.268  0.1557E-02
 -5.258  0.1800E-02
 -5.248  0.2064E-02
 -5.238  0.2346E-02
 -5.228  0.2646E-02
 -5.218  0.2961E-02
 -5.208  0.3291E-02
 -5.198  0.3634E-02
 -5.188  0.3989E-02
 -5.178  0.4354E-02
 -5.168  0.4729E-02
 -5.158  0.5115E-02
 -5.148  0.5512E-02
 -5.138  0.5920E-02
 -5.128  0.6341E-02
 -5.118  0.6775E-02
 -5.108  0.7224E-02
 -5.098  0.7687E-02
 -5.088  0.8165E-02
 -5.078  0.8657E-02
 -5.068  0.9160E-02
 -5.058  0.9673E-02
 -5.048  0.1019E-01
 -5.038  0.1071E-01
 -5.028  0.1123E-01
 -5.018  0.1173E-01
 -5.008  0.1223E-01
 -4.998  0.1270E-01
 -4.988  0.1316E-01
 -4.978  0.1359E-01
 -4.968  0.1399E-01
 -4.958  0.1437E-01
 -4.948  0.1472E-01
 -4.938  0.1505E-01
 -4.928  0.1536E-01
 -4.918  0.1565E-01
 -4.908  0.1593E-01
 -4.898  0.1619E-01
 -4.888  0.1645E-01
 -4.878  0.1671E-01
 -4.868  0.1696E-01
 -4.858  0.1720E-01
 -4.848  0.1743E-01
 -4.838  0.1765E-01
 -4.828  0.1784E-01
 -4.818  0.1799E-01
 -4.808  0.1811E-01
 -4.798  0.1817E-01
 -4.788  0.1817E-01
 -4.778  0.1808E-01
 -4.768  0.1792E-01
 -4.758  0.1765E-01
 -4.748  0.1729E-01
 -4.738  0.1683E-01
 -4.728  0.1627E-01
 -4.718  0.1561E-01
 -4.708  0.1486E-01
 -4.698  0.1404E-01
 -4.688  0.1315E-01
 -4.678  0.1220E-01
 -4.668  0.1123E-01
 -4.658  0.1024E-01
 -4.648  0.9245E-02
 -4.638  0.8270E-02
 -4.628  0.7327E-02
 -4.618  0.6427E-02
 -4.608  0.5582E-02
 -4.598  0.4799E-02
 -4.588  0.4085E-02
 -4.578  0.3441E-02
 -4.568  0.2869E-02
 -4.558  0.2367E-02
 -4.548  0.1933E-02
 -4.538  0.1562E-02
 -4.528  0.1249E-02
 -4.518  0.9883E-03
 -4.508  0.7737E-03
 -4.498  0.5993E-03
 -4.488  0.4593E-03
 -4.478  0.3483E-03
 -4.468  0.2613E-03
 -4.458  0.1940E-03
 -4.448  0.1424E-03
 -4.438  0.1035E-03
 -4.428  0.7438E-04
 -4.418  0.5289E-04
 -4.408  0.3721E-04
 -4.398  0.2590E-04
 -4.388  0.1783E-04
 -4.378  0.1214E-04
 -4.368  0.8184E-05
 -4.358  0.5455E-05
 -4.348  0.3598E-05
 -4.338  0.2347E-05
 -4.328  0.1515E-05
 -4.318  0.9672E-06
 -4.308  0.6109E-06
 -4.298  0.3817E-06
 -4.288  0.2360E-06
 -4.278  0.1443E-06
 -4.268  0.8729E-07
 -4.258  0.5224E-07
 -4.248  0.3093E-07
 -4.238  0.1811E-07
 -4.228  0.1049E-07
 -4.218  0.6014E-08
 -4.208  0.3410E-08
 -4.198  0.1913E-08
 -4.188  0.1061E-08
 -4.178  0.5825E-09
 -4.168  0.3163E-09
 -4.158  0.1699E-09
 -4.148  0.9030E-10
 -4.138  0.4747E-10
 -4.128  0.2469E-10
 -4.118  0.1270E-10
 -4.108  0.6464E-11
 -4.098  0.3254E-11
 -4.088  0.1621E-11
 -4.078  0.7986E-12
 -4.068  0.3892E-12
 -4.058  0.1877E-12
 -4.048  0.8952E-13
 -4.038  0.4224E-13
 -4.028  0.1972E-13
 -4.018  0.9105E-14
 -4.008  0.4160E-14
 -3.998  0.1880E-14
 -3.988  0.8403E-15
 -3.978  0.3716E-15
 -3.968  0.1626E-15
 -3.958  0.7037E-16
 -3.948  0.3013E-16
 -3.938  0.1276E-16
 -3.928  0.5347E-17
 -3.918  0.2216E-17
 -3.908  0.9087E-18
 -3.898  0.3686E-18
 -3.888  0.1479E-18
 -3.878  0.5871E-19
 -3.868  0.2306E-19
 -3.858  0.8957E-20
 -3.848  0.3442E-20
 -3.838  0.1309E-20
 -3.828  0.4922E-21
 -3.818  0.1831E-21
 -3.808  0.6739E-22
 -3.798  0.2454E-22
 -3.788  0.8838E-23
 -3.778  0.3149E-23
 -3.768  0.1110E-23
 -3.758  0.3870E-24
 -3.748  0.1335E-24
 -3.738  0.4556E-25
 -3.728  0.1538E-25
 -3.718  0.5136E-26
 -3.708  0.1697E-26
 -3.698  0.5545E-27
 -3.688  0.1793E-27
 -3.678  0.5733E-28
 -3.668  0.1814E-28
 -3.658  0.5677E-29
 -3.648  0.1758E-29
 -3.638  0.5384E-30
 -3.628  0.1631E-30
 -3.618  0.4890E-31
 -3.608  0.1450E-31
 -3.598  0.4253E-32
 -3.588  0.1234E-32
 -3.578  0.3543E-33
 -3.568  0.1006E-33
 -3.558  0.2827E-34
 -3.548  0.7856E-35
 -3.538  0.2160E-35
 -3.528  0.5874E-36
 -3.518  0.1580E-36
 -3.508  0.4207E-37
 -3.498  0.1108E-37
 -3.488  0.2885E-38
 -3.478  0.7434E-39
 -3.468  0.1895E-39
 -3.458  0.4778E-40
 -3.448  0.1192E-40
 -3.438  0.2941E-41
 -3.428  0.7181E-42
 -3.418  0.1734E-42
 -3.408  0.4143E-43
 -3.398  0.9791E-44
 -3.388  0.2289E-44
 -3.378  0.5294E-45
 -3.368  0.1211E-45
 -3.358  0.2742E-46
 -3.348  0.6139E-47
 -3.338  0.1360E-47
 -3.328  0.2980E-48
 -3.318  0.6459E-49
 -3.308  0.1385E-49
 -3.298  0.2938E-50
 -3.288  0.6166E-51
 -3.278  0.1280E-51
 -3.268  0.2629E-52
 -3.258  0.5341E-53
 -3.248  0.1073E-53
 -3.238  0.2134E-54
 -3.228  0.4197E-55
 -3.218  0.8167E-56
 -3.208  0.1572E-56
 -3.198  0.2993E-57
 -3.188  0.5638E-58
 -3.178  0.1051E-58
 -3.168  0.1937E-59
 -3.158  0.3532E-60
 -3.148  0.6371E-61
 -3.138  0.1137E-61
 -3.128  0.2007E-62
 -3.118  0.3505E-63
 -3.108  0.6056E-64
 -3.098  0.1035E-64
 -3.088  0.1750E-65
 -3.078  0.2927E-66
 -3.068  0.4843E-67
 -3.058  0.7927E-68
 -3.048  0.1284E-68
 -3.038  0.2056E-69
 -3.028  0.3258E-70
 -3.018  0.5108E-71
 -3.008  0.7921E-72
 -2.998  0.1219E-72
 -2.988  0.2089E-73
 -2.978  0.1899E-73
 -2.968  0.1068E-72
 -2.958  0.6905E-72
 -2.948  0.4432E-71
 -2.938  0.2814E-70
 -2.928  0.1767E-69
 -2.918  0.1098E-68
 -2.908  0.6751E-68
 -2.898  0.4105E-67
 -2.888  0.2469E-66
 -2.878  0.1469E-65
 -2.868  0.8651E-65
 -2.858  0.5038E-64
 -2.848  0.2902E-63
 -2.838  0.1654E-62
 -2.828  0.9325E-62
 -2.818  0.5201E-61
 -2.808  0.2870E-60
 -2.798  0.1566E-59
 -2.788  0.8457E-59
 -2.778  0.4517E-58
 -2.768  0.2387E-57
 -2.758  0.1248E-56
 -2.748  0.6452E-56
 -2.738  0.3300E-55
 -2.728  0.1670E-54
 -2.718  0.8361E-54
 -2.708  0.4141E-53
 -2.698  0.2029E-52
 -2.688  0.9832E-52
 -2.678  0.4714E-51
 -2.668  0.2236E-50
 -2.658  0.1049E-49
 -2.648  0.4869E-49
 -2.638  0.2236E-48
 -2.628  0.1015E-47
 -2.618  0.4563E-47
 -2.608  0.2028E-46
 -2.598  0.8919E-46
 -2.588  0.3880E-45
 -2.578  0.1670E-44
 -2.568  0.7108E-44
 -2.558  0.2994E-43
 -2.548  0.1247E-42
 -2.538  0.5140E-42
 -2.528  0.2096E-41
 -2.518  0.8453E-41
 -2.508  0.3373E-40
 -2.498  0.1331E-39
 -2.488  0.5198E-39
 -2.478  0.2008E-38
 -2.468  0.7672E-38
 -2.458  0.2900E-37
 -2.448  0.1085E-36
 -2.438  0.4012E-36
 -2.428  0.1468E-35
 -2.418  0.5315E-35
 -2.408  0.1904E-34
 -2.398  0.6744E-34
 -2.388  0.2364E-33
 -2.378  0.8195E-33
 -2.368  0.2811E-32
 -2.358  0.9537E-32
 -2.348  0.3201E-31
 -2.338  0.1063E-30
 -2.328  0.3492E-30
 -2.318  0.1135E-29
 -2.308  0.3647E-29
 -2.298  0.1160E-28
 -2.288  0.3649E-28
 -2.278  0.1136E-27
 -2.268  0.3496E-27
 -2.258  0.1065E-26
 -2.248  0.3208E-26
 -2.238  0.9560E-26
 -2.228  0.2819E-25
 -2.218  0.8222E-25
 -2.208  0.2372E-24
 -2.198  0.6771E-24
 -2.188  0.1912E-23
 -2.178  0.5341E-23
 -2.168  0.1476E-22
 -2.158  0.4035E-22
 -2.148  0.1091E-21
 -2.138  0.2919E-21
 -2.128  0.7725E-21
 -2.118  0.2022E-20
 -2.108  0.5238E-20
 -2.098  0.1342E-19
 -2.088  0.3401E-19
 -2.078  0.8528E-19
 -2.068  0.2115E-18
 -2.058  0.5190E-18
 -2.048  0.1260E-17
 -2.038  0.3025E-17
 -2.028  0.7187E-17
 -2.018  0.1689E-16
 -2.008  0.3926E-16
 -1.998  0.9029E-16
 -1.988  0.2054E-15
 -1.978  0.4623E-15
 -1.968  0.1029E-14
 -1.958  0.2267E-14
 -1.948  0.4940E-14
 -1.938  0.1065E-13
 -1.928  0.2270E-13
 -1.918  0.4789E-13
 -1.908  0.9993E-13
 -1.898  0.2063E-12
 -1.888  0.4213E-12
 -1.878  0.8512E-12
 -1.868  0.1701E-11
 -1.858  0.3363E-11
 -1.848  0.6578E-11
 -1.838  0.1273E-10
 -1.828  0.2437E-10
 -1.818  0.4614E-10
 -1.808  0.8644E-10
 -1.798  0.1602E-09
 -1.788  0.2937E-09
 -1.778  0.5327E-09
 -1.768  0.9559E-09
 -1.758  0.1697E-08
 -1.748  0.2980E-08
 -1.738  0.5178E-08
 -1.728  0.8900E-08
 -1.718  0.1514E-07
 -1.708  0.2546E-07
 -1.698  0.4239E-07
 -1.688  0.6980E-07
 -1.678  0.1137E-06
 -1.668  0.1833E-06
 -1.658  0.2924E-06
 -1.648  0.4614E-06
 -1.638  0.7204E-06
 -1.628  0.1113E-05
 -1.618  0.1701E-05
 -1.608  0.2573E-05
 -1.598  0.3852E-05
 -1.588  0.5705E-05
 -1.578  0.8363E-05
 -1.568  0.1213E-04
 -1.558  0.1742E-04
 -1.548  0.2475E-04
 -1.538  0.3481E-04
 -1.528  0.4846E-04
 -1.518  0.6680E-04
 -1.508  0.9114E-04
 -1.498  0.1231E-03
 -1.488  0.1647E-03
 -1.478  0.2182E-03
 -1.468  0.2863E-03
 -1.458  0.3720E-03
 -1.448  0.4789E-03
 -1.438  0.6107E-03
 -1.428  0.7718E-03
 -1.418  0.9666E-03
 -1.408  0.1200E-02
 -1.398  0.1476E-02
 -1.388  0.1801E-02
 -1.378  0.2179E-02
 -1.368  0.2614E-02
 -1.358  0.3111E-02
 -1.348  0.3673E-02
 -1.338  0.4302E-02
 -1.328  0.5001E-02
 -1.318  0.5769E-02
 -1.308  0.6604E-02
 -1.298  0.7505E-02
 -1.288  0.8466E-02
 -1.278  0.9479E-02
 -1.268  0.1054E-01
 -1.258  0.1162E-01
 -1.248  0.1273E-01
 -1.238  0.1384E-01
 -1.228  0.1493E-01
 -1.218  0.1598E-01
 -1.208  0.1697E-01
 -1.198  0.1789E-01
 -1.188  0.1870E-01
 -1.178  0.1939E-01
 -1.168  0.1994E-01
 -1.158  0.2033E-01
 -1.148  0.2054E-01
 -1.138  0.2058E-01
 -1.128  0.2044E-01
 -1.118  0.2011E-01
 -1.108  0.1961E-01
 -1.098  0.1894E-01
 -1.088  0.1812E-01
 -1.078  0.1717E-01
 -1.068  0.1611E-01
 -1.058  0.1497E-01
 -1.048  0.1378E-01
 -1.038  0.1255E-01
 -1.028  0.1132E-01
 -1.018  0.1011E-01
 -1.008  0.8938E-02
 -0.998  0.7822E-02
 -0.988  0.6779E-02
 -0.978  0.5817E-02
 -0.968  0.4946E-02
 -0.958  0.4169E-02
 -0.948  0.3488E-02
 -0.938  0.2903E-02
 -0.928  0.2411E-02
 -0.918  0.2009E-02
 -0.908  0.1692E-02
 -0.898  0.1458E-02
 -0.888  0.1302E-02
 -0.878  0.1221E-02
 -0.868  0.1213E-02
 -0.858  0.1278E-02
 -0.848  0.1414E-02
 -0.838  0.1623E-02
 -0.828  0.1906E-02
 -0.818  0.2264E-02
 -0.808  0.2700E-02
 -0.798  0.3213E-02
 -0.788  0.3804E-02
 -0.778  0.4471E-02
 -0.768  0.5211E-02
 -0.758  0.6019E-02
 -0.748  0.6886E-02
 -0.738  0.7803E-02
 -0.728  0.8758E-02
 -0.718  0.9738E-02
 -0.708  0.1073E-01
 -0.698  0.1171E-01
 -0.688  0.1268E-01
 -0.678  0.1361E-01
 -0.668  0.1450E-01
 -0.658  0.1534E-01
 -0.648  0.1612E-01
 -0.638  0.1686E-01
 -0.628  0.1754E-01
 -0.618  0.1819E-01
 -0.608  0.1881E-01
 -0.598  0.1943E-01
 -0.588  0.2006E-01
 -0.578  0.2072E-01
 -0.568  0.2143E-01
 -0.558  0.2220E-01
 -0.548  0.2305E-01
 -0.538  0.2399E-01
 -0.528  0.2500E-01
 -0.518  0.2609E-01
 -0.508  0.2724E-01
 -0.498  0.2841E-01
 -0.488  0.2959E-01
 -0.478  0.3074E-01
 -0.468  0.3181E-01
 -0.458  0.3277E-01
 -0.448  0.3358E-01
 -0.438  0.3419E-01
 -0.428  0.3459E-01
 -0.418  0.3474E-01
 -0.408  0.3463E-01
 -0.398  0.3425E-01
 -0.388  0.3360E-01
 -0.378  0.3269E-01
 -0.368  0.3156E-01
 -0.358  0.3022E-01
 -0.348  0.2871E-01
 -0.338  0.2707E-01
 -0.328  0.2535E-01
 -0.318  0.2358E-01
 -0.308  0.2181E-01
 -0.298  0.2007E-01
 -0.288  0.1840E-01
 -0.278  0.1682E-01
 -0.268  0.1536E-01
 -0.258  0.1403E-01
 -0.248  0.1283E-01
 -0.238  0.1177E-01
 -0.228  0.1085E-01
 -0.218  0.1005E-01
 -0.208  0.9362E-02
 -0.198  0.8771E-02
 -0.188  0.8261E-02
 -0.178  0.7816E-02
 -0.168  0.7420E-02
 -0.158  0.7061E-02
 -0.148  0.6727E-02
 -0.138  0.6410E-02
 -0.128  0.6105E-02
 -0.118  0.5809E-02
 -0.108  0.5525E-02
 -0.098  0.5254E-02
 -0.088  0.5005E-02
 -0.078  0.4783E-02
 -0.068  0.4598E-02
 -0.058  0.4460E-02
 -0.048  0.4379E-02
 -0.038  0.4364E-02
 -0.028  0.4423E-02
 -0.018  0.4563E-02
 -0.008  0.4790E-02
  0.002  0.5107E-02
  0.012  0.5514E-02
  0.022  0.6009E-02
  0.032  0.6590E-02
  0.042  0.7249E-02
  0.052  0.7977E-02
  0.062  0.8764E-02
  0.072  0.9596E-02
  0.082  0.1046E-01
  0.092  0.1134E-01
  0.102  0.1221E-01
  0.112  0.1307E-01
  0.122  0.1389E-01
  0.132  0.1466E-01
  0.142  0.1536E-01
  0.152  0.1598E-01
  0.162  0.1651E-01
  0.172  0.1693E-01
  0.182  0.1724E-01
  0.192  0.1744E-01
  0.202  0.1752E-01
  0.212  0.1749E-01
  0.222  0.1734E-01
  0.232  0.1710E-01
  0.242  0.1676E-01
  0.252  0.1634E-01
  0.262  0.1585E-01
  0.272  0.1531E-01
  0.282  0.1474E-01
  0.292  0.1414E-01
  0.302  0.1353E-01
  0.312  0.1293E-01
  0.322  0.1235E-01
  0.332  0.1178E-01
  0.342  0.1125E-01
  0.352  0.1075E-01
  0.362  0.1028E-01
  0.372  0.9844E-02
  0.382  0.9432E-02
  0.392  0.9041E-02
  0.402  0.8664E-02
  0.412  0.8295E-02
  0.422  0.7927E-02
  0.432  0.7555E-02
  0.442  0.7175E-02
  0.452  0.6784E-02
  0.462  0.6379E-02
  0.472  0.5963E-02
  0.482  0.5536E-02
  0.492  0.5102E-02
  0.502  0.4664E-02
  0.512  0.4229E-02
  0.522  0.3801E-02
  0.532  0.3385E-02
  0.542  0.2987E-02
  0.552  0.2610E-02
  0.562  0.2259E-02
  0.572  0.1936E-02
  0.582  0.1642E-02
  0.592  0.1379E-02
  0.602  0.1146E-02
  0.612  0.9425E-03
  0.622  0.7672E-03
  0.632  0.6180E-03
  0.642  0.4926E-03
  0.652  0.3886E-03
  0.662  0.3033E-03
  0.672  0.2342E-03
  0.682  0.1790E-03
  0.692  0.1353E-03
  0.702  0.1012E-03
  0.712  0.7491E-04
  0.722  0.5486E-04
  0.732  0.3975E-04
  0.742  0.2849E-04
  0.752  0.2021E-04
  0.762  0.1418E-04
  0.772  0.9844E-05
  0.782  0.6762E-05
  0.792  0.4595E-05
  0.802  0.3090E-05
  0.812  0.2055E-05
  0.822  0.1353E-05
  0.832  0.8807E-06
  0.842  0.5673E-06
