 -5.548  0.1991E-08
 -5.538  0.3079E-08
 -5.528  0.4711E-08
 -5.518  0.7130E-08
 -5.508  0.1068E-07
 -5.498  0.1582E-07
 -5.488  0.2318E-07
 -5.478  0.3362E-07
 -5.468  0.4824E-07
 -5.458  0.6849E-07
 -5.448  0.9622E-07
 -5.438  0.1338E-06
 -5.428  0.1840E-06
 -5.418  0.2505E-06
 -5.408  0.3376E-06
 -5.398  0.4503E-06
 -5.388  0.5945E-06
 -5.378  0.7772E-06
 -5.368  0.1006E-05
 -5.358  0.1289E-05
 -5.348  0.1637E-05
 -5.338  0.2060E-05
 -5.328  0.2568E-05
 -5.318  0.3173E-05
 -5.308  0.3888E-05
 -5.298  0.4725E-05
 -5.288  0.5699E-05
 -5.278  0.6824E-05
 -5.268  0.8115E-05
 -5.258  0.9590E-05
 -5.248  0.1127E-04
 -5.238  0.1317E-04
 -5.228  0.1531E-04
 -5.218  0.1773E-04
 -5.208  0.2045E-04
 -5.198  0.2349E-04
 -5.188  0.2691E-04
 -5.178  0.3072E-04
 -5.168  0.3496E-04
 -5.158  0.3966E-04
 -5.148  0.4485E-04
 -5.138  0.5053E-04
 -5.128  0.5672E-04
 -5.118  0.6339E-04
 -5.108  0.7052E-04
 -5.098  0.7806E-04
 -5.088  0.8594E-04
 -5.078  0.9406E-04
 -5.068  0.1023E-03
 -5.058  0.1106E-03
 -5.048  0.1187E-03
 -5.038  0.1265E-03
 -5.028  0.1339E-03
 -5.018  0.1407E-03
 -5.008  0.1467E-03
 -4.998  0.1520E-03
 -4.988  0.1562E-03
 -4.978  0.1595E-03
 -4.968  0.1618E-03
 -4.958  0.1630E-03
 -4.948  0.1633E-03
 -4.938  0.1626E-03
 -4.928  0.1610E-03
 -4.918  0.1588E-03
 -4.908  0.1559E-03
 -4.898  0.1525E-03
 -4.888  0.1488E-03
 -4.878  0.1448E-03
 -4.868  0.1407E-03
 -4.858  0.1365E-03
 -4.848  0.1324E-03
 -4.838  0.1283E-03
 -4.828  0.1244E-03
 -4.818  0.1205E-03
 -4.808  0.1167E-03
 -4.798  0.1130E-03
 -4.788  0.1093E-03
 -4.778  0.1056E-03
 -4.768  0.1018E-03
 -4.758  0.9785E-04
 -4.748  0.9378E-04
 -4.738  0.8952E-04
 -4.728  0.8506E-04
 -4.718  0.8040E-04
 -4.708  0.7554E-04
 -4.698  0.7053E-04
 -4.688  0.6539E-04
 -4.678  0.6018E-04
 -4.668  0.5495E-04
 -4.658  0.4977E-04
 -4.648  0.4470E-04
 -4.638  0.3979E-04
 -4.628  0.3509E-04
 -4.618  0.3067E-04
 -4.608  0.2655E-04
 -4.598  0.2277E-04
 -4.588  0.1933E-04
 -4.578  0.1625E-04
 -4.568  0.1352E-04
 -4.558  0.1114E-04
 -4.548  0.9084E-05
 -4.538  0.7332E-05
 -4.528  0.5856E-05
 -4.518  0.4629E-05
 -4.508  0.3621E-05
 -4.498  0.2803E-05
 -4.488  0.2147E-05
 -4.478  0.1627E-05
 -4.468  0.1220E-05
 -4.458  0.9054E-06
 -4.448  0.6647E-06
 -4.438  0.4827E-06
 -4.428  0.3469E-06
 -4.418  0.2466E-06
 -4.408  0.1735E-06
 -4.398  0.1207E-06
 -4.388  0.8309E-07
 -4.378  0.5659E-07
 -4.368  0.3813E-07
 -4.358  0.2541E-07
 -4.348  0.1676E-07
 -4.338  0.1093E-07
 -4.328  0.7055E-08
 -4.318  0.4504E-08
 -4.308  0.2845E-08
 -4.298  0.1778E-08
 -4.288  0.1099E-08
 -4.278  0.6718E-09
 -4.268  0.4064E-09
 -4.258  0.2432E-09
 -4.248  0.1440E-09
 -4.238  0.8432E-10
 -4.228  0.4885E-10
 -4.218  0.2800E-10
 -4.208  0.1587E-10
 -4.198  0.8904E-11
 -4.188  0.4940E-11
 -4.178  0.2712E-11
 -4.168  0.1473E-11
 -4.158  0.7910E-12
 -4.148  0.4203E-12
 -4.138  0.2210E-12
 -4.128  0.1149E-12
 -4.118  0.5912E-13
 -4.108  0.3009E-13
 -4.098  0.1515E-13
 -4.088  0.7544E-14
 -4.078  0.3717E-14
 -4.068  0.1812E-14
 -4.058  0.8736E-15
 -4.048  0.4167E-15
 -4.038  0.1966E-15
 -4.028  0.9178E-16
 -4.018  0.4238E-16
 -4.008  0.1936E-16
 -3.998  0.8750E-17
 -3.988  0.3912E-17
 -3.978  0.1730E-17
 -3.968  0.7568E-18
 -3.958  0.3275E-18
 -3.948  0.1402E-18
 -3.938  0.5940E-19
 -3.928  0.2489E-19
 -3.918  0.1032E-19
 -3.908  0.4230E-20
 -3.898  0.1716E-20
 -3.888  0.6884E-21
 -3.878  0.2733E-21
 -3.868  0.1073E-21
 -3.858  0.4169E-22
 -3.848  0.1602E-22
 -3.838  0.6091E-23
 -3.828  0.2291E-23
 -3.818  0.8523E-24
 -3.808  0.3137E-24
 -3.798  0.1142E-24
 -3.788  0.4113E-25
 -3.778  0.1466E-25
 -3.768  0.5166E-26
 -3.758  0.1801E-26
 -3.748  0.6214E-27
 -3.738  0.2120E-27
 -3.728  0.7158E-28
 -3.718  0.2390E-28
 -3.708  0.7897E-29
 -3.698  0.2581E-29
 -3.688  0.8343E-30
 -3.678  0.2668E-30
 -3.668  0.8442E-31
 -3.658  0.2642E-31
 -3.648  0.8181E-32
 -3.638  0.2506E-32
 -3.628  0.7593E-33
 -3.618  0.2276E-33
 -3.608  0.6748E-34
 -3.598  0.1980E-34
 -3.588  0.5745E-35
 -3.578  0.1649E-35
 -3.568  0.4683E-36
 -3.558  0.1316E-36
 -3.548  0.3656E-37
 -3.538  0.1005E-37
 -3.528  0.2734E-38
 -3.518  0.7356E-39
 -3.508  0.1958E-39
 -3.498  0.5155E-40
 -3.488  0.1343E-40
 -3.478  0.3460E-41
 -3.468  0.8819E-42
 -3.458  0.2224E-42
 -3.448  0.5547E-43
 -3.438  0.1369E-43
 -3.428  0.3342E-44
 -3.418  0.8071E-45
 -3.408  0.1928E-45
 -3.398  0.4557E-46
 -3.388  0.1065E-46
 -3.378  0.2464E-47
 -3.368  0.5638E-48
 -3.358  0.1276E-48
 -3.348  0.2857E-49
 -3.338  0.6329E-50
 -3.328  0.1387E-50
 -3.318  0.3006E-51
 -3.308  0.6446E-52
 -3.298  0.1367E-52
 -3.288  0.2870E-53
 -3.278  0.5957E-54
 -3.268  0.1223E-54
 -3.258  0.2486E-55
 -3.248  0.4995E-56
 -3.238  0.9932E-57
 -3.228  0.1953E-57
 -3.218  0.3801E-58
 -3.208  0.7316E-59
 -3.198  0.1393E-59
 -3.188  0.2624E-60
 -3.178  0.4889E-61
 -3.168  0.9013E-62
 -3.158  0.1644E-62
 -3.148  0.2965E-63
 -3.138  0.5291E-64
 -3.128  0.9341E-65
 -3.118  0.1631E-65
 -3.108  0.2818E-66
 -3.098  0.4817E-67
 -3.088  0.8144E-68
 -3.078  0.1362E-68
 -3.068  0.2254E-69
 -3.058  0.3689E-70
 -3.048  0.5974E-71
 -3.038  0.9569E-72
 -3.028  0.1516E-72
 -3.018  0.2377E-73
 -3.008  0.3687E-74
 -2.998  0.5734E-75
 -2.988  0.1388E-75
 -2.978  0.3639E-75
 -2.968  0.2304E-74
 -2.958  0.1494E-73
 -2.948  0.9587E-73
 -2.938  0.6087E-72
 -2.928  0.3823E-71
 -2.918  0.2376E-70
 -2.908  0.1460E-69
 -2.898  0.8880E-69
 -2.888  0.5342E-68
 -2.878  0.3179E-67
 -2.868  0.1871E-66
 -2.858  0.1090E-65
 -2.848  0.6278E-65
 -2.838  0.3578E-64
 -2.828  0.2017E-63
 -2.818  0.1125E-62
 -2.808  0.6208E-62
 -2.798  0.3388E-61
 -2.788  0.1829E-60
 -2.778  0.9772E-60
 -2.768  0.5163E-59
 -2.758  0.2699E-58
 -2.748  0.1396E-57
 -2.738  0.7140E-57
 -2.728  0.3613E-56
 -2.718  0.1809E-55
 -2.708  0.8958E-55
 -2.698  0.4388E-54
 -2.688  0.2127E-53
 -2.678  0.1020E-52
 -2.668  0.4836E-52
 -2.658  0.2269E-51
 -2.648  0.1053E-50
 -2.638  0.4836E-50
 -2.628  0.2197E-49
 -2.618  0.9871E-49
 -2.608  0.4388E-48
 -2.598  0.1929E-47
 -2.588  0.8393E-47
 -2.578  0.3612E-46
 -2.568  0.1538E-45
 -2.558  0.6476E-45
 -2.548  0.2698E-44
 -2.538  0.1112E-43
 -2.528  0.4534E-43
 -2.518  0.1829E-42
 -2.508  0.7296E-42
 -2.498  0.2880E-41
 -2.488  0.1124E-40
 -2.478  0.4343E-40
 -2.468  0.1660E-39
 -2.458  0.6274E-39
 -2.448  0.2346E-38
 -2.438  0.8679E-38
 -2.428  0.3176E-37
 -2.418  0.1150E-36
 -2.408  0.4118E-36
 -2.398  0.1459E-35
 -2.388  0.5113E-35
 -2.378  0.1773E-34
 -2.368  0.6081E-34
 -2.358  0.2063E-33
 -2.348  0.6925E-33
 -2.338  0.2299E-32
 -2.328  0.7553E-32
 -2.318  0.2454E-31
 -2.308  0.7890E-31
 -2.298  0.2509E-30
 -2.288  0.7893E-30
 -2.278  0.2456E-29
 -2.268  0.7563E-29
 -2.258  0.2303E-28
 -2.248  0.6939E-28
 -2.238  0.2068E-27
 -2.228  0.6098E-27
 -2.218  0.1779E-26
 -2.208  0.5132E-26
 -2.198  0.1465E-25
 -2.188  0.4136E-25
 -2.178  0.1155E-24
 -2.168  0.3193E-24
 -2.158  0.8728E-24
 -2.148  0.2360E-23
 -2.138  0.6314E-23
 -2.128  0.1671E-22
 -2.118  0.4375E-22
 -2.108  0.1133E-21
 -2.098  0.2903E-21
 -2.088  0.7358E-21
 -2.078  0.1845E-20
 -2.068  0.4576E-20
 -2.058  0.1123E-19
 -2.048  0.2726E-19
 -2.038  0.6545E-19
 -2.028  0.1555E-18
 -2.018  0.3654E-18
 -2.008  0.8494E-18
 -1.998  0.1953E-17
 -1.988  0.4444E-17
 -1.978  0.1000E-16
 -1.968  0.2227E-16
 -1.958  0.4905E-16
 -1.948  0.1069E-15
 -1.938  0.2303E-15
 -1.928  0.4912E-15
 -1.918  0.1036E-14
 -1.908  0.2162E-14
 -1.898  0.4464E-14
 -1.888  0.9116E-14
 -1.878  0.1842E-13
 -1.868  0.3681E-13
 -1.858  0.7277E-13
 -1.848  0.1423E-12
 -1.838  0.2754E-12
 -1.828  0.5273E-12
 -1.818  0.9985E-12
 -1.808  0.1871E-11
 -1.798  0.3467E-11
 -1.788  0.6357E-11
 -1.778  0.1153E-10
 -1.768  0.2069E-10
 -1.758  0.3673E-10
 -1.748  0.6452E-10
 -1.738  0.1121E-09
 -1.728  0.1927E-09
 -1.718  0.3278E-09
 -1.708  0.5515E-09
 -1.698  0.9180E-09
 -1.688  0.1512E-08
 -1.678  0.2464E-08
 -1.668  0.3972E-08
 -1.658  0.6337E-08
 -1.648  0.1000E-07
 -1.638  0.1562E-07
 -1.628  0.2414E-07
 -1.618  0.3691E-07
 -1.608  0.5584E-07
 -1.598  0.8361E-07
 -1.588  0.1239E-06
 -1.578  0.1817E-06
 -1.568  0.2636E-06
 -1.558  0.3787E-06
 -1.548  0.5384E-06
 -1.538  0.7577E-06
 -1.528  0.1056E-05
 -1.518  0.1456E-05
 -1.508  0.1988E-05
 -1.498  0.2688E-05
 -1.488  0.3598E-05
 -1.478  0.4771E-05
 -1.468  0.6266E-05
 -1.458  0.8151E-05
 -1.448  0.1050E-04
 -1.438  0.1341E-04
 -1.428  0.1697E-04
 -1.418  0.2128E-04
 -1.408  0.2646E-04
 -1.398  0.3260E-04
 -1.388  0.3983E-04
 -1.378  0.4826E-04
 -1.368  0.5800E-04
 -1.358  0.6913E-04
 -1.348  0.8175E-04
 -1.338  0.9592E-04
 -1.328  0.1117E-03
 -1.318  0.1290E-03
 -1.308  0.1480E-03
 -1.298  0.1684E-03
 -1.288  0.1902E-03
 -1.278  0.2132E-03
 -1.268  0.2373E-03
 -1.258  0.2621E-03
 -1.248  0.2873E-03
 -1.238  0.3125E-03
 -1.228  0.3373E-03
 -1.218  0.3613E-03
 -1.208  0.3839E-03
 -1.198  0.4046E-03
 -1.188  0.4229E-03
 -1.178  0.4384E-03
 -1.168  0.4507E-03
 -1.158  0.4593E-03
 -1.148  0.4639E-03
 -1.138  0.4644E-03
 -1.128  0.4608E-03
 -1.118  0.4530E-03
 -1.108  0.4411E-03
 -1.098  0.4256E-03
 -1.088  0.4067E-03
 -1.078  0.3849E-03
 -1.068  0.3607E-03
 -1.058  0.3347E-03
 -1.048  0.3076E-03
 -1.038  0.2798E-03
 -1.028  0.2520E-03
 -1.018  0.2247E-03
 -1.008  0.1984E-03
 -0.998  0.1734E-03
 -0.988  0.1501E-03
 -0.978  0.1288E-03
 -0.968  0.1095E-03
 -0.958  0.9251E-04
 -0.948  0.7774E-04
 -0.938  0.6523E-04
 -0.928  0.5498E-04
 -0.918  0.4694E-04
 -0.908  0.4108E-04
 -0.898  0.3736E-04
 -0.888  0.3579E-04
 -0.878  0.3638E-04
 -0.868  0.3919E-04
 -0.858  0.4430E-04
 -0.848  0.5184E-04
 -0.838  0.6194E-04
 -0.828  0.7476E-04
 -0.818  0.9045E-04
 -0.808  0.1092E-03
 -0.798  0.1310E-03
 -0.788  0.1560E-03
 -0.778  0.1842E-03
 -0.768  0.2155E-03
 -0.758  0.2497E-03
 -0.748  0.2865E-03
 -0.738  0.3255E-03
 -0.728  0.3662E-03
 -0.718  0.4081E-03
 -0.708  0.4504E-03
 -0.698  0.4926E-03
 -0.688  0.5338E-03
 -0.678  0.5733E-03
 -0.668  0.6106E-03
 -0.658  0.6451E-03
 -0.648  0.6765E-03
 -0.638  0.7045E-03
 -0.628  0.7290E-03
 -0.618  0.7503E-03
 -0.608  0.7687E-03
 -0.598  0.7846E-03
 -0.588  0.7988E-03
 -0.578  0.8120E-03
 -0.568  0.8250E-03
 -0.558  0.8385E-03
 -0.548  0.8532E-03
 -0.538  0.8697E-03
 -0.528  0.8885E-03
 -0.518  0.9095E-03
 -0.508  0.9329E-03
 -0.498  0.9582E-03
 -0.488  0.9848E-03
 -0.478  0.1012E-02
 -0.468  0.1039E-02
 -0.458  0.1064E-02
 -0.448  0.1086E-02
 -0.438  0.1104E-02
 -0.428  0.1117E-02
 -0.418  0.1124E-02
 -0.408  0.1124E-02
 -0.398  0.1116E-02
 -0.388  0.1100E-02
 -0.378  0.1077E-02
 -0.368  0.1046E-02
 -0.358  0.1008E-02
 -0.348  0.9644E-03
 -0.338  0.9153E-03
 -0.328  0.8623E-03
 -0.318  0.8065E-03
 -0.308  0.7491E-03
 -0.298  0.6915E-03
 -0.288  0.6347E-03
 -0.278  0.5797E-03
 -0.268  0.5273E-03
 -0.258  0.4783E-03
 -0.248  0.4331E-03
 -0.238  0.3919E-03
 -0.228  0.3549E-03
 -0.218  0.3219E-03
 -0.208  0.2929E-03
 -0.198  0.2675E-03
 -0.188  0.2454E-03
 -0.178  0.2262E-03
 -0.168  0.2096E-03
 -0.158  0.1951E-03
 -0.148  0.1824E-03
 -0.138  0.1714E-03
 -0.128  0.1618E-03
 -0.118  0.1536E-03
 -0.108  0.1469E-03
 -0.098  0.1417E-03
 -0.088  0.1382E-03
 -0.078  0.1366E-03
 -0.068  0.1373E-03
 -0.058  0.1406E-03
 -0.048  0.1468E-03
 -0.038  0.1564E-03
 -0.028  0.1696E-03
 -0.018  0.1868E-03
 -0.008  0.2081E-03
  0.002  0.2339E-03
  0.012  0.2641E-03
  0.022  0.2989E-03
  0.032  0.3380E-03
  0.042  0.3813E-03
  0.052  0.4284E-03
  0.062  0.4790E-03
  0.072  0.5324E-03
  0.082  0.5880E-03
  0.092  0.6450E-03
  0.102  0.7027E-03
  0.112  0.7602E-03
  0.122  0.8166E-03
  0.132  0.8709E-03
  0.142  0.9224E-03
  0.152  0.9702E-03
  0.162  0.1014E-02
  0.172  0.1052E-02
  0.182  0.1085E-02
  0.192  0.1112E-02
  0.202  0.1134E-02
  0.212  0.1150E-02
  0.222  0.1161E-02
  0.232  0.1166E-02
  0.242  0.1168E-02
  0.252  0.1166E-02
  0.262  0.1162E-02
  0.272  0.1156E-02
  0.282  0.1149E-02
  0.292  0.1143E-02
  0.302  0.1137E-02
  0.312  0.1132E-02
  0.322  0.1128E-02
  0.332  0.1126E-02
  0.342  0.1125E-02
  0.352  0.1125E-02
  0.362  0.1124E-02
  0.372  0.1123E-02
  0.382  0.1119E-02
  0.392  0.1112E-02
  0.402  0.1102E-02
  0.412  0.1086E-02
  0.422  0.1065E-02
  0.432  0.1039E-02
  0.442  0.1005E-02
  0.452  0.9661E-03
  0.462  0.9209E-03
  0.472  0.8705E-03
  0.482  0.8157E-03
  0.492  0.7574E-03
  0.502  0.6967E-03
  0.512  0.6347E-03
  0.522  0.5725E-03
  0.532  0.5114E-03
  0.542  0.4522E-03
  0.552  0.3958E-03
  0.562  0.3428E-03
  0.572  0.2939E-03
  0.582  0.2494E-03
  0.592  0.2094E-03
  0.602  0.1740E-03
  0.612  0.1430E-03
  0.622  0.1164E-03
  0.632  0.9367E-04
  0.642  0.7461E-04
  0.652  0.5879E-04
  0.662  0.4584E-04
  0.672  0.3536E-04
  0.682  0.2699E-04
  0.692  0.2039E-04
  0.702  0.1523E-04
  0.712  0.1126E-04
  0.722  0.8236E-05
  0.732  0.5960E-05
  0.742  0.4267E-05
  0.752  0.3022E-05
  0.762  0.2118E-05
  0.772  0.1469E-05
  0.782  0.1008E-05
  0.792  0.6839E-06
  0.802  0.4592E-06
  0.812  0.3051E-06
  0.822  0.2005E-06
  0.832  0.1304E-06
  0.842  0.8391E-07
