 -5.548  0.3416E-07
 -5.538  0.5282E-07
 -5.528  0.8080E-07
 -5.518  0.1223E-06
 -5.508  0.1830E-06
 -5.498  0.2711E-06
 -5.488  0.3972E-06
 -5.478  0.5758E-06
 -5.468  0.8258E-06
 -5.458  0.1172E-05
 -5.448  0.1645E-05
 -5.438  0.2285E-05
 -5.428  0.3140E-05
 -5.418  0.4271E-05
 -5.408  0.5747E-05
 -5.398  0.7653E-05
 -5.388  0.1009E-04
 -5.378  0.1315E-04
 -5.368  0.1698E-04
 -5.358  0.2170E-04
 -5.348  0.2745E-04
 -5.338  0.3439E-04
 -5.328  0.4266E-04
 -5.318  0.5241E-04
 -5.308  0.6379E-04
 -5.298  0.7694E-04
 -5.288  0.9198E-04
 -5.278  0.1090E-03
 -5.268  0.1282E-03
 -5.258  0.1495E-03
 -5.248  0.1731E-03
 -5.238  0.1990E-03
 -5.228  0.2274E-03
 -5.218  0.2583E-03
 -5.208  0.2918E-03
 -5.198  0.3280E-03
 -5.188  0.3672E-03
 -5.178  0.4095E-03
 -5.168  0.4551E-03
 -5.158  0.5041E-03
 -5.148  0.5570E-03
 -5.138  0.6137E-03
 -5.128  0.6744E-03
 -5.118  0.7392E-03
 -5.108  0.8079E-03
 -5.098  0.8804E-03
 -5.088  0.9562E-03
 -5.078  0.1035E-02
 -5.068  0.1116E-02
 -5.058  0.1198E-02
 -5.048  0.1280E-02
 -5.038  0.1361E-02
 -5.028  0.1440E-02
 -5.018  0.1516E-02
 -5.008  0.1587E-02
 -4.998  0.1652E-02
 -4.988  0.1711E-02
 -4.978  0.1763E-02
 -4.968  0.1807E-02
 -4.958  0.1843E-02
 -4.948  0.1871E-02
 -4.938  0.1891E-02
 -4.928  0.1903E-02
 -4.918  0.1907E-02
 -4.908  0.1905E-02
 -4.898  0.1897E-02
 -4.888  0.1883E-02
 -4.878  0.1865E-02
 -4.868  0.1843E-02
 -4.858  0.1817E-02
 -4.848  0.1788E-02
 -4.838  0.1756E-02
 -4.828  0.1721E-02
 -4.818  0.1684E-02
 -4.808  0.1644E-02
 -4.798  0.1602E-02
 -4.788  0.1556E-02
 -4.778  0.1508E-02
 -4.768  0.1456E-02
 -4.758  0.1400E-02
 -4.748  0.1341E-02
 -4.738  0.1278E-02
 -4.728  0.1212E-02
 -4.718  0.1143E-02
 -4.708  0.1071E-02
 -4.698  0.9972E-03
 -4.688  0.9220E-03
 -4.678  0.8461E-03
 -4.668  0.7705E-03
 -4.658  0.6960E-03
 -4.648  0.6235E-03
 -4.638  0.5537E-03
 -4.628  0.4874E-03
 -4.618  0.4251E-03
 -4.608  0.3674E-03
 -4.598  0.3145E-03
 -4.588  0.2666E-03
 -4.578  0.2238E-03
 -4.568  0.1861E-03
 -4.558  0.1531E-03
 -4.548  0.1248E-03
 -4.538  0.1006E-03
 -4.528  0.8031E-04
 -4.518  0.6344E-04
 -4.508  0.4960E-04
 -4.498  0.3838E-04
 -4.488  0.2938E-04
 -4.478  0.2226E-04
 -4.468  0.1669E-04
 -4.458  0.1238E-04
 -4.448  0.9084E-05
 -4.438  0.6596E-05
 -4.428  0.4739E-05
 -4.418  0.3368E-05
 -4.408  0.2369E-05
 -4.398  0.1648E-05
 -4.388  0.1134E-05
 -4.378  0.7725E-06
 -4.368  0.5204E-06
 -4.358  0.3469E-06
 -4.348  0.2287E-06
 -4.338  0.1492E-06
 -4.328  0.9628E-07
 -4.318  0.6147E-07
 -4.308  0.3882E-07
 -4.298  0.2425E-07
 -4.288  0.1499E-07
 -4.278  0.9167E-08
 -4.268  0.5545E-08
 -4.258  0.3318E-08
 -4.248  0.1964E-08
 -4.238  0.1150E-08
 -4.228  0.6665E-09
 -4.218  0.3820E-09
 -4.208  0.2166E-09
 -4.198  0.1215E-09
 -4.188  0.6740E-10
 -4.178  0.3700E-10
 -4.168  0.2009E-10
 -4.158  0.1079E-10
 -4.148  0.5735E-11
 -4.138  0.3015E-11
 -4.128  0.1568E-11
 -4.118  0.8065E-12
 -4.108  0.4105E-12
 -4.098  0.2067E-12
 -4.088  0.1029E-12
 -4.078  0.5071E-13
 -4.068  0.2472E-13
 -4.058  0.1192E-13
 -4.048  0.5685E-14
 -4.038  0.2682E-14
 -4.028  0.1252E-14
 -4.018  0.5782E-15
 -4.008  0.2641E-15
 -3.998  0.1194E-15
 -3.988  0.5336E-16
 -3.978  0.2360E-16
 -3.968  0.1032E-16
 -3.958  0.4468E-17
 -3.948  0.1913E-17
 -3.938  0.8103E-18
 -3.928  0.3395E-18
 -3.918  0.1407E-18
 -3.908  0.5770E-19
 -3.898  0.2341E-19
 -3.888  0.9392E-20
 -3.878  0.3728E-20
 -3.868  0.1464E-20
 -3.858  0.5688E-21
 -3.848  0.2186E-21
 -3.838  0.8310E-22
 -3.828  0.3125E-22
 -3.818  0.1163E-22
 -3.808  0.4279E-23
 -3.798  0.1558E-23
 -3.788  0.5612E-24
 -3.778  0.1999E-24
 -3.768  0.7048E-25
 -3.758  0.2458E-25
 -3.748  0.8477E-26
 -3.738  0.2893E-26
 -3.728  0.9765E-27
 -3.718  0.3261E-27
 -3.708  0.1077E-27
 -3.698  0.3521E-28
 -3.688  0.1138E-28
 -3.678  0.3640E-29
 -3.668  0.1152E-29
 -3.658  0.3605E-30
 -3.648  0.1116E-30
 -3.638  0.3419E-31
 -3.628  0.1036E-31
 -3.618  0.3105E-32
 -3.608  0.9207E-33
 -3.598  0.2701E-33
 -3.588  0.7837E-34
 -3.578  0.2250E-34
 -3.568  0.6389E-35
 -3.558  0.1795E-35
 -3.548  0.4988E-36
 -3.538  0.1371E-36
 -3.528  0.3730E-37
 -3.518  0.1004E-37
 -3.508  0.2671E-38
 -3.498  0.7033E-39
 -3.488  0.1832E-39
 -3.478  0.4720E-40
 -3.468  0.1203E-40
 -3.458  0.3034E-41
 -3.448  0.7568E-42
 -3.438  0.1868E-42
 -3.428  0.4559E-43
 -3.418  0.1101E-43
 -3.408  0.2630E-44
 -3.398  0.6217E-45
 -3.388  0.1453E-45
 -3.378  0.3362E-46
 -3.368  0.7691E-47
 -3.358  0.1741E-47
 -3.348  0.3898E-48
 -3.338  0.8634E-49
 -3.328  0.1892E-49
 -3.318  0.4101E-50
 -3.308  0.8794E-51
 -3.298  0.1866E-51
 -3.288  0.3915E-52
 -3.278  0.8127E-53
 -3.268  0.1669E-53
 -3.258  0.3391E-54
 -3.248  0.6815E-55
 -3.238  0.1355E-55
 -3.228  0.2665E-56
 -3.218  0.5185E-57
 -3.208  0.9980E-58
 -3.198  0.1900E-58
 -3.188  0.3580E-59
 -3.178  0.6670E-60
 -3.168  0.1230E-60
 -3.158  0.2242E-61
 -3.148  0.4045E-62
 -3.138  0.7219E-63
 -3.128  0.1274E-63
 -3.118  0.2226E-64
 -3.108  0.3845E-65
 -3.098  0.6572E-66
 -3.088  0.1111E-66
 -3.078  0.1858E-67
 -3.068  0.3075E-68
 -3.058  0.5033E-69
 -3.048  0.8150E-70
 -3.038  0.1305E-70
 -3.028  0.2069E-71
 -3.018  0.3243E-72
 -3.008  0.5029E-73
 -2.998  0.7741E-74
 -2.988  0.1346E-74
 -2.978  0.1341E-74
 -2.968  0.7665E-74
 -2.958  0.4957E-73
 -2.948  0.3181E-72
 -2.938  0.2020E-71
 -2.928  0.1269E-70
 -2.918  0.7883E-70
 -2.908  0.4846E-69
 -2.898  0.2947E-68
 -2.888  0.1772E-67
 -2.878  0.1055E-66
 -2.868  0.6209E-66
 -2.858  0.3616E-65
 -2.848  0.2083E-64
 -2.838  0.1187E-63
 -2.828  0.6694E-63
 -2.818  0.3733E-62
 -2.808  0.2060E-61
 -2.798  0.1124E-60
 -2.788  0.6070E-60
 -2.778  0.3242E-59
 -2.768  0.1713E-58
 -2.758  0.8956E-58
 -2.748  0.4631E-57
 -2.738  0.2369E-56
 -2.728  0.1199E-55
 -2.718  0.6002E-55
 -2.708  0.2972E-54
 -2.698  0.1456E-53
 -2.688  0.7057E-53
 -2.678  0.3384E-52
 -2.668  0.1605E-51
 -2.658  0.7529E-51
 -2.648  0.3495E-50
 -2.638  0.1605E-49
 -2.628  0.7289E-49
 -2.618  0.3275E-48
 -2.608  0.1456E-47
 -2.598  0.6402E-47
 -2.588  0.2785E-46
 -2.578  0.1199E-45
 -2.568  0.5102E-45
 -2.558  0.2149E-44
 -2.548  0.8952E-44
 -2.538  0.3690E-43
 -2.528  0.1504E-42
 -2.518  0.6067E-42
 -2.508  0.2421E-41
 -2.498  0.9555E-41
 -2.488  0.3731E-40
 -2.478  0.1441E-39
 -2.468  0.5507E-39
 -2.458  0.2082E-38
 -2.448  0.7785E-38
 -2.438  0.2880E-37
 -2.428  0.1054E-36
 -2.418  0.3815E-36
 -2.408  0.1366E-35
 -2.398  0.4841E-35
 -2.388  0.1697E-34
 -2.378  0.5883E-34
 -2.368  0.2018E-33
 -2.358  0.6846E-33
 -2.348  0.2298E-32
 -2.338  0.7630E-32
 -2.328  0.2506E-31
 -2.318  0.8144E-31
 -2.308  0.2618E-30
 -2.298  0.8326E-30
 -2.288  0.2619E-29
 -2.278  0.8151E-29
 -2.268  0.2509E-28
 -2.258  0.7642E-28
 -2.248  0.2303E-27
 -2.238  0.6863E-27
 -2.228  0.2023E-26
 -2.218  0.5902E-26
 -2.208  0.1703E-25
 -2.198  0.4861E-25
 -2.188  0.1373E-24
 -2.178  0.3834E-24
 -2.168  0.1059E-23
 -2.158  0.2896E-23
 -2.148  0.7832E-23
 -2.138  0.2095E-22
 -2.128  0.5545E-22
 -2.118  0.1452E-21
 -2.108  0.3760E-21
 -2.098  0.9633E-21
 -2.088  0.2442E-20
 -2.078  0.6122E-20
 -2.068  0.1519E-19
 -2.058  0.3726E-19
 -2.048  0.9045E-19
 -2.038  0.2172E-18
 -2.028  0.5160E-18
 -2.018  0.1212E-17
 -2.008  0.2819E-17
 -1.998  0.6483E-17
 -1.988  0.1475E-16
 -1.978  0.3319E-16
 -1.968  0.7391E-16
 -1.958  0.1628E-15
 -1.948  0.3547E-15
 -1.938  0.7646E-15
 -1.928  0.1630E-14
 -1.918  0.3439E-14
 -1.908  0.7178E-14
 -1.898  0.1482E-13
 -1.888  0.3026E-13
 -1.878  0.6115E-13
 -1.868  0.1222E-12
 -1.858  0.2417E-12
 -1.848  0.4728E-12
 -1.838  0.9149E-12
 -1.828  0.1752E-11
 -1.818  0.3318E-11
 -1.808  0.6216E-11
 -1.798  0.1152E-10
 -1.788  0.2113E-10
 -1.778  0.3834E-10
 -1.768  0.6882E-10
 -1.758  0.1222E-09
 -1.748  0.2147E-09
 -1.738  0.3732E-09
 -1.728  0.6418E-09
 -1.718  0.1092E-08
 -1.708  0.1838E-08
 -1.698  0.3062E-08
 -1.688  0.5046E-08
 -1.678  0.8228E-08
 -1.668  0.1328E-07
 -1.658  0.2120E-07
 -1.648  0.3349E-07
 -1.638  0.5235E-07
 -1.628  0.8099E-07
 -1.618  0.1240E-06
 -1.608  0.1879E-06
 -1.598  0.2818E-06
 -1.588  0.4183E-06
 -1.578  0.6146E-06
 -1.568  0.8940E-06
 -1.558  0.1287E-05
 -1.548  0.1835E-05
 -1.538  0.2591E-05
 -1.528  0.3621E-05
 -1.518  0.5013E-05
 -1.508  0.6872E-05
 -1.498  0.9333E-05
 -1.488  0.1256E-04
 -1.478  0.1674E-04
 -1.468  0.2211E-04
 -1.458  0.2894E-04
 -1.448  0.3755E-04
 -1.438  0.4830E-04
 -1.428  0.6160E-04
 -1.418  0.7791E-04
 -1.408  0.9772E-04
 -1.398  0.1216E-03
 -1.388  0.1500E-03
 -1.378  0.1837E-03
 -1.368  0.2232E-03
 -1.358  0.2692E-03
 -1.348  0.3221E-03
 -1.338  0.3826E-03
 -1.328  0.4509E-03
 -1.318  0.5276E-03
 -1.308  0.6127E-03
 -1.298  0.7061E-03
 -1.288  0.8077E-03
 -1.278  0.9168E-03
 -1.268  0.1033E-02
 -1.258  0.1154E-02
 -1.248  0.1280E-02
 -1.238  0.1408E-02
 -1.228  0.1536E-02
 -1.218  0.1661E-02
 -1.208  0.1782E-02
 -1.198  0.1895E-02
 -1.188  0.1998E-02
 -1.178  0.2088E-02
 -1.168  0.2162E-02
 -1.158  0.2218E-02
 -1.148  0.2254E-02
 -1.138  0.2270E-02
 -1.128  0.2264E-02
 -1.118  0.2236E-02
 -1.108  0.2187E-02
 -1.098  0.2119E-02
 -1.088  0.2032E-02
 -1.078  0.1929E-02
 -1.068  0.1814E-02
 -1.058  0.1687E-02
 -1.048  0.1554E-02
 -1.038  0.1417E-02
 -1.028  0.1279E-02
 -1.018  0.1142E-02
 -1.008  0.1010E-02
 -0.998  0.8835E-03
 -0.988  0.7655E-03
 -0.978  0.6569E-03
 -0.968  0.5585E-03
 -0.958  0.4710E-03
 -0.948  0.3946E-03
 -0.938  0.3292E-03
 -0.928  0.2748E-03
 -0.918  0.2309E-03
 -0.908  0.1973E-03
 -0.898  0.1736E-03
 -0.888  0.1595E-03
 -0.878  0.1548E-03
 -0.868  0.1596E-03
 -0.858  0.1738E-03
 -0.848  0.1977E-03
 -0.838  0.2317E-03
 -0.828  0.2762E-03
 -0.818  0.3315E-03
 -0.808  0.3980E-03
 -0.798  0.4761E-03
 -0.788  0.5660E-03
 -0.778  0.6674E-03
 -0.768  0.7802E-03
 -0.758  0.9036E-03
 -0.748  0.1037E-02
 -0.738  0.1178E-02
 -0.728  0.1326E-02
 -0.718  0.1478E-02
 -0.708  0.1633E-02
 -0.698  0.1788E-02
 -0.688  0.1941E-02
 -0.678  0.2089E-02
 -0.668  0.2232E-02
 -0.658  0.2367E-02
 -0.648  0.2494E-02
 -0.638  0.2613E-02
 -0.628  0.2724E-02
 -0.618  0.2828E-02
 -0.608  0.2928E-02
 -0.598  0.3025E-02
 -0.588  0.3122E-02
 -0.578  0.3222E-02
 -0.568  0.3329E-02
 -0.558  0.3444E-02
 -0.548  0.3570E-02
 -0.538  0.3707E-02
 -0.528  0.3857E-02
 -0.518  0.4019E-02
 -0.508  0.4189E-02
 -0.498  0.4367E-02
 -0.488  0.4546E-02
 -0.478  0.4722E-02
 -0.468  0.4890E-02
 -0.458  0.5043E-02
 -0.448  0.5176E-02
 -0.438  0.5281E-02
 -0.428  0.5355E-02
 -0.418  0.5392E-02
 -0.408  0.5389E-02
 -0.398  0.5345E-02
 -0.388  0.5260E-02
 -0.378  0.5134E-02
 -0.368  0.4970E-02
 -0.358  0.4772E-02
 -0.348  0.4544E-02
 -0.338  0.4293E-02
 -0.328  0.4025E-02
 -0.318  0.3746E-02
 -0.308  0.3463E-02
 -0.298  0.3181E-02
 -0.288  0.2907E-02
 -0.278  0.2644E-02
 -0.268  0.2398E-02
 -0.258  0.2169E-02
 -0.248  0.1961E-02
 -0.238  0.1775E-02
 -0.228  0.1609E-02
 -0.218  0.1463E-02
 -0.208  0.1337E-02
 -0.198  0.1227E-02
 -0.188  0.1133E-02
 -0.178  0.1052E-02
 -0.168  0.9807E-03
 -0.158  0.9187E-03
 -0.148  0.8637E-03
 -0.138  0.8145E-03
 -0.128  0.7702E-03
 -0.118  0.7304E-03
 -0.108  0.6949E-03
 -0.098  0.6641E-03
 -0.088  0.6388E-03
 -0.078  0.6198E-03
 -0.068  0.6085E-03
 -0.058  0.6062E-03
 -0.048  0.6144E-03
 -0.038  0.6344E-03
 -0.028  0.6675E-03
 -0.018  0.7150E-03
 -0.008  0.7779E-03
  0.002  0.8567E-03
  0.012  0.9520E-03
  0.022  0.1063E-02
  0.032  0.1191E-02
  0.042  0.1334E-02
  0.052  0.1490E-02
  0.062  0.1659E-02
  0.072  0.1837E-02
  0.082  0.2024E-02
  0.092  0.2216E-02
  0.102  0.2409E-02
  0.112  0.2601E-02
  0.122  0.2789E-02
  0.132  0.2969E-02
  0.142  0.3137E-02
  0.152  0.3292E-02
  0.162  0.3429E-02
  0.172  0.3546E-02
  0.182  0.3641E-02
  0.192  0.3713E-02
  0.202  0.3762E-02
  0.212  0.3785E-02
  0.222  0.3785E-02
  0.232  0.3763E-02
  0.242  0.3719E-02
  0.252  0.3658E-02
  0.262  0.3580E-02
  0.272  0.3490E-02
  0.282  0.3391E-02
  0.292  0.3285E-02
  0.302  0.3177E-02
  0.312  0.3069E-02
  0.322  0.2962E-02
  0.332  0.2860E-02
  0.342  0.2763E-02
  0.352  0.2671E-02
  0.362  0.2585E-02
  0.372  0.2503E-02
  0.382  0.2425E-02
  0.392  0.2349E-02
  0.402  0.2273E-02
  0.412  0.2195E-02
  0.422  0.2115E-02
  0.432  0.2030E-02
  0.442  0.1941E-02
  0.452  0.1845E-02
  0.462  0.1744E-02
  0.472  0.1637E-02
  0.482  0.1525E-02
  0.492  0.1410E-02
  0.502  0.1293E-02
  0.512  0.1175E-02
  0.522  0.1058E-02
  0.532  0.9442E-03
  0.542  0.8344E-03
  0.552  0.7302E-03
  0.562  0.6327E-03
  0.572  0.5427E-03
  0.582  0.4608E-03
  0.592  0.3873E-03
  0.602  0.3221E-03
  0.612  0.2652E-03
  0.622  0.2160E-03
  0.632  0.1741E-03
  0.642  0.1389E-03
  0.652  0.1096E-03
  0.662  0.8558E-04
  0.672  0.6613E-04
  0.682  0.5056E-04
  0.692  0.3824E-04
  0.702  0.2862E-04
  0.712  0.2119E-04
  0.722  0.1552E-04
  0.732  0.1125E-04
  0.742  0.8070E-05
  0.752  0.5726E-05
  0.762  0.4019E-05
  0.772  0.2791E-05
  0.782  0.1918E-05
  0.792  0.1304E-05
  0.802  0.8770E-06
  0.812  0.5836E-06
  0.822  0.3842E-06
  0.832  0.2503E-06
  0.842  0.1613E-06
