 -5.548  0.4440E-10
 -5.538  0.6865E-10
 -5.528  0.1050E-09
 -5.518  0.1589E-09
 -5.508  0.2379E-09
 -5.498  0.3523E-09
 -5.488  0.5161E-09
 -5.478  0.7482E-09
 -5.468  0.1073E-08
 -5.458  0.1522E-08
 -5.448  0.2137E-08
 -5.438  0.2968E-08
 -5.428  0.4078E-08
 -5.418  0.5546E-08
 -5.408  0.7461E-08
 -5.398  0.9934E-08
 -5.388  0.1309E-07
 -5.378  0.1706E-07
 -5.368  0.2202E-07
 -5.358  0.2813E-07
 -5.348  0.3557E-07
 -5.338  0.4453E-07
 -5.328  0.5520E-07
 -5.318  0.6777E-07
 -5.308  0.8241E-07
 -5.298  0.9929E-07
 -5.288  0.1185E-06
 -5.278  0.1403E-06
 -5.268  0.1646E-06
 -5.258  0.1916E-06
 -5.248  0.2214E-06
 -5.238  0.2539E-06
 -5.228  0.2891E-06
 -5.218  0.3272E-06
 -5.208  0.3682E-06
 -5.198  0.4121E-06
 -5.188  0.4590E-06
 -5.178  0.5090E-06
 -5.168  0.5622E-06
 -5.158  0.6187E-06
 -5.148  0.6787E-06
 -5.138  0.7421E-06
 -5.128  0.8088E-06
 -5.118  0.8788E-06
 -5.108  0.9517E-06
 -5.098  0.1027E-05
 -5.088  0.1104E-05
 -5.078  0.1182E-05
 -5.068  0.1259E-05
 -5.058  0.1335E-05
 -5.048  0.1408E-05
 -5.038  0.1476E-05
 -5.028  0.1539E-05
 -5.018  0.1594E-05
 -5.008  0.1641E-05
 -4.998  0.1677E-05
 -4.988  0.1704E-05
 -4.978  0.1719E-05
 -4.968  0.1724E-05
 -4.958  0.1718E-05
 -4.948  0.1702E-05
 -4.938  0.1678E-05
 -4.928  0.1646E-05
 -4.918  0.1608E-05
 -4.908  0.1567E-05
 -4.898  0.1523E-05
 -4.888  0.1478E-05
 -4.878  0.1434E-05
 -4.868  0.1392E-05
 -4.858  0.1354E-05
 -4.848  0.1318E-05
 -4.838  0.1287E-05
 -4.828  0.1259E-05
 -4.818  0.1235E-05
 -4.808  0.1213E-05
 -4.798  0.1192E-05
 -4.788  0.1173E-05
 -4.778  0.1153E-05
 -4.768  0.1131E-05
 -4.758  0.1106E-05
 -4.748  0.1078E-05
 -4.738  0.1046E-05
 -4.728  0.1009E-05
 -4.718  0.9676E-06
 -4.708  0.9212E-06
 -4.698  0.8704E-06
 -4.688  0.8158E-06
 -4.678  0.7582E-06
 -4.668  0.6984E-06
 -4.658  0.6376E-06
 -4.648  0.5766E-06
 -4.638  0.5164E-06
 -4.628  0.4580E-06
 -4.618  0.4022E-06
 -4.608  0.3497E-06
 -4.598  0.3009E-06
 -4.588  0.2563E-06
 -4.578  0.2161E-06
 -4.568  0.1803E-06
 -4.558  0.1488E-06
 -4.548  0.1216E-06
 -4.538  0.9830E-07
 -4.528  0.7863E-07
 -4.518  0.6223E-07
 -4.508  0.4873E-07
 -4.498  0.3776E-07
 -4.488  0.2894E-07
 -4.478  0.2195E-07
 -4.468  0.1647E-07
 -4.458  0.1222E-07
 -4.448  0.8977E-08
 -4.438  0.6522E-08
 -4.428  0.4688E-08
 -4.418  0.3333E-08
 -4.408  0.2345E-08
 -4.398  0.1632E-08
 -4.388  0.1123E-08
 -4.378  0.7651E-09
 -4.368  0.5155E-09
 -4.358  0.3436E-09
 -4.348  0.2266E-09
 -4.338  0.1478E-09
 -4.328  0.9538E-10
 -4.318  0.6089E-10
 -4.308  0.3846E-10
 -4.298  0.2403E-10
 -4.288  0.1485E-10
 -4.278  0.9079E-11
 -4.268  0.5491E-11
 -4.258  0.3286E-11
 -4.248  0.1945E-11
 -4.238  0.1139E-11
 -4.228  0.6597E-12
 -4.218  0.3781E-12
 -4.208  0.2143E-12
 -4.198  0.1202E-12
 -4.188  0.6668E-13
 -4.178  0.3660E-13
 -4.168  0.1987E-13
 -4.158  0.1067E-13
 -4.148  0.5670E-14
 -4.138  0.2980E-14
 -4.128  0.1550E-14
 -4.118  0.7971E-15
 -4.108  0.4056E-15
 -4.098  0.2042E-15
 -4.088  0.1017E-15
 -4.078  0.5008E-16
 -4.068  0.2441E-16
 -4.058  0.1177E-16
 -4.048  0.5612E-17
 -4.038  0.2648E-17
 -4.028  0.1236E-17
 -4.018  0.5705E-18
 -4.008  0.2606E-18
 -3.998  0.1177E-18
 -3.988  0.5263E-19
 -3.978  0.2327E-19
 -3.968  0.1018E-19
 -3.958  0.4405E-20
 -3.948  0.1886E-20
 -3.938  0.7985E-21
 -3.928  0.3345E-21
 -3.918  0.1386E-21
 -3.908  0.5683E-22
 -3.898  0.2305E-22
 -3.888  0.9247E-23
 -3.878  0.3670E-23
 -3.868  0.1441E-23
 -3.858  0.5597E-24
 -3.848  0.2151E-24
 -3.838  0.8175E-25
 -3.828  0.3074E-25
 -3.818  0.1143E-25
 -3.808  0.4208E-26
 -3.798  0.1532E-26
 -3.788  0.5516E-27
 -3.778  0.1965E-27
 -3.768  0.6926E-28
 -3.758  0.2415E-28
 -3.748  0.8327E-29
 -3.738  0.2841E-29
 -3.728  0.9590E-30
 -3.718  0.3202E-30
 -3.708  0.1058E-30
 -3.698  0.3456E-31
 -3.688  0.1117E-31
 -3.678  0.3572E-32
 -3.668  0.1130E-32
 -3.658  0.3536E-33
 -3.648  0.1095E-33
 -3.638  0.3352E-34
 -3.628  0.1016E-34
 -3.618  0.3044E-35
 -3.608  0.9024E-36
 -3.598  0.2647E-36
 -3.588  0.7679E-37
 -3.578  0.2204E-37
 -3.568  0.6258E-38
 -3.558  0.1758E-38
 -3.548  0.4884E-39
 -3.538  0.1343E-39
 -3.528  0.3651E-40
 -3.518  0.9821E-41
 -3.508  0.2614E-41
 -3.498  0.6881E-42
 -3.488  0.1792E-42
 -3.478  0.4616E-43
 -3.468  0.1177E-43
 -3.458  0.2966E-44
 -3.448  0.7399E-45
 -3.438  0.1825E-45
 -3.428  0.4456E-46
 -3.418  0.1076E-46
 -3.408  0.2570E-47
 -3.398  0.6072E-48
 -3.388  0.1420E-48
 -3.378  0.3283E-49
 -3.368  0.7509E-50
 -3.358  0.1699E-50
 -3.348  0.3804E-51
 -3.338  0.8426E-52
 -3.328  0.1846E-52
 -3.318  0.4001E-53
 -3.308  0.8578E-54
 -3.298  0.1819E-54
 -3.288  0.3817E-55
 -3.278  0.7924E-56
 -3.268  0.1627E-56
 -3.258  0.3305E-57
 -3.248  0.6641E-58
 -3.238  0.1320E-58
 -3.228  0.2596E-59
 -3.218  0.5050E-60
 -3.208  0.9719E-61
 -3.198  0.1850E-61
 -3.188  0.3485E-62
 -3.178  0.6493E-63
 -3.168  0.1197E-63
 -3.158  0.2182E-64
 -3.148  0.3935E-65
 -3.138  0.7022E-66
 -3.128  0.1239E-66
 -3.118  0.2164E-67
 -3.108  0.3739E-68
 -3.098  0.6389E-69
 -3.088  0.1080E-69
 -3.078  0.1806E-70
 -3.068  0.2988E-71
 -3.058  0.4890E-72
 -3.048  0.7916E-73
 -3.038  0.1268E-73
 -3.028  0.2009E-74
 -3.018  0.3149E-75
 -3.008  0.4891E-76
 -2.998  0.8150E-77
 -2.988  0.5576E-77
 -2.978  0.2961E-76
 -2.968  0.1931E-75
 -2.958  0.1253E-74
 -2.948  0.8040E-74
 -2.938  0.5105E-73
 -2.928  0.3206E-72
 -2.918  0.1992E-71
 -2.908  0.1225E-70
 -2.898  0.7447E-70
 -2.888  0.4480E-69
 -2.878  0.2666E-68
 -2.868  0.1569E-67
 -2.858  0.9139E-67
 -2.848  0.5265E-66
 -2.838  0.3001E-65
 -2.828  0.1692E-64
 -2.818  0.9435E-64
 -2.808  0.5206E-63
 -2.798  0.2841E-62
 -2.788  0.1534E-61
 -2.778  0.8195E-61
 -2.768  0.4330E-60
 -2.758  0.2263E-59
 -2.748  0.1170E-58
 -2.738  0.5987E-58
 -2.728  0.3030E-57
 -2.718  0.1517E-56
 -2.708  0.7512E-56
 -2.698  0.3680E-55
 -2.688  0.1784E-54
 -2.678  0.8551E-54
 -2.668  0.4056E-53
 -2.658  0.1903E-52
 -2.648  0.8833E-52
 -2.638  0.4056E-51
 -2.628  0.1842E-50
 -2.618  0.8278E-50
 -2.608  0.3680E-49
 -2.598  0.1618E-48
 -2.588  0.7039E-48
 -2.578  0.3029E-47
 -2.568  0.1290E-46
 -2.558  0.5431E-46
 -2.548  0.2263E-45
 -2.538  0.9325E-45
 -2.528  0.3802E-44
 -2.518  0.1533E-43
 -2.508  0.6118E-43
 -2.498  0.2415E-42
 -2.488  0.9430E-42
 -2.478  0.3642E-41
 -2.468  0.1392E-40
 -2.458  0.5261E-40
 -2.448  0.1967E-39
 -2.438  0.7278E-39
 -2.428  0.2664E-38
 -2.418  0.9643E-38
 -2.408  0.3453E-37
 -2.398  0.1223E-36
 -2.388  0.4288E-36
 -2.378  0.1487E-35
 -2.368  0.5099E-35
 -2.358  0.1730E-34
 -2.348  0.5808E-34
 -2.338  0.1928E-33
 -2.328  0.6334E-33
 -2.318  0.2058E-32
 -2.308  0.6617E-32
 -2.298  0.2104E-31
 -2.288  0.6619E-31
 -2.278  0.2060E-30
 -2.268  0.6342E-30
 -2.258  0.1931E-29
 -2.248  0.5819E-29
 -2.238  0.1734E-28
 -2.228  0.5114E-28
 -2.218  0.1492E-27
 -2.208  0.4304E-27
 -2.198  0.1228E-26
 -2.188  0.3469E-26
 -2.178  0.9689E-26
 -2.168  0.2677E-25
 -2.158  0.7319E-25
 -2.148  0.1979E-24
 -2.138  0.5295E-24
 -2.128  0.1401E-23
 -2.118  0.3669E-23
 -2.108  0.9502E-23
 -2.098  0.2434E-22
 -2.088  0.6170E-22
 -2.078  0.1547E-21
 -2.068  0.3837E-21
 -2.058  0.9416E-21
 -2.048  0.2286E-20
 -2.038  0.5488E-20
 -2.028  0.1304E-19
 -2.018  0.3064E-19
 -2.008  0.7122E-19
 -1.998  0.1638E-18
 -1.988  0.3726E-18
 -1.978  0.8386E-18
 -1.968  0.1867E-17
 -1.958  0.4112E-17
 -1.948  0.8960E-17
 -1.938  0.1931E-16
 -1.928  0.4118E-16
 -1.918  0.8686E-16
 -1.908  0.1812E-15
 -1.898  0.3741E-15
 -1.888  0.7640E-15
 -1.878  0.1544E-14
 -1.868  0.3085E-14
 -1.858  0.6099E-14
 -1.848  0.1193E-13
 -1.838  0.2308E-13
 -1.828  0.4417E-13
 -1.818  0.8364E-13
 -1.808  0.1567E-12
 -1.798  0.2903E-12
 -1.788  0.5323E-12
 -1.778  0.9653E-12
 -1.768  0.1732E-11
 -1.758  0.3074E-11
 -1.748  0.5397E-11
 -1.738  0.9376E-11
 -1.728  0.1611E-10
 -1.718  0.2739E-10
 -1.708  0.4607E-10
 -1.698  0.7666E-10
 -1.688  0.1262E-09
 -1.678  0.2055E-09
 -1.668  0.3312E-09
 -1.658  0.5279E-09
 -1.648  0.8325E-09
 -1.638  0.1299E-08
 -1.628  0.2005E-08
 -1.618  0.3063E-08
 -1.608  0.4629E-08
 -1.598  0.6922E-08
 -1.588  0.1024E-07
 -1.578  0.1499E-07
 -1.568  0.2172E-07
 -1.558  0.3113E-07
 -1.548  0.4416E-07
 -1.538  0.6199E-07
 -1.528  0.8611E-07
 -1.518  0.1184E-06
 -1.508  0.1611E-06
 -1.498  0.2170E-06
 -1.488  0.2893E-06
 -1.478  0.3819E-06
 -1.468  0.4990E-06
 -1.458  0.6455E-06
 -1.448  0.8268E-06
 -1.438  0.1049E-05
 -1.428  0.1318E-05
 -1.418  0.1639E-05
 -1.408  0.2021E-05
 -1.398  0.2468E-05
 -1.388  0.2986E-05
 -1.378  0.3580E-05
 -1.368  0.4255E-05
 -1.358  0.5012E-05
 -1.348  0.5854E-05
 -1.338  0.6780E-05
 -1.328  0.7787E-05
 -1.318  0.8871E-05
 -1.308  0.1002E-04
 -1.298  0.1124E-04
 -1.288  0.1251E-04
 -1.278  0.1381E-04
 -1.268  0.1513E-04
 -1.258  0.1646E-04
 -1.248  0.1777E-04
 -1.238  0.1904E-04
 -1.228  0.2026E-04
 -1.218  0.2139E-04
 -1.208  0.2242E-04
 -1.198  0.2332E-04
 -1.188  0.2408E-04
 -1.178  0.2467E-04
 -1.168  0.2508E-04
 -1.158  0.2530E-04
 -1.148  0.2531E-04
 -1.138  0.2512E-04
 -1.128  0.2472E-04
 -1.118  0.2412E-04
 -1.108  0.2334E-04
 -1.098  0.2238E-04
 -1.088  0.2127E-04
 -1.078  0.2004E-04
 -1.068  0.1870E-04
 -1.058  0.1729E-04
 -1.048  0.1584E-04
 -1.038  0.1437E-04
 -1.028  0.1291E-04
 -1.018  0.1149E-04
 -1.008  0.1013E-04
 -0.998  0.8844E-05
 -0.988  0.7650E-05
 -0.978  0.6560E-05
 -0.968  0.5580E-05
 -0.958  0.4715E-05
 -0.948  0.3969E-05
 -0.938  0.3340E-05
 -0.928  0.2828E-05
 -0.918  0.2433E-05
 -0.908  0.2152E-05
 -0.898  0.1986E-05
 -0.888  0.1935E-05
 -0.878  0.2004E-05
 -0.868  0.2196E-05
 -0.858  0.2518E-05
 -0.848  0.2979E-05
 -0.838  0.3589E-05
 -0.828  0.4360E-05
 -0.818  0.5302E-05
 -0.808  0.6427E-05
 -0.798  0.7743E-05
 -0.788  0.9257E-05
 -0.778  0.1097E-04
 -0.768  0.1288E-04
 -0.758  0.1498E-04
 -0.748  0.1726E-04
 -0.738  0.1969E-04
 -0.728  0.2225E-04
 -0.718  0.2490E-04
 -0.708  0.2761E-04
 -0.698  0.3033E-04
 -0.688  0.3301E-04
 -0.678  0.3561E-04
 -0.668  0.3809E-04
 -0.658  0.4041E-04
 -0.648  0.4255E-04
 -0.638  0.4446E-04
 -0.628  0.4615E-04
 -0.618  0.4762E-04
 -0.608  0.4887E-04
 -0.598  0.4992E-04
 -0.588  0.5082E-04
 -0.578  0.5159E-04
 -0.568  0.5229E-04
 -0.558  0.5297E-04
 -0.548  0.5367E-04
 -0.538  0.5443E-04
 -0.528  0.5529E-04
 -0.518  0.5628E-04
 -0.508  0.5740E-04
 -0.498  0.5866E-04
 -0.488  0.6004E-04
 -0.478  0.6150E-04
 -0.468  0.6300E-04
 -0.458  0.6450E-04
 -0.448  0.6591E-04
 -0.438  0.6719E-04
 -0.428  0.6826E-04
 -0.418  0.6905E-04
 -0.408  0.6952E-04
 -0.398  0.6961E-04
 -0.388  0.6929E-04
 -0.378  0.6856E-04
 -0.368  0.6740E-04
 -0.358  0.6583E-04
 -0.348  0.6388E-04
 -0.338  0.6159E-04
 -0.328  0.5903E-04
 -0.318  0.5624E-04
 -0.308  0.5330E-04
 -0.298  0.5027E-04
 -0.288  0.4722E-04
 -0.278  0.4421E-04
 -0.268  0.4130E-04
 -0.258  0.3852E-04
 -0.248  0.3591E-04
 -0.238  0.3349E-04
 -0.228  0.3127E-04
 -0.218  0.2926E-04
 -0.208  0.2745E-04
 -0.198  0.2582E-04
 -0.188  0.2436E-04
 -0.178  0.2306E-04
 -0.168  0.2189E-04
 -0.158  0.2084E-04
 -0.148  0.1990E-04
 -0.138  0.1907E-04
 -0.128  0.1836E-04
 -0.118  0.1779E-04
 -0.108  0.1738E-04
 -0.098  0.1715E-04
 -0.088  0.1717E-04
 -0.078  0.1747E-04
 -0.068  0.1812E-04
 -0.058  0.1917E-04
 -0.048  0.2069E-04
 -0.038  0.2273E-04
 -0.028  0.2538E-04
 -0.018  0.2867E-04
 -0.008  0.3266E-04
  0.002  0.3739E-04
  0.012  0.4289E-04
  0.022  0.4917E-04
  0.032  0.5624E-04
  0.042  0.6406E-04
  0.052  0.7262E-04
  0.062  0.8184E-04
  0.072  0.9165E-04
  0.082  0.1020E-03
  0.092  0.1127E-03
  0.102  0.1236E-03
  0.112  0.1347E-03
  0.122  0.1458E-03
  0.132  0.1566E-03
  0.142  0.1672E-03
  0.152  0.1774E-03
  0.162  0.1869E-03
  0.172  0.1959E-03
  0.182  0.2041E-03
  0.192  0.2116E-03
  0.202  0.2183E-03
  0.212  0.2244E-03
  0.222  0.2299E-03
  0.232  0.2348E-03
  0.242  0.2395E-03
  0.252  0.2439E-03
  0.262  0.2483E-03
  0.272  0.2529E-03
  0.282  0.2577E-03
  0.292  0.2628E-03
  0.302  0.2684E-03
  0.312  0.2744E-03
  0.322  0.2807E-03
  0.332  0.2872E-03
  0.342  0.2937E-03
  0.352  0.2999E-03
  0.362  0.3056E-03
  0.372  0.3104E-03
  0.382  0.3140E-03
  0.392  0.3160E-03
  0.402  0.3163E-03
  0.412  0.3145E-03
  0.422  0.3106E-03
  0.432  0.3043E-03
  0.442  0.2957E-03
  0.452  0.2849E-03
  0.462  0.2720E-03
  0.472  0.2574E-03
  0.482  0.2412E-03
  0.492  0.2239E-03
  0.502  0.2057E-03
  0.512  0.1872E-03
  0.522  0.1686E-03
  0.532  0.1503E-03
  0.542  0.1326E-03
  0.552  0.1157E-03
  0.562  0.1000E-03
  0.572  0.8552E-04
  0.582  0.7236E-04
  0.592  0.6058E-04
  0.602  0.5018E-04
  0.612  0.4113E-04
  0.622  0.3336E-04
  0.632  0.2677E-04
  0.642  0.2125E-04
  0.652  0.1670E-04
  0.662  0.1298E-04
  0.672  0.9978E-05
  0.682  0.7591E-05
  0.692  0.5714E-05
  0.702  0.4256E-05
  0.712  0.3136E-05
  0.722  0.2286E-05
  0.732  0.1649E-05
  0.742  0.1177E-05
  0.752  0.8306E-06
  0.762  0.5802E-06
  0.772  0.4010E-06
  0.782  0.2742E-06
  0.792  0.1855E-06
  0.802  0.1241E-06
  0.812  0.8220E-07
  0.822  0.5385E-07
  0.832  0.3490E-07
  0.842  0.2238E-07
