 -5.548  0.4782E-06
 -5.538  0.7393E-06
 -5.528  0.1131E-05
 -5.518  0.1711E-05
 -5.508  0.2561E-05
 -5.498  0.3792E-05
 -5.488  0.5555E-05
 -5.478  0.8051E-05
 -5.468  0.1154E-04
 -5.458  0.1637E-04
 -5.448  0.2298E-04
 -5.438  0.3190E-04
 -5.428  0.4382E-04
 -5.418  0.5955E-04
 -5.408  0.8007E-04
 -5.398  0.1065E-03
 -5.388  0.1402E-03
 -5.378  0.1827E-03
 -5.368  0.2354E-03
 -5.358  0.3003E-03
 -5.348  0.3791E-03
 -5.338  0.4737E-03
 -5.328  0.5859E-03
 -5.318  0.7173E-03
 -5.308  0.8695E-03
 -5.298  0.1044E-02
 -5.288  0.1241E-02
 -5.278  0.1461E-02
 -5.268  0.1705E-02
 -5.258  0.1972E-02
 -5.248  0.2260E-02
 -5.238  0.2570E-02
 -5.228  0.2899E-02
 -5.218  0.3245E-02
 -5.208  0.3607E-02
 -5.198  0.3984E-02
 -5.188  0.4375E-02
 -5.178  0.4778E-02
 -5.168  0.5193E-02
 -5.158  0.5620E-02
 -5.148  0.6061E-02
 -5.138  0.6516E-02
 -5.128  0.6987E-02
 -5.118  0.7476E-02
 -5.108  0.7983E-02
 -5.098  0.8510E-02
 -5.088  0.9057E-02
 -5.078  0.9623E-02
 -5.068  0.1021E-01
 -5.058  0.1081E-01
 -5.048  0.1142E-01
 -5.038  0.1203E-01
 -5.028  0.1265E-01
 -5.018  0.1326E-01
 -5.008  0.1385E-01
 -4.998  0.1443E-01
 -4.988  0.1498E-01
 -4.978  0.1549E-01
 -4.968  0.1597E-01
 -4.958  0.1641E-01
 -4.948  0.1679E-01
 -4.938  0.1713E-01
 -4.928  0.1742E-01
 -4.918  0.1766E-01
 -4.908  0.1785E-01
 -4.898  0.1799E-01
 -4.888  0.1808E-01
 -4.878  0.1812E-01
 -4.868  0.1812E-01
 -4.858  0.1807E-01
 -4.848  0.1798E-01
 -4.838  0.1785E-01
 -4.828  0.1767E-01
 -4.818  0.1744E-01
 -4.808  0.1717E-01
 -4.798  0.1684E-01
 -4.788  0.1647E-01
 -4.778  0.1605E-01
 -4.768  0.1557E-01
 -4.758  0.1504E-01
 -4.748  0.1445E-01
 -4.738  0.1382E-01
 -4.728  0.1314E-01
 -4.718  0.1241E-01
 -4.708  0.1165E-01
 -4.698  0.1087E-01
 -4.688  0.1006E-01
 -4.678  0.9239E-02
 -4.668  0.8420E-02
 -4.658  0.7611E-02
 -4.648  0.6822E-02
 -4.638  0.6061E-02
 -4.628  0.5337E-02
 -4.618  0.4657E-02
 -4.608  0.4025E-02
 -4.598  0.3446E-02
 -4.588  0.2922E-02
 -4.578  0.2454E-02
 -4.568  0.2040E-02
 -4.558  0.1679E-02
 -4.548  0.1368E-02
 -4.538  0.1103E-02
 -4.528  0.8807E-03
 -4.518  0.6958E-03
 -4.508  0.5440E-03
 -4.498  0.4209E-03
 -4.488  0.3223E-03
 -4.478  0.2442E-03
 -4.468  0.1830E-03
 -4.458  0.1358E-03
 -4.448  0.9964E-04
 -4.438  0.7235E-04
 -4.428  0.5198E-04
 -4.418  0.3695E-04
 -4.408  0.2598E-04
 -4.398  0.1808E-04
 -4.388  0.1244E-04
 -4.378  0.8474E-05
 -4.368  0.5709E-05
 -4.358  0.3805E-05
 -4.348  0.2509E-05
 -4.338  0.1637E-05
 -4.328  0.1056E-05
 -4.318  0.6743E-06
 -4.308  0.4258E-06
 -4.298  0.2661E-06
 -4.288  0.1645E-06
 -4.278  0.1006E-06
 -4.268  0.6083E-07
 -4.258  0.3640E-07
 -4.248  0.2155E-07
 -4.238  0.1262E-07
 -4.228  0.7311E-08
 -4.218  0.4190E-08
 -4.208  0.2376E-08
 -4.198  0.1333E-08
 -4.188  0.7394E-09
 -4.178  0.4059E-09
 -4.168  0.2204E-09
 -4.158  0.1184E-09
 -4.148  0.6291E-10
 -4.138  0.3307E-10
 -4.128  0.1720E-10
 -4.118  0.8848E-11
 -4.108  0.4503E-11
 -4.098  0.2267E-11
 -4.088  0.1129E-11
 -4.078  0.5563E-12
 -4.068  0.2711E-12
 -4.058  0.1307E-12
 -4.048  0.6236E-13
 -4.038  0.2943E-13
 -4.028  0.1374E-13
 -4.018  0.6343E-14
 -4.008  0.2898E-14
 -3.998  0.1309E-14
 -3.988  0.5854E-15
 -3.978  0.2589E-15
 -3.968  0.1133E-15
 -3.958  0.4902E-16
 -3.948  0.2099E-16
 -3.938  0.8889E-17
 -3.928  0.3725E-17
 -3.918  0.1544E-17
 -3.908  0.6330E-18
 -3.898  0.2568E-18
 -3.888  0.1030E-18
 -3.878  0.4090E-19
 -3.868  0.1606E-19
 -3.858  0.6239E-20
 -3.848  0.2398E-20
 -3.838  0.9116E-21
 -3.828  0.3428E-21
 -3.818  0.1276E-21
 -3.808  0.4694E-22
 -3.798  0.1709E-22
 -3.788  0.6156E-23
 -3.778  0.2194E-23
 -3.768  0.7732E-24
 -3.758  0.2696E-24
 -3.748  0.9300E-25
 -3.738  0.3173E-25
 -3.728  0.1071E-25
 -3.718  0.3577E-26
 -3.708  0.1182E-26
 -3.698  0.3862E-27
 -3.688  0.1249E-27
 -3.678  0.3994E-28
 -3.668  0.1263E-28
 -3.658  0.3955E-29
 -3.648  0.1224E-29
 -3.638  0.3750E-30
 -3.628  0.1136E-30
 -3.618  0.3406E-31
 -3.608  0.1010E-31
 -3.598  0.2963E-32
 -3.588  0.8598E-33
 -3.578  0.2468E-33
 -3.568  0.7009E-34
 -3.558  0.1969E-34
 -3.548  0.5472E-35
 -3.538  0.1505E-35
 -3.528  0.4092E-36
 -3.518  0.1101E-36
 -3.508  0.2930E-37
 -3.498  0.7715E-38
 -3.488  0.2010E-38
 -3.478  0.5178E-39
 -3.468  0.1320E-39
 -3.458  0.3328E-40
 -3.448  0.8303E-41
 -3.438  0.2049E-41
 -3.428  0.5002E-42
 -3.418  0.1208E-42
 -3.408  0.2886E-43
 -3.398  0.6820E-44
 -3.388  0.1595E-44
 -3.378  0.3688E-45
 -3.368  0.8438E-46
 -3.358  0.1910E-46
 -3.348  0.4276E-47
 -3.338  0.9472E-48
 -3.328  0.2076E-48
 -3.318  0.4499E-49
 -3.308  0.9648E-50
 -3.298  0.2047E-50
 -3.288  0.4295E-51
 -3.278  0.8916E-52
 -3.268  0.1831E-52
 -3.258  0.3720E-53
 -3.248  0.7477E-54
 -3.238  0.1487E-54
 -3.228  0.2924E-55
 -3.218  0.5689E-56
 -3.208  0.1095E-56
 -3.198  0.2085E-57
 -3.188  0.3927E-58
 -3.178  0.7318E-59
 -3.168  0.1349E-59
 -3.158  0.2460E-60
 -3.148  0.4438E-61
 -3.138  0.7920E-62
 -3.128  0.1398E-62
 -3.118  0.2442E-63
 -3.108  0.4219E-64
 -3.098  0.7210E-65
 -3.088  0.1219E-65
 -3.078  0.2039E-66
 -3.068  0.3374E-67
 -3.058  0.5522E-68
 -3.048  0.8941E-69
 -3.038  0.1432E-69
 -3.028  0.2270E-70
 -3.018  0.3558E-71
 -3.008  0.5518E-72
 -2.998  0.8482E-73
 -2.988  0.1407E-73
 -2.978  0.1007E-73
 -2.968  0.5372E-73
 -2.958  0.3467E-72
 -2.948  0.2225E-71
 -2.938  0.1413E-70
 -2.928  0.8873E-70
 -2.918  0.5514E-69
 -2.908  0.3389E-68
 -2.898  0.2061E-67
 -2.888  0.1240E-66
 -2.878  0.7377E-66
 -2.868  0.4343E-65
 -2.858  0.2529E-64
 -2.848  0.1457E-63
 -2.838  0.8304E-63
 -2.828  0.4682E-62
 -2.818  0.2611E-61
 -2.808  0.1441E-60
 -2.798  0.7863E-60
 -2.788  0.4246E-59
 -2.778  0.2268E-58
 -2.768  0.1198E-57
 -2.758  0.6264E-57
 -2.748  0.3239E-56
 -2.738  0.1657E-55
 -2.728  0.8385E-55
 -2.718  0.4198E-54
 -2.708  0.2079E-53
 -2.698  0.1018E-52
 -2.688  0.4936E-52
 -2.678  0.2367E-51
 -2.668  0.1122E-50
 -2.658  0.5266E-50
 -2.648  0.2444E-49
 -2.638  0.1122E-48
 -2.628  0.5098E-48
 -2.618  0.2291E-47
 -2.608  0.1018E-46
 -2.598  0.4478E-46
 -2.588  0.1948E-45
 -2.578  0.8383E-45
 -2.568  0.3569E-44
 -2.558  0.1503E-43
 -2.548  0.6262E-43
 -2.538  0.2581E-42
 -2.528  0.1052E-41
 -2.518  0.4244E-41
 -2.508  0.1693E-40
 -2.498  0.6683E-40
 -2.488  0.2610E-39
 -2.478  0.1008E-38
 -2.468  0.3852E-38
 -2.458  0.1456E-37
 -2.448  0.5445E-37
 -2.438  0.2014E-36
 -2.428  0.7371E-36
 -2.418  0.2669E-35
 -2.408  0.9557E-35
 -2.398  0.3386E-34
 -2.388  0.1187E-33
 -2.378  0.4114E-33
 -2.368  0.1411E-32
 -2.358  0.4788E-32
 -2.348  0.1607E-31
 -2.338  0.5337E-31
 -2.328  0.1753E-30
 -2.318  0.5696E-30
 -2.308  0.1831E-29
 -2.298  0.5823E-29
 -2.288  0.1832E-28
 -2.278  0.5701E-28
 -2.268  0.1755E-27
 -2.258  0.5345E-27
 -2.248  0.1610E-26
 -2.238  0.4800E-26
 -2.228  0.1415E-25
 -2.218  0.4128E-25
 -2.208  0.1191E-24
 -2.198  0.3400E-24
 -2.188  0.9600E-24
 -2.178  0.2682E-23
 -2.168  0.7410E-23
 -2.158  0.2026E-22
 -2.148  0.5478E-22
 -2.138  0.1466E-21
 -2.128  0.3879E-21
 -2.118  0.1015E-20
 -2.108  0.2630E-20
 -2.098  0.6738E-20
 -2.088  0.1708E-19
 -2.078  0.4282E-19
 -2.068  0.1062E-18
 -2.058  0.2606E-18
 -2.048  0.6327E-18
 -2.038  0.1519E-17
 -2.028  0.3609E-17
 -2.018  0.8481E-17
 -2.008  0.1972E-16
 -1.998  0.4535E-16
 -1.988  0.1032E-15
 -1.978  0.2322E-15
 -1.968  0.5170E-15
 -1.958  0.1139E-14
 -1.948  0.2481E-14
 -1.938  0.5349E-14
 -1.928  0.1141E-13
 -1.918  0.2406E-13
 -1.908  0.5022E-13
 -1.898  0.1037E-12
 -1.888  0.2117E-12
 -1.878  0.4278E-12
 -1.868  0.8552E-12
 -1.858  0.1691E-11
 -1.848  0.3308E-11
 -1.838  0.6403E-11
 -1.828  0.1226E-10
 -1.818  0.2322E-10
 -1.808  0.4351E-10
 -1.798  0.8066E-10
 -1.788  0.1479E-09
 -1.778  0.2684E-09
 -1.768  0.4819E-09
 -1.758  0.8559E-09
 -1.748  0.1504E-08
 -1.738  0.2614E-08
 -1.728  0.4497E-08
 -1.718  0.7653E-08
 -1.708  0.1289E-07
 -1.698  0.2147E-07
 -1.688  0.3539E-07
 -1.678  0.5772E-07
 -1.668  0.9317E-07
 -1.658  0.1488E-06
 -1.648  0.2352E-06
 -1.638  0.3678E-06
 -1.628  0.5693E-06
 -1.618  0.8722E-06
 -1.608  0.1322E-05
 -1.598  0.1985E-05
 -1.588  0.2948E-05
 -1.578  0.4336E-05
 -1.568  0.6312E-05
 -1.558  0.9098E-05
 -1.548  0.1298E-04
 -1.538  0.1835E-04
 -1.528  0.2568E-04
 -1.518  0.3560E-04
 -1.508  0.4889E-04
 -1.498  0.6650E-04
 -1.488  0.8963E-04
 -1.478  0.1197E-03
 -1.468  0.1584E-03
 -1.458  0.2079E-03
 -1.448  0.2704E-03
 -1.438  0.3486E-03
 -1.428  0.4458E-03
 -1.418  0.5654E-03
 -1.408  0.7112E-03
 -1.398  0.8874E-03
 -1.388  0.1099E-02
 -1.378  0.1350E-02
 -1.368  0.1645E-02
 -1.358  0.1990E-02
 -1.348  0.2389E-02
 -1.338  0.2847E-02
 -1.328  0.3366E-02
 -1.318  0.3951E-02
 -1.308  0.4602E-02
 -1.298  0.5320E-02
 -1.288  0.6103E-02
 -1.278  0.6946E-02
 -1.268  0.7844E-02
 -1.258  0.8787E-02
 -1.248  0.9765E-02
 -1.238  0.1076E-01
 -1.228  0.1176E-01
 -1.218  0.1275E-01
 -1.208  0.1369E-01
 -1.198  0.1458E-01
 -1.188  0.1539E-01
 -1.178  0.1609E-01
 -1.168  0.1668E-01
 -1.158  0.1712E-01
 -1.148  0.1741E-01
 -1.138  0.1754E-01
 -1.128  0.1749E-01
 -1.118  0.1728E-01
 -1.108  0.1690E-01
 -1.098  0.1637E-01
 -1.088  0.1570E-01
 -1.078  0.1490E-01
 -1.068  0.1400E-01
 -1.058  0.1302E-01
 -1.048  0.1199E-01
 -1.038  0.1092E-01
 -1.028  0.9852E-02
 -1.018  0.8793E-02
 -1.008  0.7768E-02
 -0.998  0.6792E-02
 -0.988  0.5878E-02
 -0.978  0.5037E-02
 -0.968  0.4274E-02
 -0.958  0.3595E-02
 -0.948  0.3000E-02
 -0.938  0.2488E-02
 -0.928  0.2057E-02
 -0.918  0.1703E-02
 -0.908  0.1423E-02
 -0.898  0.1213E-02
 -0.888  0.1068E-02
 -0.878  0.9855E-03
 -0.868  0.9631E-03
 -0.858  0.9992E-03
 -0.848  0.1093E-02
 -0.838  0.1244E-02
 -0.828  0.1454E-02
 -0.818  0.1723E-02
 -0.808  0.2053E-02
 -0.798  0.2443E-02
 -0.788  0.2895E-02
 -0.778  0.3406E-02
 -0.768  0.3976E-02
 -0.758  0.4599E-02
 -0.748  0.5271E-02
 -0.738  0.5983E-02
 -0.728  0.6728E-02
 -0.718  0.7496E-02
 -0.708  0.8274E-02
 -0.698  0.9052E-02
 -0.688  0.9819E-02
 -0.678  0.1056E-01
 -0.668  0.1128E-01
 -0.658  0.1196E-01
 -0.648  0.1260E-01
 -0.638  0.1320E-01
 -0.628  0.1376E-01
 -0.618  0.1430E-01
 -0.608  0.1483E-01
 -0.598  0.1536E-01
 -0.588  0.1590E-01
 -0.578  0.1648E-01
 -0.568  0.1711E-01
 -0.558  0.1781E-01
 -0.548  0.1858E-01
 -0.538  0.1945E-01
 -0.528  0.2041E-01
 -0.518  0.2145E-01
 -0.508  0.2258E-01
 -0.498  0.2376E-01
 -0.488  0.2499E-01
 -0.478  0.2622E-01
 -0.468  0.2743E-01
 -0.458  0.2857E-01
 -0.448  0.2962E-01
 -0.438  0.3053E-01
 -0.428  0.3127E-01
 -0.418  0.3181E-01
 -0.408  0.3212E-01
 -0.398  0.3220E-01
 -0.388  0.3203E-01
 -0.378  0.3162E-01
 -0.368  0.3097E-01
 -0.358  0.3011E-01
 -0.348  0.2906E-01
 -0.338  0.2786E-01
 -0.328  0.2653E-01
 -0.318  0.2511E-01
 -0.308  0.2366E-01
 -0.298  0.2219E-01
 -0.288  0.2075E-01
 -0.278  0.1937E-01
 -0.268  0.1806E-01
 -0.258  0.1685E-01
 -0.248  0.1574E-01
 -0.238  0.1475E-01
 -0.228  0.1387E-01
 -0.218  0.1309E-01
 -0.208  0.1240E-01
 -0.198  0.1179E-01
 -0.188  0.1125E-01
 -0.178  0.1075E-01
 -0.168  0.1029E-01
 -0.158  0.9850E-02
 -0.148  0.9418E-02
 -0.138  0.8988E-02
 -0.128  0.8554E-02
 -0.118  0.8116E-02
 -0.108  0.7675E-02
 -0.098  0.7238E-02
 -0.088  0.6811E-02
 -0.078  0.6405E-02
 -0.068  0.6030E-02
 -0.058  0.5699E-02
 -0.048  0.5423E-02
 -0.038  0.5212E-02
 -0.028  0.5077E-02
 -0.018  0.5026E-02
 -0.008  0.5066E-02
  0.002  0.5200E-02
  0.012  0.5430E-02
  0.022  0.5754E-02
  0.032  0.6171E-02
  0.042  0.6673E-02
  0.052  0.7253E-02
  0.062  0.7901E-02
  0.072  0.8604E-02
  0.082  0.9350E-02
  0.092  0.1012E-01
  0.102  0.1091E-01
  0.112  0.1169E-01
  0.122  0.1245E-01
  0.132  0.1318E-01
  0.142  0.1386E-01
  0.152  0.1447E-01
  0.162  0.1501E-01
  0.172  0.1546E-01
  0.182  0.1582E-01
  0.192  0.1608E-01
  0.202  0.1624E-01
  0.212  0.1630E-01
  0.222  0.1626E-01
  0.232  0.1612E-01
  0.242  0.1590E-01
  0.252  0.1560E-01
  0.262  0.1524E-01
  0.272  0.1482E-01
  0.282  0.1437E-01
  0.292  0.1389E-01
  0.302  0.1340E-01
  0.312  0.1291E-01
  0.322  0.1243E-01
  0.332  0.1197E-01
  0.342  0.1152E-01
  0.352  0.1110E-01
  0.362  0.1070E-01
  0.372  0.1032E-01
  0.382  0.9949E-02
  0.392  0.9593E-02
  0.402  0.9240E-02
  0.412  0.8884E-02
  0.422  0.8520E-02
  0.432  0.8142E-02
  0.442  0.7748E-02
  0.452  0.7335E-02
  0.462  0.6903E-02
  0.472  0.6455E-02
  0.482  0.5992E-02
  0.492  0.5519E-02
  0.502  0.5042E-02
  0.512  0.4567E-02
  0.522  0.4100E-02
  0.532  0.3646E-02
  0.542  0.3213E-02
  0.552  0.2803E-02
  0.562  0.2422E-02
  0.572  0.2071E-02
  0.582  0.1754E-02
  0.592  0.1470E-02
  0.602  0.1219E-02
  0.612  0.1001E-02
  0.622  0.8134E-03
  0.632  0.6540E-03
  0.642  0.5203E-03
  0.652  0.4096E-03
  0.662  0.3191E-03
  0.672  0.2460E-03
  0.682  0.1876E-03
  0.692  0.1416E-03
  0.702  0.1057E-03
  0.712  0.7807E-04
  0.722  0.5707E-04
  0.732  0.4127E-04
  0.742  0.2953E-04
  0.752  0.2090E-04
  0.762  0.1464E-04
  0.772  0.1015E-04
  0.782  0.6956E-05
  0.792  0.4719E-05
  0.802  0.3167E-05
  0.812  0.2103E-05
  0.822  0.1382E-05
  0.832  0.8980E-06
  0.842  0.5775E-06
