 -5.548  0.4128E-06
 -5.538  0.6382E-06
 -5.528  0.9761E-06
 -5.518  0.1477E-05
 -5.508  0.2210E-05
 -5.498  0.3273E-05
 -5.488  0.4795E-05
 -5.478  0.6949E-05
 -5.468  0.9963E-05
 -5.458  0.1413E-04
 -5.448  0.1983E-04
 -5.438  0.2753E-04
 -5.428  0.3781E-04
 -5.418  0.5138E-04
 -5.408  0.6907E-04
 -5.398  0.9188E-04
 -5.388  0.1209E-03
 -5.378  0.1575E-03
 -5.368  0.2030E-03
 -5.358  0.2588E-03
 -5.348  0.3266E-03
 -5.338  0.4079E-03
 -5.328  0.5043E-03
 -5.318  0.6171E-03
 -5.308  0.7475E-03
 -5.298  0.8966E-03
 -5.288  0.1065E-02
 -5.278  0.1253E-02
 -5.268  0.1460E-02
 -5.258  0.1686E-02
 -5.248  0.1929E-02
 -5.238  0.2189E-02
 -5.228  0.2464E-02
 -5.218  0.2751E-02
 -5.208  0.3050E-02
 -5.198  0.3358E-02
 -5.188  0.3673E-02
 -5.178  0.3995E-02
 -5.168  0.4323E-02
 -5.158  0.4657E-02
 -5.148  0.4997E-02
 -5.138  0.5344E-02
 -5.128  0.5699E-02
 -5.118  0.6063E-02
 -5.108  0.6439E-02
 -5.098  0.6827E-02
 -5.088  0.7229E-02
 -5.078  0.7646E-02
 -5.068  0.8077E-02
 -5.058  0.8521E-02
 -5.048  0.8978E-02
 -5.038  0.9445E-02
 -5.028  0.9919E-02
 -5.018  0.1040E-01
 -5.008  0.1088E-01
 -4.998  0.1136E-01
 -4.988  0.1183E-01
 -4.978  0.1230E-01
 -4.968  0.1277E-01
 -4.958  0.1322E-01
 -4.948  0.1366E-01
 -4.938  0.1410E-01
 -4.928  0.1452E-01
 -4.918  0.1494E-01
 -4.908  0.1536E-01
 -4.898  0.1577E-01
 -4.888  0.1618E-01
 -4.878  0.1658E-01
 -4.868  0.1697E-01
 -4.858  0.1735E-01
 -4.848  0.1771E-01
 -4.838  0.1805E-01
 -4.828  0.1835E-01
 -4.818  0.1861E-01
 -4.808  0.1881E-01
 -4.798  0.1895E-01
 -4.788  0.1900E-01
 -4.778  0.1897E-01
 -4.768  0.1884E-01
 -4.758  0.1859E-01
 -4.748  0.1824E-01
 -4.738  0.1778E-01
 -4.728  0.1720E-01
 -4.718  0.1652E-01
 -4.708  0.1574E-01
 -4.698  0.1487E-01
 -4.688  0.1393E-01
 -4.678  0.1294E-01
 -4.668  0.1190E-01
 -4.658  0.1086E-01
 -4.648  0.9805E-02
 -4.638  0.8772E-02
 -4.628  0.7772E-02
 -4.618  0.6818E-02
 -4.608  0.5922E-02
 -4.598  0.5092E-02
 -4.588  0.4334E-02
 -4.578  0.3651E-02
 -4.568  0.3044E-02
 -4.558  0.2512E-02
 -4.548  0.2051E-02
 -4.538  0.1658E-02
 -4.528  0.1325E-02
 -4.518  0.1049E-02
 -4.508  0.8210E-03
 -4.498  0.6360E-03
 -4.488  0.4874E-03
 -4.478  0.3696E-03
 -4.468  0.2773E-03
 -4.458  0.2058E-03
 -4.448  0.1512E-03
 -4.438  0.1098E-03
 -4.428  0.7893E-04
 -4.418  0.5613E-04
 -4.408  0.3949E-04
 -4.398  0.2748E-04
 -4.388  0.1892E-04
 -4.378  0.1289E-04
 -4.368  0.8684E-05
 -4.358  0.5789E-05
 -4.348  0.3818E-05
 -4.338  0.2491E-05
 -4.328  0.1608E-05
 -4.318  0.1026E-05
 -4.308  0.6483E-06
 -4.298  0.4051E-06
 -4.288  0.2504E-06
 -4.278  0.1531E-06
 -4.268  0.9263E-07
 -4.258  0.5543E-07
 -4.248  0.3282E-07
 -4.238  0.1922E-07
 -4.228  0.1114E-07
 -4.218  0.6382E-08
 -4.208  0.3619E-08
 -4.198  0.2030E-08
 -4.188  0.1126E-08
 -4.178  0.6182E-09
 -4.168  0.3357E-09
 -4.158  0.1803E-09
 -4.148  0.9582E-10
 -4.138  0.5037E-10
 -4.128  0.2620E-10
 -4.118  0.1348E-10
 -4.108  0.6859E-11
 -4.098  0.3453E-11
 -4.088  0.1720E-11
 -4.078  0.8474E-12
 -4.068  0.4130E-12
 -4.058  0.1992E-12
 -4.048  0.9500E-13
 -4.038  0.4483E-13
 -4.028  0.2092E-13
 -4.018  0.9662E-14
 -4.008  0.4414E-14
 -3.998  0.1995E-14
 -3.988  0.8917E-15
 -3.978  0.3944E-15
 -3.968  0.1725E-15
 -3.958  0.7467E-16
 -3.948  0.3197E-16
 -3.938  0.1354E-16
 -3.928  0.5674E-17
 -3.918  0.2352E-17
 -3.908  0.9643E-18
 -3.898  0.3911E-18
 -3.888  0.1570E-18
 -3.878  0.6231E-19
 -3.868  0.2447E-19
 -3.858  0.9505E-20
 -3.848  0.3653E-20
 -3.838  0.1389E-20
 -3.828  0.5223E-21
 -3.818  0.1943E-21
 -3.808  0.7151E-22
 -3.798  0.2604E-22
 -3.788  0.9378E-23
 -3.778  0.3342E-23
 -3.768  0.1178E-23
 -3.758  0.4107E-24
 -3.748  0.1417E-24
 -3.738  0.4834E-25
 -3.728  0.1632E-25
 -3.718  0.5450E-26
 -3.708  0.1800E-26
 -3.698  0.5884E-27
 -3.688  0.1902E-27
 -3.678  0.6084E-28
 -3.668  0.1925E-28
 -3.658  0.6024E-29
 -3.648  0.1865E-29
 -3.638  0.5713E-30
 -3.628  0.1731E-30
 -3.618  0.5189E-31
 -3.608  0.1539E-31
 -3.598  0.4513E-32
 -3.588  0.1310E-32
 -3.578  0.3760E-33
 -3.568  0.1068E-33
 -3.558  0.3000E-34
 -3.548  0.8337E-35
 -3.538  0.2292E-35
 -3.528  0.6234E-36
 -3.518  0.1677E-36
 -3.508  0.4464E-37
 -3.498  0.1175E-37
 -3.488  0.3061E-38
 -3.478  0.7888E-39
 -3.468  0.2011E-39
 -3.458  0.5070E-40
 -3.448  0.1265E-40
 -3.438  0.3121E-41
 -3.428  0.7620E-42
 -3.418  0.1840E-42
 -3.408  0.4396E-43
 -3.398  0.1039E-43
 -3.388  0.2429E-44
 -3.378  0.5618E-45
 -3.368  0.1285E-45
 -3.358  0.2910E-46
 -3.348  0.6515E-47
 -3.338  0.1443E-47
 -3.328  0.3162E-48
 -3.318  0.6854E-49
 -3.308  0.1470E-49
 -3.298  0.3118E-50
 -3.288  0.6543E-51
 -3.278  0.1358E-51
 -3.268  0.2790E-52
 -3.258  0.5667E-53
 -3.248  0.1139E-53
 -3.238  0.2265E-54
 -3.228  0.4454E-55
 -3.218  0.8666E-56
 -3.208  0.1668E-56
 -3.198  0.3176E-57
 -3.188  0.5983E-58
 -3.178  0.1115E-58
 -3.168  0.2055E-59
 -3.158  0.3748E-60
 -3.148  0.6761E-61
 -3.138  0.1206E-61
 -3.128  0.2130E-62
 -3.118  0.3720E-63
 -3.108  0.6427E-64
 -3.098  0.1098E-64
 -3.088  0.1857E-65
 -3.078  0.3106E-66
 -3.068  0.5139E-67
 -3.058  0.8412E-68
 -3.048  0.1362E-68
 -3.038  0.2182E-69
 -3.028  0.3458E-70
 -3.018  0.5420E-71
 -3.008  0.8406E-72
 -2.998  0.1294E-72
 -2.988  0.2281E-73
 -2.978  0.2446E-73
 -2.968  0.1416E-72
 -2.958  0.9158E-72
 -2.948  0.5878E-71
 -2.938  0.3732E-70
 -2.928  0.2344E-69
 -2.918  0.1457E-68
 -2.908  0.8953E-68
 -2.898  0.5444E-67
 -2.888  0.3275E-66
 -2.878  0.1949E-65
 -2.868  0.1147E-64
 -2.858  0.6681E-64
 -2.848  0.3849E-63
 -2.838  0.2194E-62
 -2.828  0.1237E-61
 -2.818  0.6898E-61
 -2.808  0.3806E-60
 -2.798  0.2077E-59
 -2.788  0.1122E-58
 -2.778  0.5991E-58
 -2.768  0.3166E-57
 -2.758  0.1655E-56
 -2.748  0.8557E-56
 -2.738  0.4377E-55
 -2.728  0.2215E-54
 -2.718  0.1109E-53
 -2.708  0.5492E-53
 -2.698  0.2690E-52
 -2.688  0.1304E-51
 -2.678  0.6252E-51
 -2.668  0.2965E-50
 -2.658  0.1391E-49
 -2.648  0.6457E-49
 -2.638  0.2965E-48
 -2.628  0.1347E-47
 -2.618  0.6052E-47
 -2.608  0.2690E-46
 -2.598  0.1183E-45
 -2.588  0.5146E-45
 -2.578  0.2214E-44
 -2.568  0.9427E-44
 -2.558  0.3970E-43
 -2.548  0.1654E-42
 -2.538  0.6817E-42
 -2.528  0.2779E-41
 -2.518  0.1121E-40
 -2.508  0.4473E-40
 -2.498  0.1765E-39
 -2.488  0.6894E-39
 -2.478  0.2663E-38
 -2.468  0.1018E-37
 -2.458  0.3846E-37
 -2.448  0.1438E-36
 -2.438  0.5321E-36
 -2.428  0.1947E-35
 -2.418  0.7049E-35
 -2.408  0.2525E-34
 -2.398  0.8945E-34
 -2.388  0.3135E-33
 -2.378  0.1087E-32
 -2.368  0.3728E-32
 -2.358  0.1265E-31
 -2.348  0.4246E-31
 -2.338  0.1410E-30
 -2.328  0.4631E-30
 -2.318  0.1505E-29
 -2.308  0.4837E-29
 -2.298  0.1538E-28
 -2.288  0.4839E-28
 -2.278  0.1506E-27
 -2.268  0.4636E-27
 -2.258  0.1412E-26
 -2.248  0.4254E-26
 -2.238  0.1268E-25
 -2.228  0.3738E-25
 -2.218  0.1090E-24
 -2.208  0.3146E-24
 -2.198  0.8980E-24
 -2.188  0.2536E-23
 -2.178  0.7084E-23
 -2.168  0.1957E-22
 -2.158  0.5351E-22
 -2.148  0.1447E-21
 -2.138  0.3871E-21
 -2.128  0.1024E-20
 -2.118  0.2682E-20
 -2.108  0.6947E-20
 -2.098  0.1780E-19
 -2.088  0.4511E-19
 -2.078  0.1131E-18
 -2.068  0.2805E-18
 -2.058  0.6884E-18
 -2.048  0.1671E-17
 -2.038  0.4012E-17
 -2.028  0.9531E-17
 -2.018  0.2240E-16
 -2.008  0.5207E-16
 -1.998  0.1197E-15
 -1.988  0.2724E-15
 -1.978  0.6131E-15
 -1.968  0.1365E-14
 -1.958  0.3006E-14
 -1.948  0.6550E-14
 -1.938  0.1412E-13
 -1.928  0.3011E-13
 -1.918  0.6350E-13
 -1.908  0.1325E-12
 -1.898  0.2735E-12
 -1.888  0.5586E-12
 -1.878  0.1129E-11
 -1.868  0.2255E-11
 -1.858  0.4459E-11
 -1.848  0.8721E-11
 -1.838  0.1687E-10
 -1.828  0.3230E-10
 -1.818  0.6116E-10
 -1.808  0.1146E-09
 -1.798  0.2123E-09
 -1.788  0.3892E-09
 -1.778  0.7059E-09
 -1.768  0.1267E-08
 -1.758  0.2248E-08
 -1.748  0.3948E-08
 -1.738  0.6858E-08
 -1.728  0.1179E-07
 -1.718  0.2004E-07
 -1.708  0.3371E-07
 -1.698  0.5609E-07
 -1.688  0.9235E-07
 -1.678  0.1504E-06
 -1.668  0.2424E-06
 -1.658  0.3865E-06
 -1.648  0.6096E-06
 -1.638  0.9514E-06
 -1.628  0.1469E-05
 -1.618  0.2245E-05
 -1.608  0.3393E-05
 -1.598  0.5075E-05
 -1.588  0.7512E-05
 -1.578  0.1100E-04
 -1.568  0.1595E-04
 -1.558  0.2287E-04
 -1.548  0.3246E-04
 -1.538  0.4559E-04
 -1.528  0.6339E-04
 -1.518  0.8723E-04
 -1.508  0.1188E-03
 -1.498  0.1602E-03
 -1.488  0.2138E-03
 -1.478  0.2826E-03
 -1.468  0.3698E-03
 -1.458  0.4792E-03
 -1.448  0.6150E-03
 -1.438  0.7817E-03
 -1.428  0.9842E-03
 -1.418  0.1228E-02
 -1.408  0.1517E-02
 -1.398  0.1858E-02
 -1.388  0.2256E-02
 -1.378  0.2714E-02
 -1.368  0.3238E-02
 -1.358  0.3830E-02
 -1.348  0.4493E-02
 -1.338  0.5229E-02
 -1.328  0.6036E-02
 -1.318  0.6913E-02
 -1.308  0.7856E-02
 -1.298  0.8861E-02
 -1.288  0.9919E-02
 -1.278  0.1102E-01
 -1.268  0.1216E-01
 -1.258  0.1331E-01
 -1.248  0.1447E-01
 -1.238  0.1561E-01
 -1.228  0.1672E-01
 -1.218  0.1777E-01
 -1.208  0.1876E-01
 -1.198  0.1964E-01
 -1.188  0.2041E-01
 -1.178  0.2105E-01
 -1.168  0.2153E-01
 -1.158  0.2184E-01
 -1.148  0.2198E-01
 -1.138  0.2193E-01
 -1.128  0.2169E-01
 -1.118  0.2127E-01
 -1.108  0.2068E-01
 -1.098  0.1992E-01
 -1.088  0.1901E-01
 -1.078  0.1798E-01
 -1.068  0.1684E-01
 -1.058  0.1562E-01
 -1.048  0.1436E-01
 -1.038  0.1306E-01
 -1.028  0.1177E-01
 -1.018  0.1050E-01
 -1.008  0.9279E-02
 -0.998  0.8117E-02
 -0.988  0.7031E-02
 -0.978  0.6033E-02
 -0.968  0.5129E-02
 -0.958  0.4323E-02
 -0.948  0.3618E-02
 -0.938  0.3013E-02
 -0.928  0.2504E-02
 -0.918  0.2089E-02
 -0.908  0.1764E-02
 -0.898  0.1524E-02
 -0.888  0.1366E-02
 -0.878  0.1286E-02
 -0.868  0.1284E-02
 -0.858  0.1358E-02
 -0.848  0.1507E-02
 -0.838  0.1734E-02
 -0.828  0.2038E-02
 -0.818  0.2423E-02
 -0.808  0.2889E-02
 -0.798  0.3438E-02
 -0.788  0.4068E-02
 -0.778  0.4779E-02
 -0.768  0.5565E-02
 -0.758  0.6422E-02
 -0.748  0.7339E-02
 -0.738  0.8305E-02
 -0.728  0.9307E-02
 -0.718  0.1033E-01
 -0.708  0.1135E-01
 -0.698  0.1236E-01
 -0.688  0.1334E-01
 -0.678  0.1427E-01
 -0.668  0.1514E-01
 -0.658  0.1593E-01
 -0.648  0.1664E-01
 -0.638  0.1727E-01
 -0.628  0.1782E-01
 -0.618  0.1829E-01
 -0.608  0.1869E-01
 -0.598  0.1905E-01
 -0.588  0.1938E-01
 -0.578  0.1969E-01
 -0.568  0.2001E-01
 -0.558  0.2035E-01
 -0.548  0.2073E-01
 -0.538  0.2115E-01
 -0.528  0.2162E-01
 -0.518  0.2213E-01
 -0.508  0.2269E-01
 -0.498  0.2327E-01
 -0.488  0.2385E-01
 -0.478  0.2442E-01
 -0.468  0.2494E-01
 -0.458  0.2539E-01
 -0.448  0.2573E-01
 -0.438  0.2595E-01
 -0.428  0.2602E-01
 -0.418  0.2592E-01
 -0.408  0.2565E-01
 -0.398  0.2519E-01
 -0.388  0.2456E-01
 -0.378  0.2375E-01
 -0.368  0.2279E-01
 -0.358  0.2170E-01
 -0.348  0.2050E-01
 -0.338  0.1923E-01
 -0.328  0.1791E-01
 -0.318  0.1656E-01
 -0.308  0.1523E-01
 -0.298  0.1393E-01
 -0.288  0.1269E-01
 -0.278  0.1152E-01
 -0.268  0.1044E-01
 -0.258  0.9458E-02
 -0.248  0.8579E-02
 -0.238  0.7801E-02
 -0.228  0.7122E-02
 -0.218  0.6535E-02
 -0.208  0.6030E-02
 -0.198  0.5598E-02
 -0.188  0.5228E-02
 -0.178  0.4908E-02
 -0.168  0.4628E-02
 -0.158  0.4378E-02
 -0.148  0.4152E-02
 -0.138  0.3943E-02
 -0.128  0.3748E-02
 -0.118  0.3565E-02
 -0.108  0.3394E-02
 -0.098  0.3238E-02
 -0.088  0.3099E-02
 -0.078  0.2984E-02
 -0.068  0.2897E-02
 -0.058  0.2845E-02
 -0.048  0.2834E-02
 -0.038  0.2871E-02
 -0.028  0.2960E-02
 -0.018  0.3107E-02
 -0.008  0.3315E-02
  0.002  0.3586E-02
  0.012  0.3921E-02
  0.022  0.4318E-02
  0.032  0.4775E-02
  0.042  0.5287E-02
  0.052  0.5848E-02
  0.062  0.6449E-02
  0.072  0.7082E-02
  0.082  0.7736E-02
  0.092  0.8400E-02
  0.102  0.9061E-02
  0.112  0.9706E-02
  0.122  0.1032E-01
  0.132  0.1090E-01
  0.142  0.1143E-01
  0.152  0.1189E-01
  0.162  0.1229E-01
  0.172  0.1260E-01
  0.182  0.1284E-01
  0.192  0.1298E-01
  0.202  0.1304E-01
  0.212  0.1301E-01
  0.222  0.1290E-01
  0.232  0.1271E-01
  0.242  0.1244E-01
  0.252  0.1212E-01
  0.262  0.1174E-01
  0.272  0.1133E-01
  0.282  0.1088E-01
  0.292  0.1042E-01
  0.302  0.9954E-02
  0.312  0.9489E-02
  0.322  0.9036E-02
  0.332  0.8601E-02
  0.342  0.8189E-02
  0.352  0.7802E-02
  0.362  0.7441E-02
  0.372  0.7105E-02
  0.382  0.6790E-02
  0.392  0.6493E-02
  0.402  0.6210E-02
  0.412  0.5935E-02
  0.422  0.5664E-02
  0.432  0.5393E-02
  0.442  0.5118E-02
  0.452  0.4836E-02
  0.462  0.4547E-02
  0.472  0.4250E-02
  0.482  0.3946E-02
  0.492  0.3638E-02
  0.502  0.3327E-02
  0.512  0.3019E-02
  0.522  0.2715E-02
  0.532  0.2420E-02
  0.542  0.2137E-02
  0.552  0.1869E-02
  0.562  0.1619E-02
  0.572  0.1388E-02
  0.582  0.1179E-02
  0.592  0.9905E-03
  0.602  0.8240E-03
  0.612  0.6784E-03
  0.622  0.5527E-03
  0.632  0.4457E-03
  0.642  0.3556E-03
  0.652  0.2808E-03
  0.662  0.2193E-03
  0.672  0.1695E-03
  0.682  0.1297E-03
  0.692  0.9813E-04
  0.702  0.7347E-04
  0.712  0.5443E-04
  0.722  0.3990E-04
  0.732  0.2893E-04
  0.742  0.2076E-04
  0.752  0.1474E-04
  0.762  0.1035E-04
  0.772  0.7191E-05
  0.782  0.4944E-05
  0.792  0.3363E-05
  0.802  0.2263E-05
  0.812  0.1507E-05
  0.822  0.9923E-06
  0.832  0.6467E-06
  0.842  0.4169E-06
