 -5.548  0.3614E-06
 -5.538  0.5586E-06
 -5.528  0.8544E-06
 -5.518  0.1293E-05
 -5.508  0.1935E-05
 -5.498  0.2865E-05
 -5.488  0.4196E-05
 -5.478  0.6081E-05
 -5.468  0.8717E-05
 -5.458  0.1236E-04
 -5.448  0.1734E-04
 -5.438  0.2407E-04
 -5.428  0.3306E-04
 -5.418  0.4491E-04
 -5.408  0.6037E-04
 -5.398  0.8027E-04
 -5.388  0.1056E-03
 -5.378  0.1375E-03
 -5.368  0.1771E-03
 -5.358  0.2256E-03
 -5.348  0.2845E-03
 -5.338  0.3550E-03
 -5.328  0.4384E-03
 -5.318  0.5358E-03
 -5.308  0.6481E-03
 -5.298  0.7760E-03
 -5.288  0.9197E-03
 -5.278  0.1079E-02
 -5.268  0.1254E-02
 -5.258  0.1444E-02
 -5.248  0.1646E-02
 -5.238  0.1860E-02
 -5.228  0.2083E-02
 -5.218  0.2313E-02
 -5.208  0.2547E-02
 -5.198  0.2785E-02
 -5.188  0.3022E-02
 -5.178  0.3259E-02
 -5.168  0.3495E-02
 -5.158  0.3728E-02
 -5.148  0.3960E-02
 -5.138  0.4193E-02
 -5.128  0.4427E-02
 -5.118  0.4667E-02
 -5.108  0.4916E-02
 -5.098  0.5179E-02
 -5.088  0.5458E-02
 -5.078  0.5759E-02
 -5.068  0.6086E-02
 -5.058  0.6441E-02
 -5.048  0.6828E-02
 -5.038  0.7249E-02
 -5.028  0.7703E-02
 -5.018  0.8191E-02
 -5.008  0.8710E-02
 -4.998  0.9256E-02
 -4.988  0.9824E-02
 -4.978  0.1041E-01
 -4.968  0.1100E-01
 -4.958  0.1159E-01
 -4.948  0.1217E-01
 -4.938  0.1273E-01
 -4.928  0.1326E-01
 -4.918  0.1374E-01
 -4.908  0.1417E-01
 -4.898  0.1454E-01
 -4.888  0.1485E-01
 -4.878  0.1507E-01
 -4.868  0.1521E-01
 -4.858  0.1527E-01
 -4.848  0.1525E-01
 -4.838  0.1513E-01
 -4.828  0.1494E-01
 -4.818  0.1466E-01
 -4.808  0.1432E-01
 -4.798  0.1390E-01
 -4.788  0.1342E-01
 -4.778  0.1289E-01
 -4.768  0.1232E-01
 -4.758  0.1170E-01
 -4.748  0.1106E-01
 -4.738  0.1039E-01
 -4.728  0.9707E-02
 -4.718  0.9017E-02
 -4.708  0.8325E-02
 -4.698  0.7638E-02
 -4.688  0.6963E-02
 -4.678  0.6305E-02
 -4.668  0.5669E-02
 -4.658  0.5061E-02
 -4.648  0.4484E-02
 -4.638  0.3942E-02
 -4.628  0.3438E-02
 -4.618  0.2974E-02
 -4.608  0.2551E-02
 -4.598  0.2168E-02
 -4.588  0.1827E-02
 -4.578  0.1525E-02
 -4.568  0.1262E-02
 -4.558  0.1034E-02
 -4.548  0.8390E-03
 -4.538  0.6743E-03
 -4.528  0.5366E-03
 -4.518  0.4228E-03
 -4.508  0.3297E-03
 -4.498  0.2546E-03
 -4.488  0.1945E-03
 -4.478  0.1472E-03
 -4.468  0.1102E-03
 -4.458  0.8160E-04
 -4.448  0.5982E-04
 -4.438  0.4340E-04
 -4.428  0.3115E-04
 -4.418  0.2213E-04
 -4.408  0.1555E-04
 -4.398  0.1081E-04
 -4.388  0.7439E-05
 -4.378  0.5064E-05
 -4.368  0.3410E-05
 -4.358  0.2272E-05
 -4.348  0.1498E-05
 -4.338  0.9767E-06
 -4.328  0.6301E-06
 -4.318  0.4022E-06
 -4.308  0.2540E-06
 -4.298  0.1587E-06
 -4.288  0.9806E-07
 -4.278  0.5995E-07
 -4.268  0.3626E-07
 -4.258  0.2170E-07
 -4.248  0.1284E-07
 -4.238  0.7521E-08
 -4.228  0.4357E-08
 -4.218  0.2497E-08
 -4.208  0.1416E-08
 -4.198  0.7940E-09
 -4.188  0.4406E-09
 -4.178  0.2418E-09
 -4.168  0.1313E-09
 -4.158  0.7053E-10
 -4.148  0.3748E-10
 -4.138  0.1970E-10
 -4.128  0.1025E-10
 -4.118  0.5271E-11
 -4.108  0.2683E-11
 -4.098  0.1351E-11
 -4.088  0.6726E-12
 -4.078  0.3314E-12
 -4.068  0.1615E-12
 -4.058  0.7788E-13
 -4.048  0.3715E-13
 -4.038  0.1753E-13
 -4.028  0.8183E-14
 -4.018  0.3779E-14
 -4.008  0.1726E-14
 -3.998  0.7800E-15
 -3.988  0.3487E-15
 -3.978  0.1542E-15
 -3.968  0.6747E-16
 -3.958  0.2920E-16
 -3.948  0.1250E-16
 -3.938  0.5295E-17
 -3.928  0.2219E-17
 -3.918  0.9196E-18
 -3.908  0.3771E-18
 -3.898  0.1530E-18
 -3.888  0.6138E-19
 -3.878  0.2436E-19
 -3.868  0.9568E-20
 -3.858  0.3717E-20
 -3.848  0.1428E-20
 -3.838  0.5430E-21
 -3.828  0.2042E-21
 -3.818  0.7598E-22
 -3.808  0.2796E-22
 -3.798  0.1018E-22
 -3.788  0.3667E-23
 -3.778  0.1307E-23
 -3.768  0.4606E-24
 -3.758  0.1606E-24
 -3.748  0.5540E-25
 -3.738  0.1890E-25
 -3.728  0.6381E-26
 -3.718  0.2131E-26
 -3.708  0.7040E-27
 -3.698  0.2301E-27
 -3.688  0.7438E-28
 -3.678  0.2379E-28
 -3.668  0.7526E-29
 -3.658  0.2356E-29
 -3.648  0.7294E-30
 -3.638  0.2234E-30
 -3.628  0.6769E-31
 -3.618  0.2029E-31
 -3.608  0.6017E-32
 -3.598  0.1765E-32
 -3.588  0.5122E-33
 -3.578  0.1470E-33
 -3.568  0.4175E-34
 -3.558  0.1173E-34
 -3.548  0.3260E-35
 -3.538  0.8962E-36
 -3.528  0.2437E-36
 -3.518  0.6558E-37
 -3.508  0.1745E-37
 -3.498  0.4596E-38
 -3.488  0.1197E-38
 -3.478  0.3085E-39
 -3.468  0.7863E-40
 -3.458  0.1983E-40
 -3.448  0.4946E-41
 -3.438  0.1221E-41
 -3.428  0.2980E-42
 -3.418  0.7195E-43
 -3.408  0.1719E-43
 -3.398  0.4063E-44
 -3.388  0.9498E-45
 -3.378  0.2197E-45
 -3.368  0.5026E-46
 -3.358  0.1138E-46
 -3.348  0.2547E-47
 -3.338  0.5642E-48
 -3.328  0.1236E-48
 -3.318  0.2680E-49
 -3.308  0.5747E-50
 -3.298  0.1219E-50
 -3.288  0.2558E-51
 -3.278  0.5311E-52
 -3.268  0.1091E-52
 -3.258  0.2216E-53
 -3.248  0.4454E-54
 -3.238  0.8855E-55
 -3.228  0.1742E-55
 -3.218  0.3389E-56
 -3.208  0.6522E-57
 -3.198  0.1242E-57
 -3.188  0.2339E-58
 -3.178  0.4359E-59
 -3.168  0.8036E-60
 -3.158  0.1465E-60
 -3.148  0.2643E-61
 -3.138  0.4717E-62
 -3.128  0.8328E-63
 -3.118  0.1454E-63
 -3.108  0.2513E-64
 -3.098  0.4295E-65
 -3.088  0.7261E-66
 -3.078  0.1215E-66
 -3.068  0.2010E-67
 -3.058  0.3289E-68
 -3.048  0.5326E-69
 -3.038  0.8532E-70
 -3.028  0.1352E-70
 -3.018  0.2119E-71
 -3.008  0.3287E-72
 -2.998  0.5056E-73
 -2.988  0.8590E-74
 -2.978  0.7372E-74
 -2.968  0.4099E-73
 -2.958  0.2648E-72
 -2.948  0.1700E-71
 -2.938  0.1079E-70
 -2.928  0.6778E-70
 -2.918  0.4212E-69
 -2.908  0.2589E-68
 -2.898  0.1574E-67
 -2.888  0.9470E-67
 -2.878  0.5636E-66
 -2.868  0.3318E-65
 -2.858  0.1932E-64
 -2.848  0.1113E-63
 -2.838  0.6344E-63
 -2.828  0.3576E-62
 -2.818  0.1995E-61
 -2.808  0.1101E-60
 -2.798  0.6007E-60
 -2.788  0.3243E-59
 -2.778  0.1732E-58
 -2.768  0.9154E-58
 -2.758  0.4785E-57
 -2.748  0.2474E-56
 -2.738  0.1266E-55
 -2.728  0.6406E-55
 -2.718  0.3207E-54
 -2.708  0.1588E-53
 -2.698  0.7780E-53
 -2.688  0.3771E-52
 -2.678  0.1808E-51
 -2.668  0.8574E-51
 -2.658  0.4023E-50
 -2.648  0.1867E-49
 -2.638  0.8574E-49
 -2.628  0.3894E-48
 -2.618  0.1750E-47
 -2.608  0.7779E-47
 -2.598  0.3421E-46
 -2.588  0.1488E-45
 -2.578  0.6404E-45
 -2.568  0.2726E-44
 -2.558  0.1148E-43
 -2.548  0.4783E-43
 -2.538  0.1971E-42
 -2.528  0.8038E-42
 -2.518  0.3242E-41
 -2.508  0.1293E-40
 -2.498  0.5105E-40
 -2.488  0.1993E-39
 -2.478  0.7700E-39
 -2.468  0.2942E-38
 -2.458  0.1112E-37
 -2.448  0.4159E-37
 -2.438  0.1539E-36
 -2.428  0.5631E-36
 -2.418  0.2039E-35
 -2.408  0.7301E-35
 -2.398  0.2587E-34
 -2.388  0.9065E-34
 -2.378  0.3143E-33
 -2.368  0.1078E-32
 -2.358  0.3658E-32
 -2.348  0.1228E-31
 -2.338  0.4077E-31
 -2.328  0.1339E-30
 -2.318  0.4352E-30
 -2.308  0.1399E-29
 -2.298  0.4448E-29
 -2.288  0.1399E-28
 -2.278  0.4355E-28
 -2.268  0.1341E-27
 -2.258  0.4083E-27
 -2.248  0.1230E-26
 -2.238  0.3667E-26
 -2.228  0.1081E-25
 -2.218  0.3153E-25
 -2.208  0.9098E-25
 -2.198  0.2597E-24
 -2.188  0.7333E-24
 -2.178  0.2048E-23
 -2.168  0.5661E-23
 -2.158  0.1547E-22
 -2.148  0.4185E-22
 -2.138  0.1120E-21
 -2.128  0.2963E-21
 -2.118  0.7757E-21
 -2.108  0.2009E-20
 -2.098  0.5147E-20
 -2.088  0.1305E-19
 -2.078  0.3271E-19
 -2.068  0.8113E-19
 -2.058  0.1991E-18
 -2.048  0.4833E-18
 -2.038  0.1160E-17
 -2.028  0.2757E-17
 -2.018  0.6478E-17
 -2.008  0.1506E-16
 -1.998  0.3464E-16
 -1.988  0.7880E-16
 -1.978  0.1774E-15
 -1.968  0.3949E-15
 -1.958  0.8697E-15
 -1.948  0.1895E-14
 -1.938  0.4085E-14
 -1.928  0.8711E-14
 -1.918  0.1838E-13
 -1.908  0.3835E-13
 -1.898  0.7917E-13
 -1.888  0.1617E-12
 -1.878  0.3267E-12
 -1.868  0.6530E-12
 -1.858  0.1291E-11
 -1.848  0.2526E-11
 -1.838  0.4887E-11
 -1.828  0.9357E-11
 -1.818  0.1772E-10
 -1.808  0.3320E-10
 -1.798  0.6155E-10
 -1.788  0.1129E-09
 -1.778  0.2048E-09
 -1.768  0.3675E-09
 -1.758  0.6526E-09
 -1.748  0.1147E-08
 -1.738  0.1993E-08
 -1.728  0.3427E-08
 -1.718  0.5830E-08
 -1.708  0.9813E-08
 -1.698  0.1634E-07
 -1.688  0.2693E-07
 -1.678  0.4391E-07
 -1.668  0.7083E-07
 -1.658  0.1131E-06
 -1.648  0.1786E-06
 -1.638  0.2791E-06
 -1.628  0.4317E-06
 -1.618  0.6608E-06
 -1.608  0.1001E-05
 -1.598  0.1501E-05
 -1.588  0.2227E-05
 -1.578  0.3270E-05
 -1.568  0.4754E-05
 -1.558  0.6842E-05
 -1.548  0.9748E-05
 -1.538  0.1375E-04
 -1.528  0.1921E-04
 -1.518  0.2656E-04
 -1.508  0.3638E-04
 -1.498  0.4936E-04
 -1.488  0.6633E-04
 -1.478  0.8830E-04
 -1.468  0.1165E-03
 -1.458  0.1522E-03
 -1.448  0.1972E-03
 -1.438  0.2533E-03
 -1.428  0.3224E-03
 -1.418  0.4069E-03
 -1.408  0.5092E-03
 -1.398  0.6321E-03
 -1.388  0.7782E-03
 -1.378  0.9505E-03
 -1.368  0.1152E-02
 -1.358  0.1385E-02
 -1.348  0.1653E-02
 -1.338  0.1957E-02
 -1.328  0.2300E-02
 -1.318  0.2682E-02
 -1.308  0.3105E-02
 -1.298  0.3568E-02
 -1.288  0.4068E-02
 -1.278  0.4604E-02
 -1.268  0.5170E-02
 -1.258  0.5761E-02
 -1.248  0.6369E-02
 -1.238  0.6986E-02
 -1.228  0.7600E-02
 -1.218  0.8200E-02
 -1.208  0.8774E-02
 -1.198  0.9309E-02
 -1.188  0.9790E-02
 -1.178  0.1021E-01
 -1.168  0.1055E-01
 -1.158  0.1080E-01
 -1.148  0.1095E-01
 -1.138  0.1101E-01
 -1.128  0.1096E-01
 -1.118  0.1081E-01
 -1.108  0.1056E-01
 -1.098  0.1021E-01
 -1.088  0.9779E-02
 -1.078  0.9272E-02
 -1.068  0.8704E-02
 -1.058  0.8089E-02
 -1.048  0.7441E-02
 -1.038  0.6776E-02
 -1.028  0.6107E-02
 -1.018  0.5448E-02
 -1.008  0.4811E-02
 -0.998  0.4205E-02
 -0.988  0.3638E-02
 -0.978  0.3117E-02
 -0.968  0.2644E-02
 -0.958  0.2224E-02
 -0.948  0.1855E-02
 -0.938  0.1538E-02
 -0.928  0.1271E-02
 -0.918  0.1052E-02
 -0.908  0.8792E-03
 -0.898  0.7491E-03
 -0.888  0.6598E-03
 -0.878  0.6096E-03
 -0.868  0.5970E-03
 -0.858  0.6214E-03
 -0.848  0.6828E-03
 -0.838  0.7815E-03
 -0.828  0.9185E-03
 -0.818  0.1095E-02
 -0.808  0.1313E-02
 -0.798  0.1573E-02
 -0.788  0.1877E-02
 -0.778  0.2225E-02
 -0.768  0.2617E-02
 -0.758  0.3052E-02
 -0.748  0.3528E-02
 -0.738  0.4042E-02
 -0.728  0.4590E-02
 -0.718  0.5166E-02
 -0.708  0.5765E-02
 -0.698  0.6381E-02
 -0.688  0.7007E-02
 -0.678  0.7638E-02
 -0.668  0.8267E-02
 -0.658  0.8892E-02
 -0.648  0.9510E-02
 -0.638  0.1012E-01
 -0.628  0.1073E-01
 -0.618  0.1133E-01
 -0.608  0.1194E-01
 -0.598  0.1256E-01
 -0.588  0.1321E-01
 -0.578  0.1388E-01
 -0.568  0.1460E-01
 -0.558  0.1537E-01
 -0.548  0.1619E-01
 -0.538  0.1706E-01
 -0.528  0.1800E-01
 -0.518  0.1898E-01
 -0.508  0.1999E-01
 -0.498  0.2103E-01
 -0.488  0.2206E-01
 -0.478  0.2307E-01
 -0.468  0.2403E-01
 -0.458  0.2490E-01
 -0.448  0.2566E-01
 -0.438  0.2628E-01
 -0.428  0.2674E-01
 -0.418  0.2702E-01
 -0.408  0.2709E-01
 -0.398  0.2696E-01
 -0.388  0.2662E-01
 -0.378  0.2608E-01
 -0.368  0.2535E-01
 -0.358  0.2446E-01
 -0.348  0.2342E-01
 -0.338  0.2227E-01
 -0.328  0.2104E-01
 -0.318  0.1976E-01
 -0.308  0.1847E-01
 -0.298  0.1719E-01
 -0.288  0.1596E-01
 -0.278  0.1479E-01
 -0.268  0.1370E-01
 -0.258  0.1270E-01
 -0.248  0.1181E-01
 -0.238  0.1102E-01
 -0.228  0.1033E-01
 -0.218  0.9731E-02
 -0.208  0.9213E-02
 -0.198  0.8763E-02
 -0.188  0.8368E-02
 -0.178  0.8014E-02
 -0.168  0.7688E-02
 -0.158  0.7379E-02
 -0.148  0.7077E-02
 -0.138  0.6776E-02
 -0.128  0.6473E-02
 -0.118  0.6166E-02
 -0.108  0.5859E-02
 -0.098  0.5555E-02
 -0.088  0.5262E-02
 -0.078  0.4986E-02
 -0.068  0.4739E-02
 -0.058  0.4529E-02
 -0.048  0.4367E-02
 -0.038  0.4261E-02
 -0.028  0.4219E-02
 -0.018  0.4249E-02
 -0.008  0.4355E-02
  0.002  0.4539E-02
  0.012  0.4803E-02
  0.022  0.5145E-02
  0.032  0.5561E-02
  0.042  0.6045E-02
  0.052  0.6588E-02
  0.062  0.7182E-02
  0.072  0.7815E-02
  0.082  0.8474E-02
  0.092  0.9145E-02
  0.102  0.9816E-02
  0.112  0.1047E-01
  0.122  0.1110E-01
  0.132  0.1168E-01
  0.142  0.1221E-01
  0.152  0.1268E-01
  0.162  0.1307E-01
  0.172  0.1339E-01
  0.182  0.1362E-01
  0.192  0.1377E-01
  0.202  0.1382E-01
  0.212  0.1380E-01
  0.222  0.1370E-01
  0.232  0.1352E-01
  0.242  0.1329E-01
  0.252  0.1300E-01
  0.262  0.1267E-01
  0.272  0.1230E-01
  0.282  0.1192E-01
  0.292  0.1153E-01
  0.302  0.1114E-01
  0.312  0.1076E-01
  0.322  0.1040E-01
  0.332  0.1005E-01
  0.342  0.9726E-02
  0.352  0.9423E-02
  0.362  0.9139E-02
  0.372  0.8870E-02
  0.382  0.8610E-02
  0.392  0.8353E-02
  0.402  0.8093E-02
  0.412  0.7824E-02
  0.422  0.7541E-02
  0.432  0.7238E-02
  0.442  0.6914E-02
  0.452  0.6567E-02
  0.462  0.6198E-02
  0.472  0.5808E-02
  0.482  0.5402E-02
  0.492  0.4983E-02
  0.502  0.4558E-02
  0.512  0.4132E-02
  0.522  0.3712E-02
  0.532  0.3303E-02
  0.542  0.2911E-02
  0.552  0.2540E-02
  0.562  0.2194E-02
  0.572  0.1877E-02
  0.582  0.1589E-02
  0.592  0.1331E-02
  0.602  0.1104E-02
  0.612  0.9061E-03
  0.622  0.7359E-03
  0.632  0.5914E-03
  0.642  0.4703E-03
  0.652  0.3701E-03
  0.662  0.2881E-03
  0.672  0.2220E-03
  0.682  0.1692E-03
  0.692  0.1276E-03
  0.702  0.9523E-04
  0.712  0.7031E-04
  0.722  0.5137E-04
  0.732  0.3713E-04
  0.742  0.2655E-04
  0.752  0.1878E-04
  0.762  0.1315E-04
  0.772  0.9107E-05
  0.782  0.6241E-05
  0.792  0.4231E-05
  0.802  0.2838E-05
  0.812  0.1883E-05
  0.822  0.1237E-05
  0.832  0.8034E-06
  0.842  0.5163E-06
