 -5.548  0.4977E-06
 -5.538  0.7694E-06
 -5.528  0.1177E-05
 -5.518  0.1780E-05
 -5.508  0.2665E-05
 -5.498  0.3946E-05
 -5.488  0.5781E-05
 -5.478  0.8377E-05
 -5.468  0.1201E-04
 -5.458  0.1704E-04
 -5.448  0.2390E-04
 -5.438  0.3318E-04
 -5.428  0.4558E-04
 -5.418  0.6193E-04
 -5.408  0.8326E-04
 -5.398  0.1108E-03
 -5.388  0.1458E-03
 -5.378  0.1898E-03
 -5.368  0.2446E-03
 -5.358  0.3119E-03
 -5.348  0.3936E-03
 -5.338  0.4916E-03
 -5.328  0.6077E-03
 -5.318  0.7435E-03
 -5.308  0.9006E-03
 -5.298  0.1080E-02
 -5.288  0.1283E-02
 -5.278  0.1509E-02
 -5.268  0.1758E-02
 -5.258  0.2029E-02
 -5.248  0.2322E-02
 -5.238  0.2634E-02
 -5.228  0.2964E-02
 -5.218  0.3309E-02
 -5.208  0.3668E-02
 -5.198  0.4037E-02
 -5.188  0.4416E-02
 -5.178  0.4803E-02
 -5.168  0.5197E-02
 -5.158  0.5599E-02
 -5.148  0.6010E-02
 -5.138  0.6431E-02
 -5.128  0.6865E-02
 -5.118  0.7314E-02
 -5.108  0.7781E-02
 -5.098  0.8268E-02
 -5.088  0.8779E-02
 -5.078  0.9315E-02
 -5.068  0.9877E-02
 -5.058  0.1046E-01
 -5.048  0.1108E-01
 -5.038  0.1171E-01
 -5.028  0.1236E-01
 -5.018  0.1303E-01
 -5.008  0.1371E-01
 -4.998  0.1438E-01
 -4.988  0.1505E-01
 -4.978  0.1570E-01
 -4.968  0.1633E-01
 -4.958  0.1693E-01
 -4.948  0.1749E-01
 -4.938  0.1800E-01
 -4.928  0.1845E-01
 -4.918  0.1884E-01
 -4.908  0.1917E-01
 -4.898  0.1942E-01
 -4.888  0.1960E-01
 -4.878  0.1969E-01
 -4.868  0.1971E-01
 -4.858  0.1965E-01
 -4.848  0.1950E-01
 -4.838  0.1927E-01
 -4.828  0.1897E-01
 -4.818  0.1860E-01
 -4.808  0.1816E-01
 -4.798  0.1765E-01
 -4.788  0.1708E-01
 -4.778  0.1645E-01
 -4.768  0.1578E-01
 -4.758  0.1506E-01
 -4.748  0.1430E-01
 -4.738  0.1351E-01
 -4.728  0.1270E-01
 -4.718  0.1186E-01
 -4.708  0.1102E-01
 -4.698  0.1017E-01
 -4.688  0.9320E-02
 -4.678  0.8485E-02
 -4.668  0.7669E-02
 -4.658  0.6879E-02
 -4.648  0.6123E-02
 -4.638  0.5405E-02
 -4.628  0.4732E-02
 -4.618  0.4108E-02
 -4.608  0.3534E-02
 -4.598  0.3013E-02
 -4.588  0.2546E-02
 -4.578  0.2130E-02
 -4.568  0.1766E-02
 -4.558  0.1450E-02
 -4.548  0.1178E-02
 -4.538  0.9485E-03
 -4.528  0.7558E-03
 -4.518  0.5961E-03
 -4.508  0.4654E-03
 -4.498  0.3597E-03
 -4.488  0.2751E-03
 -4.478  0.2082E-03
 -4.468  0.1560E-03
 -4.458  0.1156E-03
 -4.448  0.8479E-04
 -4.438  0.6154E-04
 -4.428  0.4419E-04
 -4.418  0.3140E-04
 -4.408  0.2207E-04
 -4.398  0.1535E-04
 -4.388  0.1056E-04
 -4.378  0.7192E-05
 -4.368  0.4844E-05
 -4.358  0.3228E-05
 -4.348  0.2128E-05
 -4.338  0.1388E-05
 -4.328  0.8956E-06
 -4.318  0.5717E-06
 -4.308  0.3610E-06
 -4.298  0.2255E-06
 -4.288  0.1394E-06
 -4.278  0.8523E-07
 -4.268  0.5155E-07
 -4.258  0.3085E-07
 -4.248  0.1826E-07
 -4.238  0.1069E-07
 -4.228  0.6196E-08
 -4.218  0.3551E-08
 -4.208  0.2013E-08
 -4.198  0.1129E-08
 -4.188  0.6265E-09
 -4.178  0.3439E-09
 -4.168  0.1867E-09
 -4.158  0.1003E-09
 -4.148  0.5330E-10
 -4.138  0.2802E-10
 -4.128  0.1457E-10
 -4.118  0.7496E-11
 -4.108  0.3815E-11
 -4.098  0.1921E-11
 -4.088  0.9566E-12
 -4.078  0.4713E-12
 -4.068  0.2297E-12
 -4.058  0.1108E-12
 -4.048  0.5283E-13
 -4.038  0.2493E-13
 -4.028  0.1164E-13
 -4.018  0.5374E-14
 -4.008  0.2455E-14
 -3.998  0.1109E-14
 -3.988  0.4959E-15
 -3.978  0.2193E-15
 -3.968  0.9596E-16
 -3.958  0.4153E-16
 -3.948  0.1778E-16
 -3.938  0.7531E-17
 -3.928  0.3155E-17
 -3.918  0.1308E-17
 -3.908  0.5363E-18
 -3.898  0.2175E-18
 -3.888  0.8729E-19
 -3.878  0.3465E-19
 -3.868  0.1361E-19
 -3.858  0.5286E-20
 -3.848  0.2031E-20
 -3.838  0.7723E-21
 -3.828  0.2904E-21
 -3.818  0.1081E-21
 -3.808  0.3977E-22
 -3.798  0.1448E-22
 -3.788  0.5215E-23
 -3.778  0.1858E-23
 -3.768  0.6550E-24
 -3.758  0.2284E-24
 -3.748  0.7879E-25
 -3.738  0.2688E-25
 -3.728  0.9076E-26
 -3.718  0.3031E-26
 -3.708  0.1001E-26
 -3.698  0.3272E-27
 -3.688  0.1058E-27
 -3.678  0.3383E-28
 -3.668  0.1070E-28
 -3.658  0.3350E-29
 -3.648  0.1037E-29
 -3.638  0.3177E-30
 -3.628  0.9627E-31
 -3.618  0.2886E-31
 -3.608  0.8557E-32
 -3.598  0.2510E-32
 -3.588  0.7284E-33
 -3.578  0.2091E-33
 -3.568  0.5938E-34
 -3.558  0.1668E-34
 -3.548  0.4636E-35
 -3.538  0.1275E-35
 -3.528  0.3467E-36
 -3.518  0.9327E-37
 -3.508  0.2482E-37
 -3.498  0.6536E-38
 -3.488  0.1702E-38
 -3.478  0.4387E-39
 -3.468  0.1118E-39
 -3.458  0.2820E-40
 -3.448  0.7034E-41
 -3.438  0.1736E-41
 -3.428  0.4237E-42
 -3.418  0.1023E-42
 -3.408  0.2445E-43
 -3.398  0.5778E-44
 -3.388  0.1351E-44
 -3.378  0.3124E-45
 -3.368  0.7148E-46
 -3.358  0.1618E-46
 -3.348  0.3623E-47
 -3.338  0.8025E-48
 -3.328  0.1758E-48
 -3.318  0.3812E-49
 -3.308  0.8173E-50
 -3.298  0.1734E-50
 -3.288  0.3639E-51
 -3.278  0.7554E-52
 -3.268  0.1551E-52
 -3.258  0.3152E-53
 -3.248  0.6334E-54
 -3.238  0.1259E-54
 -3.228  0.2477E-55
 -3.218  0.4819E-56
 -3.208  0.9276E-57
 -3.198  0.1766E-57
 -3.188  0.3327E-58
 -3.178  0.6200E-59
 -3.168  0.1143E-59
 -3.158  0.2084E-60
 -3.148  0.3759E-61
 -3.138  0.6709E-62
 -3.128  0.1184E-62
 -3.118  0.2069E-63
 -3.108  0.3574E-64
 -3.098  0.6108E-65
 -3.088  0.1033E-65
 -3.078  0.1727E-66
 -3.068  0.2858E-67
 -3.058  0.4678E-68
 -3.048  0.7575E-69
 -3.038  0.1213E-69
 -3.028  0.1923E-70
 -3.018  0.3014E-71
 -3.008  0.4674E-72
 -2.998  0.7187E-73
 -2.988  0.1203E-73
 -2.978  0.9269E-74
 -2.968  0.5032E-73
 -2.958  0.3249E-72
 -2.948  0.2085E-71
 -2.938  0.1324E-70
 -2.928  0.8316E-70
 -2.918  0.5168E-69
 -2.908  0.3176E-68
 -2.898  0.1932E-67
 -2.888  0.1162E-66
 -2.878  0.6914E-66
 -2.868  0.4070E-65
 -2.858  0.2370E-64
 -2.848  0.1366E-63
 -2.838  0.7783E-63
 -2.828  0.4388E-62
 -2.818  0.2447E-61
 -2.808  0.1350E-60
 -2.798  0.7370E-60
 -2.788  0.3979E-59
 -2.778  0.2125E-58
 -2.768  0.1123E-57
 -2.758  0.5871E-57
 -2.748  0.3036E-56
 -2.738  0.1553E-55
 -2.728  0.7859E-55
 -2.718  0.3934E-54
 -2.708  0.1948E-53
 -2.698  0.9545E-53
 -2.688  0.4626E-52
 -2.678  0.2218E-51
 -2.668  0.1052E-50
 -2.658  0.4936E-50
 -2.648  0.2291E-49
 -2.638  0.1052E-48
 -2.628  0.4778E-48
 -2.618  0.2147E-47
 -2.608  0.9544E-47
 -2.598  0.4197E-46
 -2.588  0.1826E-45
 -2.578  0.7857E-45
 -2.568  0.3345E-44
 -2.558  0.1409E-43
 -2.548  0.5869E-43
 -2.538  0.2419E-42
 -2.528  0.9861E-42
 -2.518  0.3977E-41
 -2.508  0.1587E-40
 -2.498  0.6264E-40
 -2.488  0.2446E-39
 -2.478  0.9447E-39
 -2.468  0.3610E-38
 -2.458  0.1365E-37
 -2.448  0.5103E-37
 -2.438  0.1888E-36
 -2.428  0.6908E-36
 -2.418  0.2501E-35
 -2.408  0.8957E-35
 -2.398  0.3173E-34
 -2.388  0.1112E-33
 -2.378  0.3856E-33
 -2.368  0.1323E-32
 -2.358  0.4488E-32
 -2.348  0.1506E-31
 -2.338  0.5002E-31
 -2.328  0.1643E-30
 -2.318  0.5339E-30
 -2.308  0.1716E-29
 -2.298  0.5458E-29
 -2.288  0.1717E-28
 -2.278  0.5343E-28
 -2.268  0.1645E-27
 -2.258  0.5010E-27
 -2.248  0.1509E-26
 -2.238  0.4499E-26
 -2.228  0.1326E-25
 -2.218  0.3869E-25
 -2.208  0.1116E-24
 -2.198  0.3186E-24
 -2.188  0.8997E-24
 -2.178  0.2513E-23
 -2.168  0.6945E-23
 -2.158  0.1899E-22
 -2.148  0.5134E-22
 -2.138  0.1374E-21
 -2.128  0.3635E-21
 -2.118  0.9517E-21
 -2.108  0.2465E-20
 -2.098  0.6315E-20
 -2.088  0.1601E-19
 -2.078  0.4013E-19
 -2.068  0.9955E-19
 -2.058  0.2443E-18
 -2.048  0.5929E-18
 -2.038  0.1424E-17
 -2.028  0.3382E-17
 -2.018  0.7949E-17
 -2.008  0.1848E-16
 -1.998  0.4250E-16
 -1.988  0.9669E-16
 -1.978  0.2176E-15
 -1.968  0.4845E-15
 -1.958  0.1067E-14
 -1.948  0.2325E-14
 -1.938  0.5013E-14
 -1.928  0.1069E-13
 -1.918  0.2255E-13
 -1.908  0.4706E-13
 -1.898  0.9716E-13
 -1.888  0.1984E-12
 -1.878  0.4010E-12
 -1.868  0.8014E-12
 -1.858  0.1585E-11
 -1.848  0.3100E-11
 -1.838  0.6000E-11
 -1.828  0.1149E-10
 -1.818  0.2176E-10
 -1.808  0.4077E-10
 -1.798  0.7558E-10
 -1.788  0.1386E-09
 -1.778  0.2515E-09
 -1.768  0.4515E-09
 -1.758  0.8018E-09
 -1.748  0.1409E-08
 -1.738  0.2449E-08
 -1.728  0.4212E-08
 -1.718  0.7168E-08
 -1.708  0.1207E-07
 -1.698  0.2010E-07
 -1.688  0.3314E-07
 -1.678  0.5404E-07
 -1.668  0.8721E-07
 -1.658  0.1393E-06
 -1.648  0.2201E-06
 -1.638  0.3441E-06
 -1.628  0.5325E-06
 -1.618  0.8156E-06
 -1.608  0.1236E-05
 -1.598  0.1855E-05
 -1.588  0.2754E-05
 -1.578  0.4048E-05
 -1.568  0.5891E-05
 -1.558  0.8486E-05
 -1.548  0.1210E-04
 -1.538  0.1710E-04
 -1.528  0.2391E-04
 -1.518  0.3311E-04
 -1.508  0.4543E-04
 -1.498  0.6173E-04
 -1.488  0.8311E-04
 -1.478  0.1109E-03
 -1.468  0.1465E-03
 -1.458  0.1920E-03
 -1.448  0.2493E-03
 -1.438  0.3209E-03
 -1.428  0.4095E-03
 -1.418  0.5183E-03
 -1.408  0.6506E-03
 -1.398  0.8099E-03
 -1.388  0.1000E-02
 -1.378  0.1225E-02
 -1.368  0.1490E-02
 -1.358  0.1797E-02
 -1.348  0.2151E-02
 -1.338  0.2555E-02
 -1.328  0.3012E-02
 -1.318  0.3524E-02
 -1.308  0.4092E-02
 -1.298  0.4714E-02
 -1.288  0.5390E-02
 -1.278  0.6115E-02
 -1.268  0.6883E-02
 -1.258  0.7686E-02
 -1.248  0.8514E-02
 -1.238  0.9354E-02
 -1.228  0.1019E-01
 -1.218  0.1101E-01
 -1.208  0.1179E-01
 -1.198  0.1252E-01
 -1.188  0.1318E-01
 -1.178  0.1375E-01
 -1.168  0.1421E-01
 -1.158  0.1455E-01
 -1.148  0.1476E-01
 -1.138  0.1483E-01
 -1.128  0.1476E-01
 -1.118  0.1455E-01
 -1.108  0.1420E-01
 -1.098  0.1372E-01
 -1.088  0.1313E-01
 -1.078  0.1244E-01
 -1.068  0.1166E-01
 -1.058  0.1083E-01
 -1.048  0.9948E-02
 -1.038  0.9047E-02
 -1.028  0.8144E-02
 -1.018  0.7255E-02
 -1.008  0.6398E-02
 -0.998  0.5584E-02
 -0.988  0.4824E-02
 -0.978  0.4127E-02
 -0.968  0.3497E-02
 -0.958  0.2936E-02
 -0.948  0.2447E-02
 -0.938  0.2027E-02
 -0.928  0.1675E-02
 -0.918  0.1387E-02
 -0.908  0.1161E-02
 -0.898  0.9926E-03
 -0.888  0.8789E-03
 -0.878  0.8174E-03
 -0.868  0.8065E-03
 -0.858  0.8449E-03
 -0.848  0.9326E-03
 -0.838  0.1070E-02
 -0.828  0.1258E-02
 -0.818  0.1498E-02
 -0.808  0.1791E-02
 -0.798  0.2139E-02
 -0.788  0.2541E-02
 -0.778  0.2999E-02
 -0.768  0.3510E-02
 -0.758  0.4071E-02
 -0.748  0.4679E-02
 -0.738  0.5327E-02
 -0.728  0.6008E-02
 -0.718  0.6715E-02
 -0.708  0.7436E-02
 -0.698  0.8163E-02
 -0.688  0.8885E-02
 -0.678  0.9594E-02
 -0.668  0.1028E-01
 -0.658  0.1094E-01
 -0.648  0.1157E-01
 -0.638  0.1217E-01
 -0.628  0.1274E-01
 -0.618  0.1329E-01
 -0.608  0.1382E-01
 -0.598  0.1436E-01
 -0.588  0.1491E-01
 -0.578  0.1549E-01
 -0.568  0.1612E-01
 -0.558  0.1681E-01
 -0.548  0.1757E-01
 -0.538  0.1840E-01
 -0.528  0.1933E-01
 -0.518  0.2033E-01
 -0.508  0.2140E-01
 -0.498  0.2254E-01
 -0.488  0.2370E-01
 -0.478  0.2488E-01
 -0.468  0.2604E-01
 -0.458  0.2714E-01
 -0.448  0.2815E-01
 -0.438  0.2903E-01
 -0.428  0.2975E-01
 -0.418  0.3029E-01
 -0.408  0.3062E-01
 -0.398  0.3072E-01
 -0.388  0.3059E-01
 -0.378  0.3022E-01
 -0.368  0.2964E-01
 -0.358  0.2885E-01
 -0.348  0.2787E-01
 -0.338  0.2675E-01
 -0.328  0.2551E-01
 -0.318  0.2419E-01
 -0.308  0.2283E-01
 -0.298  0.2146E-01
 -0.288  0.2012E-01
 -0.278  0.1883E-01
 -0.268  0.1761E-01
 -0.258  0.1649E-01
 -0.248  0.1547E-01
 -0.238  0.1455E-01
 -0.228  0.1374E-01
 -0.218  0.1303E-01
 -0.208  0.1240E-01
 -0.198  0.1185E-01
 -0.188  0.1135E-01
 -0.178  0.1090E-01
 -0.168  0.1047E-01
 -0.158  0.1005E-01
 -0.148  0.9636E-02
 -0.138  0.9215E-02
 -0.128  0.8785E-02
 -0.118  0.8344E-02
 -0.108  0.7894E-02
 -0.098  0.7442E-02
 -0.088  0.6996E-02
 -0.078  0.6566E-02
 -0.068  0.6164E-02
 -0.058  0.5801E-02
 -0.048  0.5490E-02
 -0.038  0.5241E-02
 -0.028  0.5066E-02
 -0.018  0.4973E-02
 -0.008  0.4967E-02
  0.002  0.5054E-02
  0.012  0.5236E-02
  0.022  0.5512E-02
  0.032  0.5878E-02
  0.042  0.6331E-02
  0.052  0.6861E-02
  0.062  0.7461E-02
  0.072  0.8118E-02
  0.082  0.8821E-02
  0.092  0.9554E-02
  0.102  0.1031E-01
  0.112  0.1106E-01
  0.122  0.1180E-01
  0.132  0.1251E-01
  0.142  0.1318E-01
  0.152  0.1379E-01
  0.162  0.1433E-01
  0.172  0.1480E-01
  0.182  0.1518E-01
  0.192  0.1547E-01
  0.202  0.1566E-01
  0.212  0.1576E-01
  0.222  0.1576E-01
  0.232  0.1567E-01
  0.242  0.1550E-01
  0.252  0.1526E-01
  0.262  0.1495E-01
  0.272  0.1460E-01
  0.282  0.1420E-01
  0.292  0.1378E-01
  0.302  0.1335E-01
  0.312  0.1291E-01
  0.322  0.1248E-01
  0.332  0.1207E-01
  0.342  0.1167E-01
  0.352  0.1128E-01
  0.362  0.1092E-01
  0.372  0.1057E-01
  0.382  0.1023E-01
  0.392  0.9896E-02
  0.402  0.9559E-02
  0.412  0.9215E-02
  0.422  0.8857E-02
  0.432  0.8481E-02
  0.442  0.8083E-02
  0.452  0.7662E-02
  0.462  0.7219E-02
  0.472  0.6755E-02
  0.482  0.6275E-02
  0.492  0.5783E-02
  0.502  0.5285E-02
  0.512  0.4788E-02
  0.522  0.4299E-02
  0.532  0.3823E-02
  0.542  0.3369E-02
  0.552  0.2939E-02
  0.562  0.2539E-02
  0.572  0.2171E-02
  0.582  0.1838E-02
  0.592  0.1540E-02
  0.602  0.1277E-02
  0.612  0.1049E-02
  0.622  0.8517E-03
  0.632  0.6846E-03
  0.642  0.5445E-03
  0.652  0.4285E-03
  0.662  0.3337E-03
  0.672  0.2572E-03
  0.682  0.1961E-03
  0.692  0.1479E-03
  0.702  0.1104E-03
  0.712  0.8154E-04
  0.722  0.5958E-04
  0.732  0.4307E-04
  0.742  0.3081E-04
  0.752  0.2181E-04
  0.762  0.1527E-04
  0.772  0.1058E-04
  0.782  0.7250E-05
  0.792  0.4917E-05
  0.802  0.3299E-05
  0.812  0.2190E-05
  0.822  0.1438E-05
  0.832  0.9346E-06
  0.842  0.6008E-06
