 -5.548  0.7088E-08
 -5.538  0.1096E-07
 -5.528  0.1677E-07
 -5.518  0.2538E-07
 -5.508  0.3800E-07
 -5.498  0.5628E-07
 -5.488  0.8249E-07
 -5.478  0.1196E-06
 -5.468  0.1716E-06
 -5.458  0.2436E-06
 -5.448  0.3421E-06
 -5.438  0.4754E-06
 -5.428  0.6537E-06
 -5.418  0.8896E-06
 -5.408  0.1198E-05
 -5.398  0.1597E-05
 -5.388  0.2107E-05
 -5.378  0.2752E-05
 -5.368  0.3559E-05
 -5.358  0.4556E-05
 -5.348  0.5777E-05
 -5.338  0.7255E-05
 -5.328  0.9027E-05
 -5.318  0.1113E-04
 -5.308  0.1360E-04
 -5.298  0.1649E-04
 -5.288  0.1982E-04
 -5.278  0.2364E-04
 -5.268  0.2799E-04
 -5.258  0.3292E-04
 -5.248  0.3848E-04
 -5.238  0.4470E-04
 -5.228  0.5166E-04
 -5.218  0.5941E-04
 -5.208  0.6802E-04
 -5.198  0.7758E-04
 -5.188  0.8817E-04
 -5.178  0.9987E-04
 -5.168  0.1128E-03
 -5.158  0.1270E-03
 -5.148  0.1425E-03
 -5.138  0.1594E-03
 -5.128  0.1778E-03
 -5.118  0.1975E-03
 -5.108  0.2186E-03
 -5.098  0.2409E-03
 -5.088  0.2641E-03
 -5.078  0.2881E-03
 -5.068  0.3126E-03
 -5.058  0.3372E-03
 -5.048  0.3614E-03
 -5.038  0.3850E-03
 -5.028  0.4074E-03
 -5.018  0.4283E-03
 -5.008  0.4472E-03
 -4.998  0.4638E-03
 -4.988  0.4779E-03
 -4.978  0.4892E-03
 -4.968  0.4976E-03
 -4.958  0.5031E-03
 -4.948  0.5058E-03
 -4.938  0.5059E-03
 -4.928  0.5034E-03
 -4.918  0.4987E-03
 -4.908  0.4922E-03
 -4.898  0.4840E-03
 -4.888  0.4747E-03
 -4.878  0.4644E-03
 -4.868  0.4535E-03
 -4.858  0.4422E-03
 -4.848  0.4307E-03
 -4.838  0.4191E-03
 -4.828  0.4074E-03
 -4.818  0.3959E-03
 -4.808  0.3842E-03
 -4.798  0.3726E-03
 -4.788  0.3607E-03
 -4.778  0.3485E-03
 -4.768  0.3360E-03
 -4.758  0.3229E-03
 -4.748  0.3092E-03
 -4.738  0.2948E-03
 -4.728  0.2798E-03
 -4.718  0.2641E-03
 -4.708  0.2479E-03
 -4.698  0.2311E-03
 -4.688  0.2140E-03
 -4.678  0.1967E-03
 -4.668  0.1794E-03
 -4.658  0.1623E-03
 -4.648  0.1456E-03
 -4.638  0.1295E-03
 -4.628  0.1141E-03
 -4.618  0.9963E-04
 -4.608  0.8619E-04
 -4.598  0.7385E-04
 -4.588  0.6266E-04
 -4.578  0.5265E-04
 -4.568  0.4379E-04
 -4.558  0.3606E-04
 -4.548  0.2940E-04
 -4.538  0.2372E-04
 -4.528  0.1894E-04
 -4.518  0.1497E-04
 -4.508  0.1171E-04
 -4.498  0.9060E-05
 -4.488  0.6938E-05
 -4.478  0.5258E-05
 -4.468  0.3942E-05
 -4.458  0.2925E-05
 -4.448  0.2147E-05
 -4.438  0.1559E-05
 -4.428  0.1120E-05
 -4.418  0.7963E-06
 -4.408  0.5600E-06
 -4.398  0.3897E-06
 -4.388  0.2682E-06
 -4.378  0.1827E-06
 -4.368  0.1231E-06
 -4.358  0.8204E-07
 -4.348  0.5409E-07
 -4.338  0.3529E-07
 -4.328  0.2277E-07
 -4.318  0.1454E-07
 -4.308  0.9182E-08
 -4.298  0.5737E-08
 -4.288  0.3546E-08
 -4.278  0.2168E-08
 -4.268  0.1312E-08
 -4.258  0.7850E-09
 -4.248  0.4647E-09
 -4.238  0.2721E-09
 -4.228  0.1577E-09
 -4.218  0.9036E-10
 -4.208  0.5123E-10
 -4.198  0.2874E-10
 -4.188  0.1594E-10
 -4.178  0.8752E-11
 -4.168  0.4753E-11
 -4.158  0.2553E-11
 -4.148  0.1357E-11
 -4.138  0.7132E-12
 -4.128  0.3709E-12
 -4.118  0.1908E-12
 -4.108  0.9711E-13
 -4.098  0.4889E-13
 -4.088  0.2435E-13
 -4.078  0.1200E-13
 -4.068  0.5847E-14
 -4.058  0.2819E-14
 -4.048  0.1345E-14
 -4.038  0.6346E-15
 -4.028  0.2962E-15
 -4.018  0.1368E-15
 -4.008  0.6249E-16
 -3.998  0.2824E-16
 -3.988  0.1262E-16
 -3.978  0.5583E-17
 -3.968  0.2443E-17
 -3.958  0.1057E-17
 -3.948  0.4526E-18
 -3.938  0.1917E-18
 -3.928  0.8032E-19
 -3.918  0.3329E-19
 -3.908  0.1365E-19
 -3.898  0.5537E-20
 -3.888  0.2222E-20
 -3.878  0.8820E-21
 -3.868  0.3464E-21
 -3.858  0.1346E-21
 -3.848  0.5171E-22
 -3.838  0.1966E-22
 -3.828  0.7393E-23
 -3.818  0.2751E-23
 -3.808  0.1012E-23
 -3.798  0.3686E-24
 -3.788  0.1328E-24
 -3.778  0.4730E-25
 -3.768  0.1667E-25
 -3.758  0.5814E-26
 -3.748  0.2005E-26
 -3.738  0.6843E-27
 -3.728  0.2310E-27
 -3.718  0.7715E-28
 -3.708  0.2549E-28
 -3.698  0.8329E-29
 -3.688  0.2693E-29
 -3.678  0.8612E-30
 -3.668  0.2725E-30
 -3.658  0.8528E-31
 -3.648  0.2640E-31
 -3.638  0.8087E-32
 -3.628  0.2450E-32
 -3.618  0.7345E-33
 -3.608  0.2178E-33
 -3.598  0.6389E-34
 -3.588  0.1854E-34
 -3.578  0.5322E-35
 -3.568  0.1511E-35
 -3.558  0.4246E-36
 -3.548  0.1180E-36
 -3.538  0.3244E-37
 -3.528  0.8824E-38
 -3.518  0.2374E-38
 -3.508  0.6319E-39
 -3.498  0.1664E-39
 -3.488  0.4333E-40
 -3.478  0.1117E-40
 -3.468  0.2846E-41
 -3.458  0.7177E-42
 -3.448  0.1790E-42
 -3.438  0.4418E-43
 -3.428  0.1079E-43
 -3.418  0.2605E-44
 -3.408  0.6223E-45
 -3.398  0.1471E-45
 -3.388  0.3438E-46
 -3.378  0.7952E-47
 -3.368  0.1819E-47
 -3.358  0.4118E-48
 -3.348  0.9221E-49
 -3.338  0.2042E-49
 -3.328  0.4476E-50
 -3.318  0.9702E-51
 -3.308  0.2080E-51
 -3.298  0.4413E-52
 -3.288  0.9261E-53
 -3.278  0.1923E-53
 -3.268  0.3948E-54
 -3.258  0.8022E-55
 -3.248  0.1612E-55
 -3.238  0.3205E-56
 -3.228  0.6304E-57
 -3.218  0.1227E-57
 -3.208  0.2361E-58
 -3.198  0.4496E-59
 -3.188  0.8468E-60
 -3.178  0.1578E-60
 -3.168  0.2909E-61
 -3.158  0.5304E-62
 -3.148  0.9569E-63
 -3.138  0.1708E-63
 -3.128  0.3015E-64
 -3.118  0.5265E-65
 -3.108  0.9096E-66
 -3.098  0.1555E-66
 -3.088  0.2628E-67
 -3.078  0.4396E-68
 -3.068  0.7274E-69
 -3.058  0.1191E-69
 -3.048  0.1928E-70
 -3.038  0.3088E-71
 -3.028  0.4894E-72
 -3.018  0.7671E-73
 -3.008  0.1190E-73
 -2.998  0.1839E-74
 -2.988  0.3701E-75
 -2.978  0.6592E-75
 -2.968  0.4057E-74
 -2.958  0.2628E-73
 -2.948  0.1687E-72
 -2.938  0.1071E-71
 -2.928  0.6727E-71
 -2.918  0.4180E-70
 -2.908  0.2569E-69
 -2.898  0.1562E-68
 -2.888  0.9399E-68
 -2.878  0.5593E-67
 -2.868  0.3293E-66
 -2.858  0.1917E-65
 -2.848  0.1105E-64
 -2.838  0.6296E-64
 -2.828  0.3549E-63
 -2.818  0.1980E-62
 -2.808  0.1092E-61
 -2.798  0.5962E-61
 -2.788  0.3219E-60
 -2.778  0.1719E-59
 -2.768  0.9085E-59
 -2.758  0.4749E-58
 -2.748  0.2456E-57
 -2.738  0.1256E-56
 -2.728  0.6357E-56
 -2.718  0.3183E-55
 -2.708  0.1576E-54
 -2.698  0.7722E-54
 -2.688  0.3742E-53
 -2.678  0.1794E-52
 -2.668  0.8510E-52
 -2.658  0.3993E-51
 -2.648  0.1853E-50
 -2.638  0.8509E-50
 -2.628  0.3865E-49
 -2.618  0.1737E-48
 -2.608  0.7720E-48
 -2.598  0.3395E-47
 -2.588  0.1477E-46
 -2.578  0.6355E-46
 -2.568  0.2706E-45
 -2.558  0.1139E-44
 -2.548  0.4747E-44
 -2.538  0.1956E-43
 -2.528  0.7977E-43
 -2.518  0.3217E-42
 -2.508  0.1284E-41
 -2.498  0.5067E-41
 -2.488  0.1978E-40
 -2.478  0.7642E-40
 -2.468  0.2920E-39
 -2.458  0.1104E-38
 -2.448  0.4128E-38
 -2.438  0.1527E-37
 -2.428  0.5588E-37
 -2.418  0.2023E-36
 -2.408  0.7246E-36
 -2.398  0.2567E-35
 -2.388  0.8997E-35
 -2.378  0.3119E-34
 -2.368  0.1070E-33
 -2.358  0.3630E-33
 -2.348  0.1218E-32
 -2.338  0.4046E-32
 -2.328  0.1329E-31
 -2.318  0.4319E-31
 -2.308  0.1388E-30
 -2.298  0.4415E-30
 -2.288  0.1389E-29
 -2.278  0.4322E-29
 -2.268  0.1331E-28
 -2.258  0.4052E-28
 -2.248  0.1221E-27
 -2.238  0.3639E-27
 -2.228  0.1073E-26
 -2.218  0.3129E-26
 -2.208  0.9030E-26
 -2.198  0.2577E-25
 -2.188  0.7278E-25
 -2.178  0.2033E-24
 -2.168  0.5618E-24
 -2.158  0.1536E-23
 -2.148  0.4153E-23
 -2.138  0.1111E-22
 -2.128  0.2940E-22
 -2.118  0.7698E-22
 -2.108  0.1994E-21
 -2.098  0.5108E-21
 -2.088  0.1295E-20
 -2.078  0.3246E-20
 -2.068  0.8052E-20
 -2.058  0.1976E-19
 -2.048  0.4796E-19
 -2.038  0.1152E-18
 -2.028  0.2736E-18
 -2.018  0.6429E-18
 -2.008  0.1495E-17
 -1.998  0.3437E-17
 -1.988  0.7820E-17
 -1.978  0.1760E-16
 -1.968  0.3918E-16
 -1.958  0.8631E-16
 -1.948  0.1881E-15
 -1.938  0.4053E-15
 -1.928  0.8644E-15
 -1.918  0.1823E-14
 -1.908  0.3805E-14
 -1.898  0.7855E-14
 -1.888  0.1604E-13
 -1.878  0.3241E-13
 -1.868  0.6478E-13
 -1.858  0.1281E-12
 -1.848  0.2505E-12
 -1.838  0.4848E-12
 -1.828  0.9281E-12
 -1.818  0.1758E-11
 -1.808  0.3293E-11
 -1.798  0.6104E-11
 -1.788  0.1119E-10
 -1.778  0.2030E-10
 -1.768  0.3644E-10
 -1.758  0.6470E-10
 -1.748  0.1136E-09
 -1.738  0.1975E-09
 -1.728  0.3395E-09
 -1.718  0.5775E-09
 -1.708  0.9719E-09
 -1.698  0.1618E-08
 -1.688  0.2666E-08
 -1.678  0.4345E-08
 -1.668  0.7007E-08
 -1.658  0.1118E-07
 -1.648  0.1765E-07
 -1.638  0.2758E-07
 -1.628  0.4264E-07
 -1.618  0.6522E-07
 -1.608  0.9874E-07
 -1.598  0.1479E-06
 -1.588  0.2193E-06
 -1.578  0.3218E-06
 -1.568  0.4675E-06
 -1.558  0.6720E-06
 -1.548  0.9564E-06
 -1.538  0.1347E-05
 -1.528  0.1879E-05
 -1.518  0.2595E-05
 -1.508  0.3549E-05
 -1.498  0.4806E-05
 -1.488  0.6445E-05
 -1.478  0.8562E-05
 -1.468  0.1127E-04
 -1.458  0.1469E-04
 -1.448  0.1898E-04
 -1.438  0.2430E-04
 -1.428  0.3083E-04
 -1.418  0.3879E-04
 -1.408  0.4837E-04
 -1.398  0.5982E-04
 -1.388  0.7336E-04
 -1.378  0.8924E-04
 -1.368  0.1077E-03
 -1.358  0.1289E-03
 -1.348  0.1531E-03
 -1.338  0.1805E-03
 -1.328  0.2112E-03
 -1.318  0.2451E-03
 -1.308  0.2825E-03
 -1.298  0.3231E-03
 -1.288  0.3667E-03
 -1.278  0.4132E-03
 -1.268  0.4620E-03
 -1.258  0.5127E-03
 -1.248  0.5646E-03
 -1.238  0.6169E-03
 -1.228  0.6687E-03
 -1.218  0.7191E-03
 -1.208  0.7671E-03
 -1.198  0.8114E-03
 -1.188  0.8511E-03
 -1.178  0.8852E-03
 -1.168  0.9126E-03
 -1.158  0.9325E-03
 -1.148  0.9444E-03
 -1.138  0.9477E-03
 -1.128  0.9422E-03
 -1.118  0.9280E-03
 -1.108  0.9054E-03
 -1.098  0.8748E-03
 -1.088  0.8372E-03
 -1.078  0.7933E-03
 -1.068  0.7443E-03
 -1.058  0.6914E-03
 -1.048  0.6359E-03
 -1.038  0.5789E-03
 -1.028  0.5218E-03
 -1.018  0.4655E-03
 -1.008  0.4111E-03
 -0.998  0.3595E-03
 -0.988  0.3113E-03
 -0.978  0.2671E-03
 -0.968  0.2271E-03
 -0.958  0.1917E-03
 -0.948  0.1609E-03
 -0.938  0.1347E-03
 -0.928  0.1131E-03
 -0.918  0.9600E-04
 -0.908  0.8328E-04
 -0.898  0.7486E-04
 -0.888  0.7069E-04
 -0.878  0.7076E-04
 -0.868  0.7514E-04
 -0.858  0.8395E-04
 -0.848  0.9739E-04
 -0.838  0.1157E-03
 -0.828  0.1391E-03
 -0.818  0.1678E-03
 -0.808  0.2022E-03
 -0.798  0.2424E-03
 -0.788  0.2885E-03
 -0.778  0.3405E-03
 -0.768  0.3981E-03
 -0.758  0.4612E-03
 -0.748  0.5290E-03
 -0.738  0.6010E-03
 -0.728  0.6761E-03
 -0.718  0.7534E-03
 -0.708  0.8316E-03
 -0.698  0.9095E-03
 -0.688  0.9858E-03
 -0.678  0.1059E-02
 -0.668  0.1129E-02
 -0.658  0.1194E-02
 -0.648  0.1254E-02
 -0.638  0.1308E-02
 -0.628  0.1356E-02
 -0.618  0.1399E-02
 -0.608  0.1438E-02
 -0.598  0.1474E-02
 -0.588  0.1507E-02
 -0.578  0.1540E-02
 -0.568  0.1573E-02
 -0.558  0.1609E-02
 -0.548  0.1648E-02
 -0.538  0.1691E-02
 -0.528  0.1739E-02
 -0.518  0.1792E-02
 -0.508  0.1849E-02
 -0.498  0.1910E-02
 -0.488  0.1972E-02
 -0.478  0.2035E-02
 -0.468  0.2096E-02
 -0.458  0.2153E-02
 -0.448  0.2202E-02
 -0.438  0.2242E-02
 -0.428  0.2270E-02
 -0.418  0.2284E-02
 -0.408  0.2283E-02
 -0.398  0.2266E-02
 -0.388  0.2232E-02
 -0.378  0.2181E-02
 -0.368  0.2115E-02
 -0.358  0.2035E-02
 -0.348  0.1942E-02
 -0.338  0.1838E-02
 -0.328  0.1727E-02
 -0.318  0.1611E-02
 -0.308  0.1492E-02
 -0.298  0.1373E-02
 -0.288  0.1256E-02
 -0.278  0.1143E-02
 -0.268  0.1036E-02
 -0.258  0.9367E-03
 -0.248  0.8452E-03
 -0.238  0.7624E-03
 -0.228  0.6882E-03
 -0.218  0.6225E-03
 -0.208  0.5650E-03
 -0.198  0.5149E-03
 -0.188  0.4714E-03
 -0.178  0.4338E-03
 -0.168  0.4013E-03
 -0.158  0.3730E-03
 -0.148  0.3483E-03
 -0.138  0.3267E-03
 -0.128  0.3077E-03
 -0.118  0.2912E-03
 -0.108  0.2772E-03
 -0.098  0.2658E-03
 -0.088  0.2572E-03
 -0.078  0.2519E-03
 -0.068  0.2504E-03
 -0.058  0.2532E-03
 -0.048  0.2610E-03
 -0.038  0.2743E-03
 -0.028  0.2938E-03
 -0.018  0.3199E-03
 -0.008  0.3531E-03
  0.002  0.3936E-03
  0.012  0.4417E-03
  0.022  0.4973E-03
  0.032  0.5602E-03
  0.042  0.6301E-03
  0.052  0.7064E-03
  0.062  0.7883E-03
  0.072  0.8749E-03
  0.082  0.9650E-03
  0.092  0.1058E-02
  0.102  0.1151E-02
  0.112  0.1244E-02
  0.122  0.1335E-02
  0.132  0.1422E-02
  0.142  0.1505E-02
  0.152  0.1580E-02
  0.162  0.1649E-02
  0.172  0.1708E-02
  0.182  0.1758E-02
  0.192  0.1798E-02
  0.202  0.1828E-02
  0.212  0.1847E-02
  0.222  0.1856E-02
  0.232  0.1856E-02
  0.242  0.1849E-02
  0.252  0.1834E-02
  0.262  0.1813E-02
  0.272  0.1789E-02
  0.282  0.1762E-02
  0.292  0.1734E-02
  0.302  0.1705E-02
  0.312  0.1678E-02
  0.322  0.1653E-02
  0.332  0.1630E-02
  0.342  0.1609E-02
  0.352  0.1589E-02
  0.362  0.1571E-02
  0.372  0.1553E-02
  0.382  0.1534E-02
  0.392  0.1512E-02
  0.402  0.1487E-02
  0.412  0.1457E-02
  0.422  0.1421E-02
  0.432  0.1379E-02
  0.442  0.1330E-02
  0.452  0.1274E-02
  0.462  0.1212E-02
  0.472  0.1144E-02
  0.482  0.1070E-02
  0.492  0.9927E-03
  0.502  0.9125E-03
  0.512  0.8310E-03
  0.522  0.7495E-03
  0.532  0.6694E-03
  0.542  0.5920E-03
  0.552  0.5183E-03
  0.562  0.4491E-03
  0.572  0.3852E-03
  0.582  0.3270E-03
  0.592  0.2747E-03
  0.602  0.2284E-03
  0.612  0.1879E-03
  0.622  0.1530E-03
  0.632  0.1232E-03
  0.642  0.9820E-04
  0.652  0.7744E-04
  0.662  0.6042E-04
  0.672  0.4665E-04
  0.682  0.3563E-04
  0.692  0.2693E-04
  0.702  0.2014E-04
  0.712  0.1490E-04
  0.722  0.1090E-04
  0.732  0.7897E-05
  0.742  0.5658E-05
  0.752  0.4011E-05
  0.762  0.2813E-05
  0.772  0.1952E-05
  0.782  0.1340E-05
  0.792  0.9102E-06
  0.802  0.6117E-06
  0.812  0.4067E-06
  0.822  0.2675E-06
  0.832  0.1741E-06
  0.842  0.1121E-06
