 -5.548  0.3127E-06
 -5.538  0.4834E-06
 -5.528  0.7393E-06
 -5.518  0.1119E-05
 -5.508  0.1674E-05
 -5.498  0.2479E-05
 -5.488  0.3632E-05
 -5.478  0.5263E-05
 -5.468  0.7546E-05
 -5.458  0.1070E-04
 -5.448  0.1502E-04
 -5.438  0.2085E-04
 -5.428  0.2864E-04
 -5.418  0.3892E-04
 -5.408  0.5232E-04
 -5.398  0.6960E-04
 -5.388  0.9161E-04
 -5.378  0.1193E-03
 -5.368  0.1537E-03
 -5.358  0.1961E-03
 -5.348  0.2474E-03
 -5.338  0.3091E-03
 -5.328  0.3821E-03
 -5.318  0.4676E-03
 -5.308  0.5664E-03
 -5.298  0.6794E-03
 -5.288  0.8071E-03
 -5.278  0.9495E-03
 -5.268  0.1107E-02
 -5.258  0.1278E-02
 -5.248  0.1463E-02
 -5.238  0.1660E-02
 -5.228  0.1869E-02
 -5.218  0.2088E-02
 -5.208  0.2315E-02
 -5.198  0.2550E-02
 -5.188  0.2791E-02
 -5.178  0.3037E-02
 -5.168  0.3288E-02
 -5.158  0.3544E-02
 -5.148  0.3806E-02
 -5.138  0.4073E-02
 -5.128  0.4348E-02
 -5.118  0.4631E-02
 -5.108  0.4923E-02
 -5.098  0.5226E-02
 -5.088  0.5540E-02
 -5.078  0.5866E-02
 -5.068  0.6205E-02
 -5.058  0.6554E-02
 -5.048  0.6914E-02
 -5.038  0.7283E-02
 -5.028  0.7658E-02
 -5.018  0.8036E-02
 -5.008  0.8415E-02
 -4.998  0.8793E-02
 -4.988  0.9165E-02
 -4.978  0.9530E-02
 -4.968  0.9886E-02
 -4.958  0.1023E-01
 -4.948  0.1056E-01
 -4.938  0.1088E-01
 -4.928  0.1119E-01
 -4.918  0.1148E-01
 -4.908  0.1176E-01
 -4.898  0.1202E-01
 -4.888  0.1227E-01
 -4.878  0.1251E-01
 -4.868  0.1273E-01
 -4.858  0.1293E-01
 -4.848  0.1311E-01
 -4.838  0.1326E-01
 -4.828  0.1338E-01
 -4.818  0.1347E-01
 -4.808  0.1352E-01
 -4.798  0.1351E-01
 -4.788  0.1346E-01
 -4.778  0.1334E-01
 -4.768  0.1316E-01
 -4.758  0.1292E-01
 -4.748  0.1260E-01
 -4.738  0.1222E-01
 -4.728  0.1177E-01
 -4.718  0.1125E-01
 -4.708  0.1067E-01
 -4.698  0.1005E-01
 -4.688  0.9385E-02
 -4.678  0.8690E-02
 -4.668  0.7977E-02
 -4.658  0.7257E-02
 -4.648  0.6542E-02
 -4.638  0.5842E-02
 -4.628  0.5167E-02
 -4.618  0.4527E-02
 -4.608  0.3927E-02
 -4.598  0.3373E-02
 -4.588  0.2868E-02
 -4.578  0.2414E-02
 -4.568  0.2011E-02
 -4.558  0.1658E-02
 -4.548  0.1353E-02
 -4.538  0.1093E-02
 -4.528  0.8737E-03
 -4.518  0.6910E-03
 -4.508  0.5408E-03
 -4.498  0.4188E-03
 -4.488  0.3209E-03
 -4.478  0.2433E-03
 -4.468  0.1825E-03
 -4.458  0.1354E-03
 -4.448  0.9943E-04
 -4.438  0.7223E-04
 -4.428  0.5191E-04
 -4.418  0.3691E-04
 -4.408  0.2596E-04
 -4.398  0.1807E-04
 -4.388  0.1244E-04
 -4.378  0.8472E-05
 -4.368  0.5709E-05
 -4.358  0.3805E-05
 -4.348  0.2509E-05
 -4.338  0.1637E-05
 -4.328  0.1057E-05
 -4.318  0.6746E-06
 -4.308  0.4261E-06
 -4.298  0.2662E-06
 -4.288  0.1646E-06
 -4.278  0.1006E-06
 -4.268  0.6087E-07
 -4.258  0.3643E-07
 -4.248  0.2157E-07
 -4.238  0.1263E-07
 -4.228  0.7318E-08
 -4.218  0.4194E-08
 -4.208  0.2378E-08
 -4.198  0.1334E-08
 -4.188  0.7401E-09
 -4.178  0.4062E-09
 -4.168  0.2206E-09
 -4.158  0.1185E-09
 -4.148  0.6297E-10
 -4.138  0.3310E-10
 -4.128  0.1721E-10
 -4.118  0.8856E-11
 -4.108  0.4507E-11
 -4.098  0.2269E-11
 -4.088  0.1130E-11
 -4.078  0.5569E-12
 -4.068  0.2714E-12
 -4.058  0.1309E-12
 -4.048  0.6242E-13
 -4.038  0.2946E-13
 -4.028  0.1375E-13
 -4.018  0.6349E-14
 -4.008  0.2901E-14
 -3.998  0.1311E-14
 -3.988  0.5860E-15
 -3.978  0.2592E-15
 -3.968  0.1134E-15
 -3.958  0.4907E-16
 -3.948  0.2101E-16
 -3.938  0.8898E-17
 -3.928  0.3728E-17
 -3.918  0.1545E-17
 -3.908  0.6337E-18
 -3.898  0.2570E-18
 -3.888  0.1031E-18
 -3.878  0.4094E-19
 -3.868  0.1608E-19
 -3.858  0.6246E-20
 -3.848  0.2400E-20
 -3.838  0.9125E-21
 -3.828  0.3432E-21
 -3.818  0.1277E-21
 -3.808  0.4699E-22
 -3.798  0.1711E-22
 -3.788  0.6163E-23
 -3.778  0.2196E-23
 -3.768  0.7740E-24
 -3.758  0.2699E-24
 -3.748  0.9310E-25
 -3.738  0.3177E-25
 -3.728  0.1072E-25
 -3.718  0.3581E-26
 -3.708  0.1183E-26
 -3.698  0.3866E-27
 -3.688  0.1250E-27
 -3.678  0.3998E-28
 -3.668  0.1265E-28
 -3.658  0.3959E-29
 -3.648  0.1226E-29
 -3.638  0.3754E-30
 -3.628  0.1138E-30
 -3.618  0.3410E-31
 -3.608  0.1011E-31
 -3.598  0.2966E-32
 -3.588  0.8607E-33
 -3.578  0.2471E-33
 -3.568  0.7017E-34
 -3.558  0.1971E-34
 -3.548  0.5478E-35
 -3.538  0.1506E-35
 -3.528  0.4096E-36
 -3.518  0.1102E-36
 -3.508  0.2933E-37
 -3.498  0.7723E-38
 -3.488  0.2012E-38
 -3.478  0.5184E-39
 -3.468  0.1321E-39
 -3.458  0.3332E-40
 -3.448  0.8312E-41
 -3.438  0.2051E-41
 -3.428  0.5007E-42
 -3.418  0.1209E-42
 -3.408  0.2889E-43
 -3.398  0.6828E-44
 -3.388  0.1596E-44
 -3.378  0.3692E-45
 -3.368  0.8447E-46
 -3.358  0.1912E-46
 -3.348  0.4281E-47
 -3.338  0.9482E-48
 -3.328  0.2078E-48
 -3.318  0.4504E-49
 -3.308  0.9658E-50
 -3.298  0.2049E-50
 -3.288  0.4300E-51
 -3.278  0.8926E-52
 -3.268  0.1833E-52
 -3.258  0.3724E-53
 -3.248  0.7485E-54
 -3.238  0.1488E-54
 -3.228  0.2927E-55
 -3.218  0.5695E-56
 -3.208  0.1096E-56
 -3.198  0.2087E-57
 -3.188  0.3931E-58
 -3.178  0.7326E-59
 -3.168  0.1350E-59
 -3.158  0.2463E-60
 -3.148  0.4443E-61
 -3.138  0.7928E-62
 -3.128  0.1400E-62
 -3.118  0.2444E-63
 -3.108  0.4223E-64
 -3.098  0.7218E-65
 -3.088  0.1220E-65
 -3.078  0.2041E-66
 -3.068  0.3377E-67
 -3.058  0.5528E-68
 -3.048  0.8951E-69
 -3.038  0.1434E-69
 -3.028  0.2272E-70
 -3.018  0.3562E-71
 -3.008  0.5524E-72
 -2.998  0.8509E-73
 -2.988  0.1529E-73
 -2.978  0.1806E-73
 -2.968  0.1060E-72
 -2.958  0.6862E-72
 -2.948  0.4404E-71
 -2.938  0.2796E-70
 -2.928  0.1756E-69
 -2.918  0.1091E-68
 -2.908  0.6708E-68
 -2.898  0.4079E-67
 -2.888  0.2454E-66
 -2.878  0.1460E-65
 -2.868  0.8596E-65
 -2.858  0.5006E-64
 -2.848  0.2884E-63
 -2.838  0.1644E-62
 -2.828  0.9267E-62
 -2.818  0.5168E-61
 -2.808  0.2852E-60
 -2.798  0.1556E-59
 -2.788  0.8404E-59
 -2.778  0.4489E-58
 -2.768  0.2372E-57
 -2.758  0.1240E-56
 -2.748  0.6411E-56
 -2.738  0.3280E-55
 -2.728  0.1660E-54
 -2.718  0.8309E-54
 -2.708  0.4115E-53
 -2.698  0.2016E-52
 -2.688  0.9770E-52
 -2.678  0.4684E-51
 -2.668  0.2222E-50
 -2.658  0.1042E-49
 -2.648  0.4838E-49
 -2.638  0.2222E-48
 -2.628  0.1009E-47
 -2.618  0.4534E-47
 -2.608  0.2016E-46
 -2.598  0.8863E-46
 -2.588  0.3856E-45
 -2.578  0.1659E-44
 -2.568  0.7064E-44
 -2.558  0.2975E-43
 -2.548  0.1239E-42
 -2.538  0.5108E-42
 -2.528  0.2083E-41
 -2.518  0.8400E-41
 -2.508  0.3351E-40
 -2.498  0.1323E-39
 -2.488  0.5165E-39
 -2.478  0.1995E-38
 -2.468  0.7624E-38
 -2.458  0.2882E-37
 -2.448  0.1078E-36
 -2.438  0.3987E-36
 -2.428  0.1459E-35
 -2.418  0.5282E-35
 -2.408  0.1892E-34
 -2.398  0.6702E-34
 -2.388  0.2349E-33
 -2.378  0.8144E-33
 -2.368  0.2793E-32
 -2.358  0.9478E-32
 -2.348  0.3181E-31
 -2.338  0.1056E-30
 -2.328  0.3470E-30
 -2.318  0.1128E-29
 -2.308  0.3624E-29
 -2.298  0.1153E-28
 -2.288  0.3626E-28
 -2.278  0.1128E-27
 -2.268  0.3474E-27
 -2.258  0.1058E-26
 -2.248  0.3188E-26
 -2.238  0.9500E-26
 -2.228  0.2801E-25
 -2.218  0.8170E-25
 -2.208  0.2357E-24
 -2.198  0.6729E-24
 -2.188  0.1900E-23
 -2.178  0.5308E-23
 -2.168  0.1467E-22
 -2.158  0.4009E-22
 -2.148  0.1084E-21
 -2.138  0.2901E-21
 -2.128  0.7677E-21
 -2.118  0.2010E-20
 -2.108  0.5205E-20
 -2.098  0.1334E-19
 -2.088  0.3380E-19
 -2.078  0.8475E-19
 -2.068  0.2102E-18
 -2.058  0.5158E-18
 -2.048  0.1252E-17
 -2.038  0.3007E-17
 -2.028  0.7142E-17
 -2.018  0.1678E-16
 -2.008  0.3902E-16
 -1.998  0.8974E-16
 -1.988  0.2042E-15
 -1.978  0.4595E-15
 -1.968  0.1023E-14
 -1.958  0.2253E-14
 -1.948  0.4910E-14
 -1.938  0.1058E-13
 -1.928  0.2257E-13
 -1.918  0.4761E-13
 -1.908  0.9934E-13
 -1.898  0.2051E-12
 -1.888  0.4189E-12
 -1.878  0.8463E-12
 -1.868  0.1691E-11
 -1.858  0.3344E-11
 -1.848  0.6542E-11
 -1.838  0.1266E-10
 -1.828  0.2423E-10
 -1.818  0.4590E-10
 -1.808  0.8599E-10
 -1.798  0.1594E-09
 -1.788  0.2923E-09
 -1.778  0.5302E-09
 -1.768  0.9516E-09
 -1.758  0.1690E-08
 -1.748  0.2968E-08
 -1.738  0.5158E-08
 -1.728  0.8869E-08
 -1.718  0.1509E-07
 -1.708  0.2539E-07
 -1.698  0.4228E-07
 -1.688  0.6967E-07
 -1.678  0.1136E-06
 -1.668  0.1832E-06
 -1.658  0.2923E-06
 -1.648  0.4616E-06
 -1.638  0.7213E-06
 -1.628  0.1115E-05
 -1.618  0.1707E-05
 -1.608  0.2584E-05
 -1.598  0.3873E-05
 -1.588  0.5745E-05
 -1.578  0.8434E-05
 -1.568  0.1226E-04
 -1.558  0.1763E-04
 -1.548  0.2510E-04
 -1.538  0.3539E-04
 -1.528  0.4940E-04
 -1.518  0.6827E-04
 -1.508  0.9345E-04
 -1.498  0.1267E-03
 -1.488  0.1701E-03
 -1.478  0.2263E-03
 -1.468  0.2982E-03
 -1.458  0.3894E-03
 -1.448  0.5039E-03
 -1.438  0.6463E-03
 -1.428  0.8218E-03
 -1.418  0.1036E-02
 -1.408  0.1295E-02
 -1.398  0.1606E-02
 -1.388  0.1975E-02
 -1.378  0.2409E-02
 -1.368  0.2916E-02
 -1.358  0.3503E-02
 -1.348  0.4175E-02
 -1.338  0.4939E-02
 -1.328  0.5799E-02
 -1.318  0.6759E-02
 -1.308  0.7819E-02
 -1.298  0.8978E-02
 -1.288  0.1023E-01
 -1.278  0.1158E-01
 -1.268  0.1300E-01
 -1.258  0.1448E-01
 -1.248  0.1601E-01
 -1.238  0.1756E-01
 -1.228  0.1911E-01
 -1.218  0.2063E-01
 -1.208  0.2209E-01
 -1.198  0.2345E-01
 -1.188  0.2468E-01
 -1.178  0.2576E-01
 -1.168  0.2664E-01
 -1.158  0.2731E-01
 -1.148  0.2773E-01
 -1.138  0.2791E-01
 -1.128  0.2783E-01
 -1.118  0.2748E-01
 -1.108  0.2688E-01
 -1.098  0.2603E-01
 -1.088  0.2497E-01
 -1.078  0.2371E-01
 -1.068  0.2230E-01
 -1.058  0.2076E-01
 -1.048  0.1913E-01
 -1.038  0.1745E-01
 -1.028  0.1575E-01
 -1.018  0.1408E-01
 -1.008  0.1245E-01
 -0.998  0.1090E-01
 -0.988  0.9446E-02
 -0.978  0.8104E-02
 -0.968  0.6883E-02
 -0.958  0.5792E-02
 -0.948  0.4831E-02
 -0.938  0.3998E-02
 -0.928  0.3291E-02
 -0.918  0.2702E-02
 -0.908  0.2225E-02
 -0.898  0.1852E-02
 -0.888  0.1575E-02
 -0.878  0.1387E-02
 -0.868  0.1282E-02
 -0.858  0.1255E-02
 -0.848  0.1303E-02
 -0.838  0.1422E-02
 -0.828  0.1612E-02
 -0.818  0.1870E-02
 -0.808  0.2195E-02
 -0.798  0.2587E-02
 -0.788  0.3044E-02
 -0.778  0.3563E-02
 -0.768  0.4141E-02
 -0.758  0.4772E-02
 -0.748  0.5448E-02
 -0.738  0.6161E-02
 -0.728  0.6899E-02
 -0.718  0.7650E-02
 -0.708  0.8401E-02
 -0.698  0.9136E-02
 -0.688  0.9842E-02
 -0.678  0.1051E-01
 -0.668  0.1111E-01
 -0.658  0.1166E-01
 -0.648  0.1213E-01
 -0.638  0.1253E-01
 -0.628  0.1285E-01
 -0.618  0.1310E-01
 -0.608  0.1329E-01
 -0.598  0.1343E-01
 -0.588  0.1352E-01
 -0.578  0.1360E-01
 -0.568  0.1367E-01
 -0.558  0.1374E-01
 -0.548  0.1385E-01
 -0.538  0.1399E-01
 -0.528  0.1418E-01
 -0.518  0.1442E-01
 -0.508  0.1472E-01
 -0.498  0.1508E-01
 -0.488  0.1548E-01
 -0.478  0.1592E-01
 -0.468  0.1637E-01
 -0.458  0.1683E-01
 -0.448  0.1728E-01
 -0.438  0.1769E-01
 -0.428  0.1805E-01
 -0.418  0.1833E-01
 -0.408  0.1852E-01
 -0.398  0.1861E-01
 -0.388  0.1859E-01
 -0.378  0.1846E-01
 -0.368  0.1820E-01
 -0.358  0.1784E-01
 -0.348  0.1737E-01
 -0.338  0.1681E-01
 -0.328  0.1617E-01
 -0.318  0.1547E-01
 -0.308  0.1472E-01
 -0.298  0.1395E-01
 -0.288  0.1316E-01
 -0.278  0.1239E-01
 -0.268  0.1163E-01
 -0.258  0.1090E-01
 -0.248  0.1022E-01
 -0.238  0.9575E-02
 -0.228  0.8984E-02
 -0.218  0.8442E-02
 -0.208  0.7947E-02
 -0.198  0.7495E-02
 -0.188  0.7081E-02
 -0.178  0.6700E-02
 -0.168  0.6345E-02
 -0.158  0.6010E-02
 -0.148  0.5691E-02
 -0.138  0.5384E-02
 -0.128  0.5088E-02
 -0.118  0.4802E-02
 -0.108  0.4528E-02
 -0.098  0.4269E-02
 -0.088  0.4029E-02
 -0.078  0.3813E-02
 -0.068  0.3627E-02
 -0.058  0.3479E-02
 -0.048  0.3374E-02
 -0.038  0.3318E-02
 -0.028  0.3316E-02
 -0.018  0.3373E-02
 -0.008  0.3492E-02
  0.002  0.3673E-02
  0.012  0.3915E-02
  0.022  0.4217E-02
  0.032  0.4575E-02
  0.042  0.4982E-02
  0.052  0.5431E-02
  0.062  0.5914E-02
  0.072  0.6419E-02
  0.082  0.6937E-02
  0.092  0.7456E-02
  0.102  0.7965E-02
  0.112  0.8452E-02
  0.122  0.8906E-02
  0.132  0.9319E-02
  0.142  0.9682E-02
  0.152  0.9988E-02
  0.162  0.1023E-01
  0.172  0.1041E-01
  0.182  0.1052E-01
  0.192  0.1057E-01
  0.202  0.1056E-01
  0.212  0.1049E-01
  0.222  0.1036E-01
  0.232  0.1020E-01
  0.242  0.9998E-02
  0.252  0.9773E-02
  0.262  0.9532E-02
  0.272  0.9285E-02
  0.282  0.9041E-02
  0.292  0.8807E-02
  0.302  0.8590E-02
  0.312  0.8393E-02
  0.322  0.8220E-02
  0.332  0.8071E-02
  0.342  0.7944E-02
  0.352  0.7835E-02
  0.362  0.7740E-02
  0.372  0.7652E-02
  0.382  0.7564E-02
  0.392  0.7468E-02
  0.402  0.7356E-02
  0.412  0.7222E-02
  0.422  0.7060E-02
  0.432  0.6866E-02
  0.442  0.6636E-02
  0.452  0.6371E-02
  0.462  0.6071E-02
  0.472  0.5739E-02
  0.482  0.5379E-02
  0.492  0.4998E-02
  0.502  0.4602E-02
  0.512  0.4197E-02
  0.522  0.3791E-02
  0.532  0.3390E-02
  0.542  0.3002E-02
  0.552  0.2632E-02
  0.562  0.2283E-02
  0.572  0.1961E-02
  0.582  0.1667E-02
  0.592  0.1402E-02
  0.602  0.1167E-02
  0.612  0.9609E-03
  0.622  0.7831E-03
  0.632  0.6315E-03
  0.642  0.5038E-03
  0.652  0.3978E-03
  0.662  0.3107E-03
  0.672  0.2401E-03
  0.682  0.1836E-03
  0.692  0.1389E-03
  0.702  0.1040E-03
  0.712  0.7701E-04
  0.722  0.5642E-04
  0.732  0.4090E-04
  0.742  0.2934E-04
  0.752  0.2082E-04
  0.762  0.1462E-04
  0.772  0.1015E-04
  0.782  0.6977E-05
  0.792  0.4744E-05
  0.802  0.3191E-05
  0.812  0.2124E-05
  0.822  0.1398E-05
  0.832  0.9109E-06
  0.842  0.5871E-06
