 -5.548  0.4323E-06
 -5.538  0.6684E-06
 -5.528  0.1022E-05
 -5.518  0.1547E-05
 -5.508  0.2315E-05
 -5.498  0.3428E-05
 -5.488  0.5022E-05
 -5.478  0.7278E-05
 -5.468  0.1044E-04
 -5.458  0.1480E-04
 -5.448  0.2077E-04
 -5.438  0.2884E-04
 -5.428  0.3961E-04
 -5.418  0.5383E-04
 -5.408  0.7237E-04
 -5.398  0.9627E-04
 -5.388  0.1267E-03
 -5.378  0.1650E-03
 -5.368  0.2127E-03
 -5.358  0.2713E-03
 -5.348  0.3424E-03
 -5.338  0.4277E-03
 -5.328  0.5289E-03
 -5.318  0.6474E-03
 -5.308  0.7844E-03
 -5.298  0.9412E-03
 -5.288  0.1118E-02
 -5.278  0.1316E-02
 -5.268  0.1535E-02
 -5.258  0.1773E-02
 -5.248  0.2031E-02
 -5.238  0.2307E-02
 -5.228  0.2599E-02
 -5.218  0.2905E-02
 -5.208  0.3224E-02
 -5.198  0.3555E-02
 -5.188  0.3894E-02
 -5.178  0.4243E-02
 -5.168  0.4600E-02
 -5.158  0.4964E-02
 -5.148  0.5337E-02
 -5.138  0.5718E-02
 -5.128  0.6110E-02
 -5.118  0.6513E-02
 -5.108  0.6929E-02
 -5.098  0.7358E-02
 -5.088  0.7801E-02
 -5.078  0.8258E-02
 -5.068  0.8728E-02
 -5.058  0.9209E-02
 -5.048  0.9699E-02
 -5.038  0.1019E-01
 -5.028  0.1069E-01
 -5.018  0.1119E-01
 -5.008  0.1168E-01
 -4.998  0.1216E-01
 -4.988  0.1263E-01
 -4.978  0.1309E-01
 -4.968  0.1354E-01
 -4.958  0.1397E-01
 -4.948  0.1439E-01
 -4.938  0.1479E-01
 -4.928  0.1519E-01
 -4.918  0.1558E-01
 -4.908  0.1598E-01
 -4.898  0.1637E-01
 -4.888  0.1676E-01
 -4.878  0.1716E-01
 -4.868  0.1755E-01
 -4.858  0.1794E-01
 -4.848  0.1833E-01
 -4.838  0.1869E-01
 -4.828  0.1903E-01
 -4.818  0.1933E-01
 -4.808  0.1958E-01
 -4.798  0.1976E-01
 -4.788  0.1986E-01
 -4.778  0.1987E-01
 -4.768  0.1978E-01
 -4.758  0.1957E-01
 -4.748  0.1924E-01
 -4.738  0.1879E-01
 -4.728  0.1821E-01
 -4.718  0.1752E-01
 -4.708  0.1672E-01
 -4.698  0.1582E-01
 -4.688  0.1484E-01
 -4.678  0.1380E-01
 -4.668  0.1271E-01
 -4.658  0.1160E-01
 -4.648  0.1049E-01
 -4.638  0.9394E-02
 -4.628  0.8329E-02
 -4.618  0.7311E-02
 -4.608  0.6354E-02
 -4.598  0.5466E-02
 -4.588  0.4654E-02
 -4.578  0.3922E-02
 -4.568  0.3271E-02
 -4.558  0.2700E-02
 -4.548  0.2206E-02
 -4.538  0.1783E-02
 -4.528  0.1426E-02
 -4.518  0.1128E-02
 -4.508  0.8835E-03
 -4.498  0.6844E-03
 -4.488  0.5246E-03
 -4.478  0.3979E-03
 -4.468  0.2985E-03
 -4.458  0.2216E-03
 -4.448  0.1627E-03
 -4.438  0.1182E-03
 -4.428  0.8500E-04
 -4.418  0.6044E-04
 -4.408  0.4252E-04
 -4.398  0.2960E-04
 -4.388  0.2038E-04
 -4.378  0.1388E-04
 -4.368  0.9353E-05
 -4.358  0.6235E-05
 -4.348  0.4112E-05
 -4.338  0.2683E-05
 -4.328  0.1732E-05
 -4.318  0.1106E-05
 -4.308  0.6983E-06
 -4.298  0.4363E-06
 -4.288  0.2697E-06
 -4.278  0.1649E-06
 -4.268  0.9978E-07
 -4.258  0.5971E-07
 -4.248  0.3535E-07
 -4.238  0.2070E-07
 -4.228  0.1199E-07
 -4.218  0.6875E-08
 -4.208  0.3898E-08
 -4.198  0.2186E-08
 -4.188  0.1213E-08
 -4.178  0.6659E-09
 -4.168  0.3616E-09
 -4.158  0.1942E-09
 -4.148  0.1032E-09
 -4.138  0.5426E-10
 -4.128  0.2822E-10
 -4.118  0.1452E-10
 -4.108  0.7389E-11
 -4.098  0.3720E-11
 -4.088  0.1853E-11
 -4.078  0.9129E-12
 -4.068  0.4449E-12
 -4.058  0.2145E-12
 -4.048  0.1023E-12
 -4.038  0.4829E-13
 -4.028  0.2254E-13
 -4.018  0.1041E-13
 -4.008  0.4755E-14
 -3.998  0.2149E-14
 -3.988  0.9606E-15
 -3.978  0.4248E-15
 -3.968  0.1859E-15
 -3.958  0.8044E-16
 -3.948  0.3444E-16
 -3.938  0.1459E-16
 -3.928  0.6112E-17
 -3.918  0.2533E-17
 -3.908  0.1039E-17
 -3.898  0.4214E-18
 -3.888  0.1691E-18
 -3.878  0.6712E-19
 -3.868  0.2636E-19
 -3.858  0.1024E-19
 -3.848  0.3935E-20
 -3.838  0.1496E-20
 -3.828  0.5626E-21
 -3.818  0.2093E-21
 -3.808  0.7704E-22
 -3.798  0.2805E-22
 -3.788  0.1010E-22
 -3.778  0.3600E-23
 -3.768  0.1269E-23
 -3.758  0.4424E-24
 -3.748  0.1526E-24
 -3.738  0.5208E-25
 -3.728  0.1758E-25
 -3.718  0.5871E-26
 -3.708  0.1939E-26
 -3.698  0.6338E-27
 -3.688  0.2049E-27
 -3.678  0.6554E-28
 -3.668  0.2073E-28
 -3.658  0.6490E-29
 -3.648  0.2009E-29
 -3.638  0.6154E-30
 -3.628  0.1865E-30
 -3.618  0.5590E-31
 -3.608  0.1657E-31
 -3.598  0.4862E-32
 -3.588  0.1411E-32
 -3.578  0.4050E-33
 -3.568  0.1150E-33
 -3.558  0.3231E-34
 -3.548  0.8980E-35
 -3.538  0.2469E-35
 -3.528  0.6715E-36
 -3.518  0.1807E-36
 -3.508  0.4809E-37
 -3.498  0.1266E-37
 -3.488  0.3298E-38
 -3.478  0.8498E-39
 -3.468  0.2166E-39
 -3.458  0.5462E-40
 -3.448  0.1363E-40
 -3.438  0.3362E-41
 -3.428  0.8208E-42
 -3.418  0.1982E-42
 -3.408  0.4736E-43
 -3.398  0.1119E-43
 -3.388  0.2617E-44
 -3.378  0.6052E-45
 -3.368  0.1385E-45
 -3.358  0.3134E-46
 -3.348  0.7018E-47
 -3.338  0.1554E-47
 -3.328  0.3406E-48
 -3.318  0.7383E-49
 -3.308  0.1583E-49
 -3.298  0.3359E-50
 -3.288  0.7048E-51
 -3.278  0.1463E-51
 -3.268  0.3005E-52
 -3.258  0.6105E-53
 -3.248  0.1227E-53
 -3.238  0.2440E-54
 -3.228  0.4798E-55
 -3.218  0.9336E-56
 -3.208  0.1797E-56
 -3.198  0.3422E-57
 -3.188  0.6445E-58
 -3.178  0.1201E-58
 -3.168  0.2214E-59
 -3.158  0.4037E-60
 -3.148  0.7283E-61
 -3.138  0.1300E-61
 -3.128  0.2294E-62
 -3.118  0.4007E-63
 -3.108  0.6923E-64
 -3.098  0.1183E-64
 -3.088  0.2001E-65
 -3.078  0.3346E-66
 -3.068  0.5536E-67
 -3.058  0.9062E-68
 -3.048  0.1467E-68
 -3.038  0.2350E-69
 -3.028  0.3725E-70
 -3.018  0.5839E-71
 -3.008  0.9055E-72
 -2.998  0.1394E-72
 -2.988  0.2439E-73
 -2.978  0.2509E-73
 -2.968  0.1442E-72
 -2.958  0.9329E-72
 -2.948  0.5987E-71
 -2.938  0.3801E-70
 -2.928  0.2388E-69
 -2.918  0.1484E-68
 -2.908  0.9120E-68
 -2.898  0.5546E-67
 -2.888  0.3336E-66
 -2.878  0.1985E-65
 -2.868  0.1169E-64
 -2.858  0.6806E-64
 -2.848  0.3921E-63
 -2.838  0.2235E-62
 -2.828  0.1260E-61
 -2.818  0.7026E-61
 -2.808  0.3877E-60
 -2.798  0.2116E-59
 -2.788  0.1143E-58
 -2.778  0.6103E-58
 -2.768  0.3225E-57
 -2.758  0.1686E-56
 -2.748  0.8716E-56
 -2.738  0.4459E-55
 -2.728  0.2256E-54
 -2.718  0.1130E-53
 -2.708  0.5594E-53
 -2.698  0.2741E-52
 -2.688  0.1328E-51
 -2.678  0.6368E-51
 -2.668  0.3020E-50
 -2.658  0.1417E-49
 -2.648  0.6578E-49
 -2.638  0.3020E-48
 -2.628  0.1372E-47
 -2.618  0.6164E-47
 -2.608  0.2740E-46
 -2.598  0.1205E-45
 -2.588  0.5242E-45
 -2.578  0.2256E-44
 -2.568  0.9603E-44
 -2.558  0.4044E-43
 -2.548  0.1685E-42
 -2.538  0.6944E-42
 -2.528  0.2831E-41
 -2.518  0.1142E-40
 -2.508  0.4556E-40
 -2.498  0.1798E-39
 -2.488  0.7022E-39
 -2.478  0.2712E-38
 -2.468  0.1036E-37
 -2.458  0.3918E-37
 -2.448  0.1465E-36
 -2.438  0.5420E-36
 -2.428  0.1984E-35
 -2.418  0.7181E-35
 -2.408  0.2572E-34
 -2.398  0.9111E-34
 -2.388  0.3193E-33
 -2.378  0.1107E-32
 -2.368  0.3797E-32
 -2.358  0.1288E-31
 -2.348  0.4325E-31
 -2.338  0.1436E-30
 -2.328  0.4717E-30
 -2.318  0.1533E-29
 -2.308  0.4927E-29
 -2.298  0.1567E-28
 -2.288  0.4929E-28
 -2.278  0.1534E-27
 -2.268  0.4723E-27
 -2.258  0.1438E-26
 -2.248  0.4334E-26
 -2.238  0.1292E-25
 -2.228  0.3808E-25
 -2.218  0.1111E-24
 -2.208  0.3205E-24
 -2.198  0.9148E-24
 -2.188  0.2583E-23
 -2.178  0.7216E-23
 -2.168  0.1994E-22
 -2.158  0.5451E-22
 -2.148  0.1474E-21
 -2.138  0.3943E-21
 -2.128  0.1044E-20
 -2.118  0.2732E-20
 -2.108  0.7076E-20
 -2.098  0.1813E-19
 -2.088  0.4595E-19
 -2.078  0.1152E-18
 -2.068  0.2858E-18
 -2.058  0.7012E-18
 -2.048  0.1702E-17
 -2.038  0.4087E-17
 -2.028  0.9709E-17
 -2.018  0.2281E-16
 -2.008  0.5304E-16
 -1.998  0.1220E-15
 -1.988  0.2775E-15
 -1.978  0.6245E-15
 -1.968  0.1390E-14
 -1.958  0.3062E-14
 -1.948  0.6672E-14
 -1.938  0.1438E-13
 -1.928  0.3067E-13
 -1.918  0.6468E-13
 -1.908  0.1350E-12
 -1.898  0.2786E-12
 -1.888  0.5690E-12
 -1.878  0.1150E-11
 -1.868  0.2297E-11
 -1.858  0.4542E-11
 -1.848  0.8883E-11
 -1.838  0.1719E-10
 -1.828  0.3290E-10
 -1.818  0.6230E-10
 -1.808  0.1167E-09
 -1.798  0.2162E-09
 -1.788  0.3964E-09
 -1.778  0.7190E-09
 -1.768  0.1290E-08
 -1.758  0.2290E-08
 -1.748  0.4021E-08
 -1.738  0.6984E-08
 -1.728  0.1200E-07
 -1.718  0.2041E-07
 -1.708  0.3433E-07
 -1.698  0.5712E-07
 -1.688  0.9404E-07
 -1.678  0.1532E-06
 -1.668  0.2468E-06
 -1.658  0.3935E-06
 -1.648  0.6206E-06
 -1.638  0.9685E-06
 -1.628  0.1495E-05
 -1.618  0.2284E-05
 -1.608  0.3453E-05
 -1.598  0.5164E-05
 -1.588  0.7643E-05
 -1.578  0.1119E-04
 -1.568  0.1622E-04
 -1.558  0.2326E-04
 -1.548  0.3300E-04
 -1.538  0.4635E-04
 -1.528  0.6442E-04
 -1.518  0.8862E-04
 -1.508  0.1207E-03
 -1.498  0.1627E-03
 -1.488  0.2170E-03
 -1.478  0.2867E-03
 -1.468  0.3750E-03
 -1.458  0.4857E-03
 -1.448  0.6230E-03
 -1.438  0.7914E-03
 -1.428  0.9958E-03
 -1.418  0.1241E-02
 -1.408  0.1533E-02
 -1.398  0.1876E-02
 -1.388  0.2275E-02
 -1.378  0.2735E-02
 -1.368  0.3260E-02
 -1.358  0.3852E-02
 -1.348  0.4513E-02
 -1.338  0.5245E-02
 -1.328  0.6047E-02
 -1.318  0.6917E-02
 -1.308  0.7850E-02
 -1.298  0.8841E-02
 -1.288  0.9883E-02
 -1.278  0.1097E-01
 -1.268  0.1208E-01
 -1.258  0.1320E-01
 -1.248  0.1433E-01
 -1.238  0.1544E-01
 -1.228  0.1651E-01
 -1.218  0.1753E-01
 -1.208  0.1848E-01
 -1.198  0.1933E-01
 -1.188  0.2006E-01
 -1.178  0.2066E-01
 -1.168  0.2111E-01
 -1.158  0.2140E-01
 -1.148  0.2151E-01
 -1.138  0.2144E-01
 -1.128  0.2120E-01
 -1.118  0.2077E-01
 -1.108  0.2018E-01
 -1.098  0.1943E-01
 -1.088  0.1853E-01
 -1.078  0.1752E-01
 -1.068  0.1640E-01
 -1.058  0.1521E-01
 -1.048  0.1398E-01
 -1.038  0.1272E-01
 -1.028  0.1146E-01
 -1.018  0.1022E-01
 -1.008  0.9029E-02
 -0.998  0.7898E-02
 -0.988  0.6842E-02
 -0.978  0.5870E-02
 -0.968  0.4992E-02
 -0.958  0.4209E-02
 -0.948  0.3525E-02
 -0.938  0.2938E-02
 -0.928  0.2445E-02
 -0.918  0.2045E-02
 -0.908  0.1733E-02
 -0.898  0.1505E-02
 -0.888  0.1358E-02
 -0.878  0.1290E-02
 -0.868  0.1299E-02
 -0.858  0.1385E-02
 -0.848  0.1548E-02
 -0.838  0.1789E-02
 -0.828  0.2110E-02
 -0.818  0.2514E-02
 -0.808  0.3002E-02
 -0.798  0.3576E-02
 -0.788  0.4234E-02
 -0.778  0.4977E-02
 -0.768  0.5799E-02
 -0.758  0.6695E-02
 -0.748  0.7656E-02
 -0.738  0.8671E-02
 -0.728  0.9727E-02
 -0.718  0.1081E-01
 -0.708  0.1190E-01
 -0.698  0.1298E-01
 -0.688  0.1403E-01
 -0.678  0.1505E-01
 -0.668  0.1601E-01
 -0.658  0.1691E-01
 -0.648  0.1774E-01
 -0.638  0.1851E-01
 -0.628  0.1922E-01
 -0.618  0.1987E-01
 -0.608  0.2048E-01
 -0.598  0.2108E-01
 -0.588  0.2167E-01
 -0.578  0.2228E-01
 -0.568  0.2293E-01
 -0.558  0.2363E-01
 -0.548  0.2439E-01
 -0.538  0.2523E-01
 -0.528  0.2613E-01
 -0.518  0.2709E-01
 -0.508  0.2810E-01
 -0.498  0.2912E-01
 -0.488  0.3013E-01
 -0.478  0.3109E-01
 -0.468  0.3197E-01
 -0.458  0.3273E-01
 -0.448  0.3332E-01
 -0.438  0.3372E-01
 -0.428  0.3389E-01
 -0.418  0.3381E-01
 -0.408  0.3348E-01
 -0.398  0.3289E-01
 -0.388  0.3205E-01
 -0.378  0.3096E-01
 -0.368  0.2967E-01
 -0.358  0.2819E-01
 -0.348  0.2657E-01
 -0.338  0.2485E-01
 -0.328  0.2306E-01
 -0.318  0.2125E-01
 -0.308  0.1946E-01
 -0.298  0.1772E-01
 -0.288  0.1607E-01
 -0.278  0.1452E-01
 -0.268  0.1310E-01
 -0.258  0.1182E-01
 -0.248  0.1067E-01
 -0.238  0.9671E-02
 -0.228  0.8803E-02
 -0.218  0.8060E-02
 -0.208  0.7430E-02
 -0.198  0.6896E-02
 -0.188  0.6444E-02
 -0.178  0.6058E-02
 -0.168  0.5724E-02
 -0.158  0.5430E-02
 -0.148  0.5164E-02
 -0.138  0.4919E-02
 -0.128  0.4690E-02
 -0.118  0.4476E-02
 -0.108  0.4275E-02
 -0.098  0.4092E-02
 -0.088  0.3931E-02
 -0.078  0.3798E-02
 -0.068  0.3701E-02
 -0.058  0.3649E-02
 -0.048  0.3650E-02
 -0.038  0.3711E-02
 -0.028  0.3841E-02
 -0.018  0.4045E-02
 -0.008  0.4327E-02
  0.002  0.4691E-02
  0.012  0.5137E-02
  0.022  0.5664E-02
  0.032  0.6267E-02
  0.042  0.6939E-02
  0.052  0.7674E-02
  0.062  0.8460E-02
  0.072  0.9284E-02
  0.082  0.1013E-01
  0.092  0.1099E-01
  0.102  0.1185E-01
  0.112  0.1268E-01
  0.122  0.1347E-01
  0.132  0.1421E-01
  0.142  0.1488E-01
  0.152  0.1546E-01
  0.162  0.1596E-01
  0.172  0.1635E-01
  0.182  0.1663E-01
  0.192  0.1680E-01
  0.202  0.1685E-01
  0.212  0.1679E-01
  0.222  0.1663E-01
  0.232  0.1636E-01
  0.242  0.1601E-01
  0.252  0.1557E-01
  0.262  0.1507E-01
  0.272  0.1452E-01
  0.282  0.1394E-01
  0.292  0.1333E-01
  0.302  0.1272E-01
  0.312  0.1211E-01
  0.322  0.1152E-01
  0.332  0.1095E-01
  0.342  0.1042E-01
  0.352  0.9912E-02
  0.362  0.9442E-02
  0.372  0.9005E-02
  0.382  0.8597E-02
  0.392  0.8213E-02
  0.402  0.7847E-02
  0.412  0.7493E-02
  0.422  0.7145E-02
  0.432  0.6797E-02
  0.442  0.6446E-02
  0.452  0.6088E-02
  0.462  0.5720E-02
  0.472  0.5344E-02
  0.482  0.4960E-02
  0.492  0.4571E-02
  0.502  0.4180E-02
  0.512  0.3791E-02
  0.522  0.3409E-02
  0.532  0.3037E-02
  0.542  0.2682E-02
  0.552  0.2345E-02
  0.562  0.2031E-02
  0.572  0.1741E-02
  0.582  0.1478E-02
  0.592  0.1242E-02
  0.602  0.1033E-02
  0.612  0.8506E-03
  0.622  0.6930E-03
  0.632  0.5587E-03
  0.642  0.4458E-03
  0.652  0.3519E-03
  0.662  0.2749E-03
  0.672  0.2125E-03
  0.682  0.1625E-03
  0.692  0.1230E-03
  0.702  0.9206E-04
  0.712  0.6819E-04
  0.722  0.4998E-04
  0.732  0.3624E-04
  0.742  0.2600E-04
  0.752  0.1846E-04
  0.762  0.1296E-04
  0.772  0.9005E-05
  0.782  0.6190E-05
  0.792  0.4210E-05
  0.802  0.2833E-05
  0.812  0.1886E-05
  0.822  0.1242E-05
  0.832  0.8094E-06
  0.842  0.5218E-06
