 -5.548  0.2190E-06
 -5.538  0.3386E-06
 -5.528  0.5179E-06
 -5.518  0.7835E-06
 -5.508  0.1173E-05
 -5.498  0.1737E-05
 -5.488  0.2544E-05
 -5.478  0.3687E-05
 -5.468  0.5286E-05
 -5.458  0.7498E-05
 -5.448  0.1052E-04
 -5.438  0.1461E-04
 -5.428  0.2006E-04
 -5.418  0.2727E-04
 -5.408  0.3666E-04
 -5.398  0.4877E-04
 -5.388  0.6420E-04
 -5.378  0.8361E-04
 -5.368  0.1078E-03
 -5.358  0.1374E-03
 -5.348  0.1735E-03
 -5.338  0.2167E-03
 -5.328  0.2680E-03
 -5.318  0.3280E-03
 -5.308  0.3975E-03
 -5.298  0.4770E-03
 -5.288  0.5668E-03
 -5.278  0.6671E-03
 -5.268  0.7780E-03
 -5.258  0.8990E-03
 -5.248  0.1030E-02
 -5.238  0.1170E-02
 -5.228  0.1318E-02
 -5.218  0.1474E-02
 -5.208  0.1637E-02
 -5.198  0.1805E-02
 -5.188  0.1979E-02
 -5.178  0.2158E-02
 -5.168  0.2341E-02
 -5.158  0.2528E-02
 -5.148  0.2721E-02
 -5.138  0.2920E-02
 -5.128  0.3124E-02
 -5.118  0.3336E-02
 -5.108  0.3556E-02
 -5.098  0.3785E-02
 -5.088  0.4023E-02
 -5.078  0.4271E-02
 -5.068  0.4529E-02
 -5.058  0.4796E-02
 -5.048  0.5071E-02
 -5.038  0.5354E-02
 -5.028  0.5643E-02
 -5.018  0.5937E-02
 -5.008  0.6234E-02
 -4.998  0.6534E-02
 -4.988  0.6834E-02
 -4.978  0.7135E-02
 -4.968  0.7436E-02
 -4.958  0.7738E-02
 -4.948  0.8041E-02
 -4.938  0.8346E-02
 -4.928  0.8655E-02
 -4.918  0.8968E-02
 -4.908  0.9288E-02
 -4.898  0.9613E-02
 -4.888  0.9945E-02
 -4.878  0.1028E-01
 -4.868  0.1062E-01
 -4.858  0.1096E-01
 -4.848  0.1130E-01
 -4.838  0.1162E-01
 -4.828  0.1192E-01
 -4.818  0.1220E-01
 -4.808  0.1243E-01
 -4.798  0.1262E-01
 -4.788  0.1276E-01
 -4.778  0.1282E-01
 -4.768  0.1282E-01
 -4.758  0.1273E-01
 -4.748  0.1255E-01
 -4.738  0.1230E-01
 -4.728  0.1195E-01
 -4.718  0.1152E-01
 -4.708  0.1101E-01
 -4.698  0.1044E-01
 -4.688  0.9810E-02
 -4.678  0.9133E-02
 -4.668  0.8424E-02
 -4.658  0.7697E-02
 -4.648  0.6964E-02
 -4.638  0.6240E-02
 -4.628  0.5536E-02
 -4.618  0.4863E-02
 -4.608  0.4228E-02
 -4.598  0.3639E-02
 -4.588  0.3099E-02
 -4.578  0.2613E-02
 -4.568  0.2180E-02
 -4.558  0.1800E-02
 -4.548  0.1470E-02
 -4.538  0.1189E-02
 -4.528  0.9509E-03
 -4.518  0.7526E-03
 -4.508  0.5894E-03
 -4.498  0.4567E-03
 -4.488  0.3501E-03
 -4.478  0.2655E-03
 -4.468  0.1992E-03
 -4.458  0.1479E-03
 -4.448  0.1086E-03
 -4.438  0.7893E-04
 -4.428  0.5674E-04
 -4.418  0.4035E-04
 -4.408  0.2839E-04
 -4.398  0.1976E-04
 -4.388  0.1360E-04
 -4.378  0.9267E-05
 -4.368  0.6244E-05
 -4.358  0.4163E-05
 -4.348  0.2745E-05
 -4.338  0.1791E-05
 -4.328  0.1156E-05
 -4.318  0.7381E-06
 -4.308  0.4662E-06
 -4.298  0.2913E-06
 -4.288  0.1801E-06
 -4.278  0.1101E-06
 -4.268  0.6662E-07
 -4.258  0.3987E-07
 -4.248  0.2360E-07
 -4.238  0.1382E-07
 -4.228  0.8009E-08
 -4.218  0.4590E-08
 -4.208  0.2603E-08
 -4.198  0.1460E-08
 -4.188  0.8100E-09
 -4.178  0.4446E-09
 -4.168  0.2414E-09
 -4.158  0.1297E-09
 -4.148  0.6892E-10
 -4.138  0.3623E-10
 -4.128  0.1884E-10
 -4.118  0.9694E-11
 -4.108  0.4933E-11
 -4.098  0.2484E-11
 -4.088  0.1237E-11
 -4.078  0.6095E-12
 -4.068  0.2971E-12
 -4.058  0.1432E-12
 -4.048  0.6833E-13
 -4.038  0.3224E-13
 -4.028  0.1505E-13
 -4.018  0.6950E-14
 -4.008  0.3175E-14
 -3.998  0.1435E-14
 -3.988  0.6414E-15
 -3.978  0.2837E-15
 -3.968  0.1241E-15
 -3.958  0.5371E-16
 -3.948  0.2300E-16
 -3.938  0.9740E-17
 -3.928  0.4081E-17
 -3.918  0.1692E-17
 -3.908  0.6936E-18
 -3.898  0.2813E-18
 -3.888  0.1129E-18
 -3.878  0.4481E-19
 -3.868  0.1760E-19
 -3.858  0.6837E-20
 -3.848  0.2627E-20
 -3.838  0.9988E-21
 -3.828  0.3756E-21
 -3.818  0.1398E-21
 -3.808  0.5144E-22
 -3.798  0.1873E-22
 -3.788  0.6745E-23
 -3.778  0.2403E-23
 -3.768  0.8472E-24
 -3.758  0.2954E-24
 -3.748  0.1019E-24
 -3.738  0.3477E-25
 -3.728  0.1174E-25
 -3.718  0.3920E-26
 -3.708  0.1295E-26
 -3.698  0.4232E-27
 -3.688  0.1368E-27
 -3.678  0.4376E-28
 -3.668  0.1384E-28
 -3.658  0.4333E-29
 -3.648  0.1342E-29
 -3.638  0.4109E-30
 -3.628  0.1245E-30
 -3.618  0.3732E-31
 -3.608  0.1107E-31
 -3.598  0.3246E-32
 -3.588  0.9421E-33
 -3.578  0.2704E-33
 -3.568  0.7680E-34
 -3.558  0.2158E-34
 -3.548  0.5996E-35
 -3.538  0.1649E-35
 -3.528  0.4484E-36
 -3.518  0.1206E-36
 -3.508  0.3211E-37
 -3.498  0.8454E-38
 -3.488  0.2202E-38
 -3.478  0.5674E-39
 -3.468  0.1446E-39
 -3.458  0.3647E-40
 -3.448  0.9098E-41
 -3.438  0.2245E-41
 -3.428  0.5481E-42
 -3.418  0.1324E-42
 -3.408  0.3162E-43
 -3.398  0.7473E-44
 -3.388  0.1747E-44
 -3.378  0.4041E-45
 -3.368  0.9246E-46
 -3.358  0.2093E-46
 -3.348  0.4686E-47
 -3.338  0.1038E-47
 -3.328  0.2274E-48
 -3.318  0.4930E-49
 -3.308  0.1057E-49
 -3.298  0.2243E-50
 -3.288  0.4706E-51
 -3.278  0.9770E-52
 -3.268  0.2006E-52
 -3.258  0.4076E-53
 -3.248  0.8193E-54
 -3.238  0.1629E-54
 -3.228  0.3204E-55
 -3.218  0.6233E-56
 -3.208  0.1200E-56
 -3.198  0.2285E-57
 -3.188  0.4303E-58
 -3.178  0.8019E-59
 -3.168  0.1478E-59
 -3.158  0.2696E-60
 -3.148  0.4863E-61
 -3.138  0.8678E-62
 -3.128  0.1532E-62
 -3.118  0.2676E-63
 -3.108  0.4622E-64
 -3.098  0.7900E-65
 -3.088  0.1336E-65
 -3.078  0.2234E-66
 -3.068  0.3697E-67
 -3.058  0.6051E-68
 -3.048  0.9797E-69
 -3.038  0.1569E-69
 -3.028  0.2487E-70
 -3.018  0.3898E-71
 -3.008  0.6046E-72
 -2.998  0.9304E-73
 -2.988  0.1604E-73
 -2.978  0.1513E-73
 -2.968  0.8571E-73
 -2.958  0.5541E-72
 -2.948  0.3556E-71
 -2.938  0.2258E-70
 -2.928  0.1418E-69
 -2.918  0.8813E-69
 -2.908  0.5417E-68
 -2.898  0.3294E-67
 -2.888  0.1982E-66
 -2.878  0.1179E-65
 -2.868  0.6942E-65
 -2.858  0.4043E-64
 -2.848  0.2329E-63
 -2.838  0.1327E-62
 -2.828  0.7483E-62
 -2.818  0.4174E-61
 -2.808  0.2303E-60
 -2.798  0.1257E-59
 -2.788  0.6786E-59
 -2.778  0.3625E-58
 -2.768  0.1915E-57
 -2.758  0.1001E-56
 -2.748  0.5177E-56
 -2.738  0.2648E-55
 -2.728  0.1340E-54
 -2.718  0.6710E-54
 -2.708  0.3323E-53
 -2.698  0.1628E-52
 -2.688  0.7890E-52
 -2.678  0.3783E-51
 -2.668  0.1794E-50
 -2.658  0.8418E-50
 -2.648  0.3907E-49
 -2.638  0.1794E-48
 -2.628  0.8149E-48
 -2.618  0.3662E-47
 -2.608  0.1628E-46
 -2.598  0.7157E-46
 -2.588  0.3114E-45
 -2.578  0.1340E-44
 -2.568  0.5704E-44
 -2.558  0.2402E-43
 -2.548  0.1001E-42
 -2.538  0.4125E-42
 -2.528  0.1682E-41
 -2.518  0.6783E-41
 -2.508  0.2706E-40
 -2.498  0.1068E-39
 -2.488  0.4171E-39
 -2.478  0.1611E-38
 -2.468  0.6157E-38
 -2.458  0.2327E-37
 -2.448  0.8703E-37
 -2.438  0.3219E-36
 -2.428  0.1178E-35
 -2.418  0.4265E-35
 -2.408  0.1528E-34
 -2.398  0.5412E-34
 -2.388  0.1897E-33
 -2.378  0.6576E-33
 -2.368  0.2256E-32
 -2.358  0.7653E-32
 -2.348  0.2569E-31
 -2.338  0.8530E-31
 -2.328  0.2802E-30
 -2.318  0.9105E-30
 -2.308  0.2927E-29
 -2.298  0.9308E-29
 -2.288  0.2928E-28
 -2.278  0.9112E-28
 -2.268  0.2805E-27
 -2.258  0.8544E-27
 -2.248  0.2574E-26
 -2.238  0.7672E-26
 -2.228  0.2262E-25
 -2.218  0.6598E-25
 -2.208  0.1904E-24
 -2.198  0.5434E-24
 -2.188  0.1534E-23
 -2.178  0.4286E-23
 -2.168  0.1184E-22
 -2.158  0.3238E-22
 -2.148  0.8756E-22
 -2.138  0.2343E-21
 -2.128  0.6199E-21
 -2.118  0.1623E-20
 -2.108  0.4204E-20
 -2.098  0.1077E-19
 -2.088  0.2730E-19
 -2.078  0.6845E-19
 -2.068  0.1698E-18
 -2.058  0.4166E-18
 -2.048  0.1011E-17
 -2.038  0.2428E-17
 -2.028  0.5769E-17
 -2.018  0.1356E-16
 -2.008  0.3152E-16
 -1.998  0.7248E-16
 -1.988  0.1649E-15
 -1.978  0.3712E-15
 -1.968  0.8264E-15
 -1.958  0.1820E-14
 -1.948  0.3967E-14
 -1.938  0.8551E-14
 -1.928  0.1823E-13
 -1.918  0.3847E-13
 -1.908  0.8028E-13
 -1.898  0.1658E-12
 -1.888  0.3385E-12
 -1.878  0.6841E-12
 -1.868  0.1367E-11
 -1.858  0.2704E-11
 -1.848  0.5290E-11
 -1.838  0.1024E-10
 -1.828  0.1961E-10
 -1.818  0.3714E-10
 -1.808  0.6960E-10
 -1.798  0.1290E-09
 -1.788  0.2367E-09
 -1.778  0.4295E-09
 -1.768  0.7712E-09
 -1.758  0.1370E-08
 -1.748  0.2407E-08
 -1.738  0.4186E-08
 -1.728  0.7202E-08
 -1.718  0.1226E-07
 -1.708  0.2065E-07
 -1.698  0.3441E-07
 -1.688  0.5674E-07
 -1.678  0.9259E-07
 -1.668  0.1495E-06
 -1.658  0.2389E-06
 -1.648  0.3778E-06
 -1.638  0.5912E-06
 -1.628  0.9157E-06
 -1.618  0.1404E-05
 -1.608  0.2130E-05
 -1.598  0.3200E-05
 -1.588  0.4759E-05
 -1.578  0.7006E-05
 -1.568  0.1021E-04
 -1.558  0.1474E-04
 -1.548  0.2107E-04
 -1.538  0.2983E-04
 -1.528  0.4184E-04
 -1.518  0.5812E-04
 -1.508  0.7999E-04
 -1.498  0.1091E-03
 -1.488  0.1474E-03
 -1.478  0.1975E-03
 -1.468  0.2623E-03
 -1.458  0.3453E-03
 -1.448  0.4508E-03
 -1.438  0.5837E-03
 -1.428  0.7496E-03
 -1.418  0.9550E-03
 -1.408  0.1207E-02
 -1.398  0.1514E-02
 -1.388  0.1884E-02
 -1.378  0.2327E-02
 -1.368  0.2852E-02
 -1.358  0.3470E-02
 -1.348  0.4191E-02
 -1.338  0.5023E-02
 -1.328  0.5975E-02
 -1.318  0.7054E-02
 -1.308  0.8266E-02
 -1.298  0.9611E-02
 -1.288  0.1109E-01
 -1.278  0.1269E-01
 -1.268  0.1441E-01
 -1.258  0.1623E-01
 -1.248  0.1813E-01
 -1.238  0.2008E-01
 -1.228  0.2205E-01
 -1.218  0.2400E-01
 -1.208  0.2589E-01
 -1.198  0.2768E-01
 -1.188  0.2933E-01
 -1.178  0.3079E-01
 -1.168  0.3202E-01
 -1.158  0.3298E-01
 -1.148  0.3364E-01
 -1.138  0.3399E-01
 -1.128  0.3400E-01
 -1.118  0.3368E-01
 -1.108  0.3303E-01
 -1.098  0.3207E-01
 -1.088  0.3082E-01
 -1.078  0.2932E-01
 -1.068  0.2761E-01
 -1.058  0.2573E-01
 -1.048  0.2373E-01
 -1.038  0.2166E-01
 -1.028  0.1957E-01
 -1.018  0.1750E-01
 -1.008  0.1548E-01
 -0.998  0.1355E-01
 -0.988  0.1174E-01
 -0.978  0.1007E-01
 -0.968  0.8548E-02
 -0.958  0.7183E-02
 -0.948  0.5979E-02
 -0.938  0.4933E-02
 -0.928  0.4039E-02
 -0.918  0.3288E-02
 -0.908  0.2671E-02
 -0.898  0.2176E-02
 -0.888  0.1792E-02
 -0.878  0.1509E-02
 -0.868  0.1317E-02
 -0.858  0.1207E-02
 -0.848  0.1172E-02
 -0.838  0.1207E-02
 -0.828  0.1306E-02
 -0.818  0.1467E-02
 -0.808  0.1686E-02
 -0.798  0.1960E-02
 -0.788  0.2288E-02
 -0.778  0.2665E-02
 -0.768  0.3089E-02
 -0.758  0.3554E-02
 -0.748  0.4054E-02
 -0.738  0.4584E-02
 -0.728  0.5133E-02
 -0.718  0.5693E-02
 -0.708  0.6254E-02
 -0.698  0.6806E-02
 -0.688  0.7337E-02
 -0.678  0.7838E-02
 -0.668  0.8301E-02
 -0.658  0.8718E-02
 -0.648  0.9086E-02
 -0.638  0.9403E-02
 -0.628  0.9669E-02
 -0.618  0.9888E-02
 -0.608  0.1007E-01
 -0.598  0.1022E-01
 -0.588  0.1035E-01
 -0.578  0.1048E-01
 -0.568  0.1061E-01
 -0.558  0.1077E-01
 -0.548  0.1097E-01
 -0.538  0.1121E-01
 -0.528  0.1151E-01
 -0.518  0.1187E-01
 -0.508  0.1230E-01
 -0.498  0.1278E-01
 -0.488  0.1333E-01
 -0.478  0.1392E-01
 -0.468  0.1453E-01
 -0.458  0.1517E-01
 -0.448  0.1580E-01
 -0.438  0.1641E-01
 -0.428  0.1697E-01
 -0.418  0.1747E-01
 -0.408  0.1789E-01
 -0.398  0.1822E-01
 -0.388  0.1843E-01
 -0.378  0.1853E-01
 -0.368  0.1851E-01
 -0.358  0.1837E-01
 -0.348  0.1811E-01
 -0.338  0.1775E-01
 -0.328  0.1729E-01
 -0.318  0.1676E-01
 -0.308  0.1616E-01
 -0.298  0.1551E-01
 -0.288  0.1484E-01
 -0.278  0.1416E-01
 -0.268  0.1348E-01
 -0.258  0.1282E-01
 -0.248  0.1218E-01
 -0.238  0.1158E-01
 -0.228  0.1102E-01
 -0.218  0.1049E-01
 -0.208  0.1000E-01
 -0.198  0.9548E-02
 -0.188  0.9121E-02
 -0.178  0.8716E-02
 -0.168  0.8327E-02
 -0.158  0.7948E-02
 -0.148  0.7576E-02
 -0.138  0.7208E-02
 -0.128  0.6843E-02
 -0.118  0.6482E-02
 -0.108  0.6129E-02
 -0.098  0.5788E-02
 -0.088  0.5467E-02
 -0.078  0.5173E-02
 -0.068  0.4916E-02
 -0.058  0.4703E-02
 -0.048  0.4545E-02
 -0.038  0.4448E-02
 -0.028  0.4420E-02
 -0.018  0.4465E-02
 -0.008  0.4586E-02
  0.002  0.4784E-02
  0.012  0.5057E-02
  0.022  0.5402E-02
  0.032  0.5811E-02
  0.042  0.6275E-02
  0.052  0.6784E-02
  0.062  0.7325E-02
  0.072  0.7884E-02
  0.082  0.8447E-02
  0.092  0.8999E-02
  0.102  0.9526E-02
  0.112  0.1001E-01
  0.122  0.1045E-01
  0.132  0.1082E-01
  0.142  0.1113E-01
  0.152  0.1136E-01
  0.162  0.1152E-01
  0.172  0.1159E-01
  0.182  0.1160E-01
  0.192  0.1153E-01
  0.202  0.1140E-01
  0.212  0.1122E-01
  0.222  0.1100E-01
  0.232  0.1076E-01
  0.242  0.1049E-01
  0.252  0.1023E-01
  0.262  0.9973E-02
  0.272  0.9737E-02
  0.282  0.9529E-02
  0.292  0.9357E-02
  0.302  0.9225E-02
  0.312  0.9134E-02
  0.322  0.9084E-02
  0.332  0.9071E-02
  0.342  0.9088E-02
  0.352  0.9127E-02
  0.362  0.9177E-02
  0.372  0.9228E-02
  0.382  0.9266E-02
  0.392  0.9281E-02
  0.402  0.9262E-02
  0.412  0.9197E-02
  0.422  0.9081E-02
  0.432  0.8907E-02
  0.442  0.8672E-02
  0.452  0.8377E-02
  0.462  0.8025E-02
  0.472  0.7620E-02
  0.482  0.7169E-02
  0.492  0.6681E-02
  0.502  0.6167E-02
  0.512  0.5636E-02
  0.522  0.5100E-02
  0.532  0.4568E-02
  0.542  0.4050E-02
  0.552  0.3554E-02
  0.562  0.3086E-02
  0.572  0.2652E-02
  0.582  0.2255E-02
  0.592  0.1898E-02
  0.602  0.1580E-02
  0.612  0.1302E-02
  0.622  0.1061E-02
  0.632  0.8561E-03
  0.642  0.6832E-03
  0.652  0.5395E-03
  0.662  0.4215E-03
  0.672  0.3258E-03
  0.682  0.2492E-03
  0.692  0.1885E-03
  0.702  0.1411E-03
  0.712  0.1045E-03
  0.722  0.7660E-04
  0.732  0.5553E-04
  0.742  0.3983E-04
  0.752  0.2827E-04
  0.762  0.1985E-04
  0.772  0.1379E-04
  0.782  0.9476E-05
  0.792  0.6443E-05
  0.802  0.4334E-05
  0.812  0.2885E-05
  0.822  0.1900E-05
  0.832  0.1237E-05
  0.842  0.7976E-06
