 -5.548  0.2503E-06
 -5.538  0.3870E-06
 -5.528  0.5918E-06
 -5.518  0.8954E-06
 -5.508  0.1340E-05
 -5.498  0.1984E-05
 -5.488  0.2906E-05
 -5.478  0.4212E-05
 -5.468  0.6038E-05
 -5.458  0.8562E-05
 -5.448  0.1201E-04
 -5.438  0.1667E-04
 -5.428  0.2290E-04
 -5.418  0.3110E-04
 -5.408  0.4180E-04
 -5.398  0.5558E-04
 -5.388  0.7312E-04
 -5.378  0.9517E-04
 -5.368  0.1226E-03
 -5.358  0.1562E-03
 -5.348  0.1969E-03
 -5.338  0.2456E-03
 -5.328  0.3032E-03
 -5.318  0.3705E-03
 -5.308  0.4479E-03
 -5.298  0.5361E-03
 -5.288  0.6351E-03
 -5.278  0.7448E-03
 -5.268  0.8650E-03
 -5.258  0.9947E-03
 -5.248  0.1133E-02
 -5.238  0.1279E-02
 -5.228  0.1430E-02
 -5.218  0.1585E-02
 -5.208  0.1743E-02
 -5.198  0.1901E-02
 -5.188  0.2059E-02
 -5.178  0.2214E-02
 -5.168  0.2366E-02
 -5.158  0.2515E-02
 -5.148  0.2660E-02
 -5.138  0.2803E-02
 -5.128  0.2945E-02
 -5.118  0.3088E-02
 -5.108  0.3235E-02
 -5.098  0.3387E-02
 -5.088  0.3547E-02
 -5.078  0.3720E-02
 -5.068  0.3907E-02
 -5.058  0.4111E-02
 -5.048  0.4334E-02
 -5.038  0.4578E-02
 -5.028  0.4844E-02
 -5.018  0.5131E-02
 -5.008  0.5438E-02
 -4.998  0.5764E-02
 -4.988  0.6105E-02
 -4.978  0.6459E-02
 -4.968  0.6821E-02
 -4.958  0.7186E-02
 -4.948  0.7547E-02
 -4.938  0.7900E-02
 -4.928  0.8237E-02
 -4.918  0.8553E-02
 -4.908  0.8842E-02
 -4.898  0.9097E-02
 -4.888  0.9314E-02
 -4.878  0.9488E-02
 -4.868  0.9617E-02
 -4.858  0.9697E-02
 -4.848  0.9727E-02
 -4.838  0.9707E-02
 -4.828  0.9636E-02
 -4.818  0.9517E-02
 -4.808  0.9351E-02
 -4.798  0.9140E-02
 -4.788  0.8888E-02
 -4.778  0.8598E-02
 -4.768  0.8274E-02
 -4.758  0.7919E-02
 -4.748  0.7537E-02
 -4.738  0.7134E-02
 -4.728  0.6713E-02
 -4.718  0.6278E-02
 -4.708  0.5835E-02
 -4.698  0.5388E-02
 -4.688  0.4941E-02
 -4.678  0.4499E-02
 -4.668  0.4067E-02
 -4.658  0.3648E-02
 -4.648  0.3247E-02
 -4.638  0.2867E-02
 -4.628  0.2509E-02
 -4.618  0.2178E-02
 -4.608  0.1874E-02
 -4.598  0.1597E-02
 -4.588  0.1349E-02
 -4.578  0.1129E-02
 -4.568  0.9357E-03
 -4.558  0.7680E-03
 -4.548  0.6243E-03
 -4.538  0.5024E-03
 -4.528  0.4003E-03
 -4.518  0.3157E-03
 -4.508  0.2465E-03
 -4.498  0.1905E-03
 -4.488  0.1457E-03
 -4.478  0.1102E-03
 -4.468  0.8257E-04
 -4.458  0.6120E-04
 -4.448  0.4488E-04
 -4.438  0.3257E-04
 -4.428  0.2339E-04
 -4.418  0.1662E-04
 -4.408  0.1168E-04
 -4.398  0.8125E-05
 -4.388  0.5591E-05
 -4.378  0.3806E-05
 -4.368  0.2564E-05
 -4.358  0.1708E-05
 -4.348  0.1126E-05
 -4.338  0.7346E-06
 -4.328  0.4740E-06
 -4.318  0.3026E-06
 -4.308  0.1911E-06
 -4.298  0.1194E-06
 -4.288  0.7377E-07
 -4.278  0.4511E-07
 -4.268  0.2728E-07
 -4.258  0.1633E-07
 -4.248  0.9665E-08
 -4.238  0.5660E-08
 -4.228  0.3279E-08
 -4.218  0.1879E-08
 -4.208  0.1065E-08
 -4.198  0.5975E-09
 -4.188  0.3315E-09
 -4.178  0.1820E-09
 -4.168  0.9882E-10
 -4.158  0.5308E-10
 -4.148  0.2821E-10
 -4.138  0.1483E-10
 -4.128  0.7711E-11
 -4.118  0.3967E-11
 -4.108  0.2019E-11
 -4.098  0.1016E-11
 -4.088  0.5062E-12
 -4.078  0.2494E-12
 -4.068  0.1216E-12
 -4.058  0.5862E-13
 -4.048  0.2796E-13
 -4.038  0.1319E-13
 -4.028  0.6159E-14
 -4.018  0.2844E-14
 -4.008  0.1299E-14
 -3.998  0.5871E-15
 -3.988  0.2625E-15
 -3.978  0.1161E-15
 -3.968  0.5078E-16
 -3.958  0.2198E-16
 -3.948  0.9410E-17
 -3.938  0.3985E-17
 -3.928  0.1670E-17
 -3.918  0.6922E-18
 -3.908  0.2838E-18
 -3.898  0.1151E-18
 -3.888  0.4620E-19
 -3.878  0.1834E-19
 -3.868  0.7201E-20
 -3.858  0.2797E-20
 -3.848  0.1075E-20
 -3.838  0.4087E-21
 -3.828  0.1537E-21
 -3.818  0.5719E-22
 -3.808  0.2105E-22
 -3.798  0.7663E-23
 -3.788  0.2760E-23
 -3.778  0.9835E-24
 -3.768  0.3467E-24
 -3.758  0.1209E-24
 -3.748  0.4170E-25
 -3.738  0.1423E-25
 -3.728  0.4803E-26
 -3.718  0.1604E-26
 -3.708  0.5299E-27
 -3.698  0.1732E-27
 -3.688  0.5598E-28
 -3.678  0.1790E-28
 -3.668  0.5665E-29
 -3.658  0.1773E-29
 -3.648  0.5490E-30
 -3.638  0.1681E-30
 -3.628  0.5095E-31
 -3.618  0.1527E-31
 -3.608  0.4528E-32
 -3.598  0.1328E-32
 -3.588  0.3855E-33
 -3.578  0.1107E-33
 -3.568  0.3143E-34
 -3.558  0.8828E-35
 -3.548  0.2454E-35
 -3.538  0.6745E-36
 -3.528  0.1835E-36
 -3.518  0.4936E-37
 -3.508  0.1314E-37
 -3.498  0.3459E-38
 -3.488  0.9010E-39
 -3.478  0.2322E-39
 -3.468  0.5918E-40
 -3.458  0.1492E-40
 -3.448  0.3723E-41
 -3.438  0.9186E-42
 -3.428  0.2243E-42
 -3.418  0.5416E-43
 -3.408  0.1294E-43
 -3.398  0.3058E-44
 -3.388  0.7149E-45
 -3.378  0.1653E-45
 -3.368  0.3783E-46
 -3.358  0.8563E-47
 -3.348  0.1917E-47
 -3.338  0.4247E-48
 -3.328  0.9306E-49
 -3.318  0.2017E-49
 -3.308  0.4326E-50
 -3.298  0.9176E-51
 -3.288  0.1926E-51
 -3.278  0.3998E-52
 -3.268  0.8210E-53
 -3.258  0.1668E-53
 -3.248  0.3352E-54
 -3.238  0.6665E-55
 -3.228  0.1311E-55
 -3.218  0.2551E-56
 -3.208  0.4909E-57
 -3.198  0.9348E-58
 -3.188  0.1761E-58
 -3.178  0.3281E-59
 -3.168  0.6048E-60
 -3.158  0.1103E-60
 -3.148  0.1990E-61
 -3.138  0.3551E-62
 -3.128  0.6268E-63
 -3.118  0.1095E-63
 -3.108  0.1891E-64
 -3.098  0.3233E-65
 -3.088  0.5465E-66
 -3.078  0.9141E-67
 -3.068  0.1513E-67
 -3.058  0.2476E-68
 -3.048  0.4009E-69
 -3.038  0.6422E-70
 -3.028  0.1018E-70
 -3.018  0.1595E-71
 -3.008  0.2474E-72
 -2.998  0.3802E-73
 -2.988  0.6209E-74
 -2.978  0.3849E-74
 -2.968  0.1970E-73
 -2.958  0.1270E-72
 -2.948  0.8150E-72
 -2.938  0.5175E-71
 -2.928  0.3250E-70
 -2.918  0.2020E-69
 -2.908  0.1241E-68
 -2.898  0.7549E-68
 -2.888  0.4541E-67
 -2.878  0.2702E-66
 -2.868  0.1591E-65
 -2.858  0.9264E-65
 -2.848  0.5337E-64
 -2.838  0.3042E-63
 -2.828  0.1715E-62
 -2.818  0.9565E-62
 -2.808  0.5277E-61
 -2.798  0.2880E-60
 -2.788  0.1555E-59
 -2.778  0.8307E-59
 -2.768  0.4389E-58
 -2.758  0.2294E-57
 -2.748  0.1186E-56
 -2.738  0.6069E-56
 -2.728  0.3071E-55
 -2.718  0.1538E-54
 -2.708  0.7615E-54
 -2.698  0.3731E-53
 -2.688  0.1808E-52
 -2.678  0.8669E-52
 -2.668  0.4111E-51
 -2.658  0.1929E-50
 -2.648  0.8954E-50
 -2.638  0.4111E-49
 -2.628  0.1867E-48
 -2.618  0.8391E-48
 -2.608  0.3730E-47
 -2.598  0.1640E-46
 -2.588  0.7135E-46
 -2.578  0.3071E-45
 -2.568  0.1307E-44
 -2.558  0.5505E-44
 -2.548  0.2294E-43
 -2.538  0.9453E-43
 -2.528  0.3854E-42
 -2.518  0.1554E-41
 -2.508  0.6202E-41
 -2.498  0.2448E-40
 -2.488  0.9559E-40
 -2.478  0.3692E-39
 -2.468  0.1411E-38
 -2.458  0.5333E-38
 -2.448  0.1994E-37
 -2.438  0.7378E-37
 -2.428  0.2700E-36
 -2.418  0.9775E-36
 -2.408  0.3501E-35
 -2.398  0.1240E-34
 -2.388  0.4347E-34
 -2.378  0.1507E-33
 -2.368  0.5169E-33
 -2.358  0.1754E-32
 -2.348  0.5887E-32
 -2.338  0.1955E-31
 -2.328  0.6421E-31
 -2.318  0.2087E-30
 -2.308  0.6707E-30
 -2.298  0.2133E-29
 -2.288  0.6710E-29
 -2.278  0.2088E-28
 -2.268  0.6429E-28
 -2.258  0.1958E-27
 -2.248  0.5899E-27
 -2.238  0.1758E-26
 -2.228  0.5184E-26
 -2.218  0.1512E-25
 -2.208  0.4363E-25
 -2.198  0.1245E-24
 -2.188  0.3516E-24
 -2.178  0.9823E-24
 -2.168  0.2714E-23
 -2.158  0.7420E-23
 -2.148  0.2007E-22
 -2.138  0.5368E-22
 -2.128  0.1421E-21
 -2.118  0.3720E-21
 -2.108  0.9633E-21
 -2.098  0.2468E-20
 -2.088  0.6256E-20
 -2.078  0.1569E-19
 -2.068  0.3891E-19
 -2.058  0.9547E-19
 -2.048  0.2317E-18
 -2.038  0.5565E-18
 -2.028  0.1322E-17
 -2.018  0.3107E-17
 -2.008  0.7223E-17
 -1.998  0.1661E-16
 -1.988  0.3779E-16
 -1.978  0.8506E-16
 -1.968  0.1894E-15
 -1.958  0.4172E-15
 -1.948  0.9090E-15
 -1.938  0.1959E-14
 -1.928  0.4179E-14
 -1.918  0.8815E-14
 -1.908  0.1840E-13
 -1.898  0.3798E-13
 -1.888  0.7758E-13
 -1.878  0.1568E-12
 -1.868  0.3133E-12
 -1.858  0.6196E-12
 -1.848  0.1212E-11
 -1.838  0.2346E-11
 -1.828  0.4492E-11
 -1.818  0.8510E-11
 -1.808  0.1595E-10
 -1.798  0.2957E-10
 -1.788  0.5423E-10
 -1.778  0.9841E-10
 -1.768  0.1767E-09
 -1.758  0.3138E-09
 -1.748  0.5515E-09
 -1.738  0.9590E-09
 -1.728  0.1650E-08
 -1.718  0.2808E-08
 -1.708  0.4729E-08
 -1.698  0.7881E-08
 -1.688  0.1300E-07
 -1.678  0.2120E-07
 -1.668  0.3424E-07
 -1.658  0.5470E-07
 -1.648  0.8649E-07
 -1.638  0.1354E-06
 -1.628  0.2096E-06
 -1.618  0.3213E-06
 -1.608  0.4876E-06
 -1.598  0.7323E-06
 -1.588  0.1089E-05
 -1.578  0.1603E-05
 -1.568  0.2336E-05
 -1.558  0.3371E-05
 -1.548  0.4818E-05
 -1.538  0.6820E-05
 -1.528  0.9562E-05
 -1.518  0.1328E-04
 -1.508  0.1827E-04
 -1.498  0.2491E-04
 -1.488  0.3366E-04
 -1.478  0.4508E-04
 -1.468  0.5985E-04
 -1.458  0.7877E-04
 -1.448  0.1028E-03
 -1.438  0.1331E-03
 -1.428  0.1708E-03
 -1.418  0.2175E-03
 -1.408  0.2748E-03
 -1.398  0.3446E-03
 -1.388  0.4287E-03
 -1.378  0.5293E-03
 -1.368  0.6486E-03
 -1.358  0.7888E-03
 -1.348  0.9523E-03
 -1.338  0.1141E-02
 -1.328  0.1357E-02
 -1.318  0.1602E-02
 -1.308  0.1877E-02
 -1.298  0.2182E-02
 -1.288  0.2517E-02
 -1.278  0.2880E-02
 -1.268  0.3271E-02
 -1.258  0.3683E-02
 -1.248  0.4114E-02
 -1.238  0.4557E-02
 -1.228  0.5004E-02
 -1.218  0.5448E-02
 -1.208  0.5878E-02
 -1.198  0.6286E-02
 -1.188  0.6661E-02
 -1.178  0.6994E-02
 -1.168  0.7275E-02
 -1.158  0.7495E-02
 -1.148  0.7648E-02
 -1.138  0.7729E-02
 -1.128  0.7734E-02
 -1.118  0.7663E-02
 -1.108  0.7518E-02
 -1.098  0.7301E-02
 -1.088  0.7019E-02
 -1.078  0.6680E-02
 -1.068  0.6292E-02
 -1.058  0.5866E-02
 -1.048  0.5413E-02
 -1.038  0.4943E-02
 -1.028  0.4468E-02
 -1.018  0.3996E-02
 -1.008  0.3537E-02
 -0.998  0.3099E-02
 -0.988  0.2687E-02
 -0.978  0.2306E-02
 -0.968  0.1960E-02
 -0.958  0.1651E-02
 -0.948  0.1378E-02
 -0.938  0.1143E-02
 -0.928  0.9441E-03
 -0.918  0.7796E-03
 -0.908  0.6478E-03
 -0.898  0.5470E-03
 -0.888  0.4753E-03
 -0.878  0.4312E-03
 -0.868  0.4135E-03
 -0.858  0.4216E-03
 -0.848  0.4549E-03
 -0.838  0.5137E-03
 -0.828  0.5982E-03
 -0.818  0.7093E-03
 -0.808  0.8476E-03
 -0.798  0.1014E-02
 -0.788  0.1209E-02
 -0.778  0.1434E-02
 -0.768  0.1688E-02
 -0.758  0.1970E-02
 -0.748  0.2281E-02
 -0.738  0.2617E-02
 -0.728  0.2976E-02
 -0.718  0.3356E-02
 -0.708  0.3753E-02
 -0.698  0.4163E-02
 -0.688  0.4582E-02
 -0.678  0.5007E-02
 -0.668  0.5435E-02
 -0.658  0.5864E-02
 -0.648  0.6291E-02
 -0.638  0.6719E-02
 -0.628  0.7148E-02
 -0.618  0.7580E-02
 -0.608  0.8021E-02
 -0.598  0.8474E-02
 -0.588  0.8947E-02
 -0.578  0.9445E-02
 -0.568  0.9974E-02
 -0.558  0.1054E-01
 -0.548  0.1114E-01
 -0.538  0.1178E-01
 -0.528  0.1246E-01
 -0.518  0.1317E-01
 -0.508  0.1390E-01
 -0.498  0.1464E-01
 -0.488  0.1538E-01
 -0.478  0.1609E-01
 -0.468  0.1677E-01
 -0.458  0.1738E-01
 -0.448  0.1791E-01
 -0.438  0.1835E-01
 -0.428  0.1866E-01
 -0.418  0.1885E-01
 -0.408  0.1890E-01
 -0.398  0.1880E-01
 -0.388  0.1856E-01
 -0.378  0.1818E-01
 -0.368  0.1766E-01
 -0.358  0.1704E-01
 -0.348  0.1631E-01
 -0.338  0.1551E-01
 -0.328  0.1465E-01
 -0.318  0.1375E-01
 -0.308  0.1285E-01
 -0.298  0.1195E-01
 -0.288  0.1109E-01
 -0.278  0.1026E-01
 -0.268  0.9499E-02
 -0.258  0.8798E-02
 -0.248  0.8166E-02
 -0.238  0.7606E-02
 -0.228  0.7113E-02
 -0.218  0.6685E-02
 -0.208  0.6313E-02
 -0.198  0.5990E-02
 -0.188  0.5706E-02
 -0.178  0.5452E-02
 -0.168  0.5220E-02
 -0.158  0.5002E-02
 -0.148  0.4793E-02
 -0.138  0.4587E-02
 -0.128  0.4383E-02
 -0.118  0.4181E-02
 -0.108  0.3982E-02
 -0.098  0.3790E-02
 -0.088  0.3609E-02
 -0.078  0.3446E-02
 -0.068  0.3307E-02
 -0.058  0.3201E-02
 -0.048  0.3133E-02
 -0.038  0.3111E-02
 -0.028  0.3140E-02
 -0.018  0.3227E-02
 -0.008  0.3373E-02
  0.002  0.3583E-02
  0.012  0.3855E-02
  0.022  0.4189E-02
  0.032  0.4582E-02
  0.042  0.5030E-02
  0.052  0.5524E-02
  0.062  0.6059E-02
  0.072  0.6624E-02
  0.082  0.7209E-02
  0.092  0.7803E-02
  0.102  0.8394E-02
  0.112  0.8970E-02
  0.122  0.9519E-02
  0.132  0.1003E-01
  0.142  0.1049E-01
  0.152  0.1090E-01
  0.162  0.1124E-01
  0.172  0.1150E-01
  0.182  0.1169E-01
  0.192  0.1180E-01
  0.202  0.1183E-01
  0.212  0.1178E-01
  0.222  0.1166E-01
  0.232  0.1146E-01
  0.242  0.1121E-01
  0.252  0.1090E-01
  0.262  0.1055E-01
  0.272  0.1016E-01
  0.282  0.9748E-02
  0.292  0.9324E-02
  0.302  0.8896E-02
  0.312  0.8473E-02
  0.322  0.8060E-02
  0.332  0.7665E-02
  0.342  0.7290E-02
  0.352  0.6937E-02
  0.362  0.6607E-02
  0.372  0.6298E-02
  0.382  0.6007E-02
  0.392  0.5732E-02
  0.402  0.5468E-02
  0.412  0.5211E-02
  0.422  0.4958E-02
  0.432  0.4704E-02
  0.442  0.4447E-02
  0.452  0.4186E-02
  0.462  0.3920E-02
  0.472  0.3649E-02
  0.482  0.3374E-02
  0.492  0.3097E-02
  0.502  0.2820E-02
  0.512  0.2547E-02
  0.522  0.2281E-02
  0.532  0.2024E-02
  0.542  0.1779E-02
  0.552  0.1549E-02
  0.562  0.1336E-02
  0.572  0.1140E-02
  0.582  0.9640E-03
  0.592  0.8066E-03
  0.602  0.6681E-03
  0.612  0.5476E-03
  0.622  0.4442E-03
  0.632  0.3566E-03
  0.642  0.2833E-03
  0.652  0.2227E-03
  0.662  0.1733E-03
  0.672  0.1334E-03
  0.682  0.1016E-03
  0.692  0.7654E-04
  0.702  0.5707E-04
  0.712  0.4210E-04
  0.722  0.3073E-04
  0.732  0.2220E-04
  0.742  0.1586E-04
  0.752  0.1121E-04
  0.762  0.7843E-05
  0.772  0.5428E-05
  0.782  0.3717E-05
  0.792  0.2518E-05
  0.802  0.1688E-05
  0.812  0.1119E-05
  0.822  0.7344E-06
  0.832  0.4767E-06
  0.842  0.3062E-06
