 -5.548  0.1337E-10
 -5.538  0.2068E-10
 -5.528  0.3163E-10
 -5.518  0.4786E-10
 -5.508  0.7166E-10
 -5.498  0.1061E-09
 -5.488  0.1555E-09
 -5.478  0.2255E-09
 -5.468  0.3234E-09
 -5.458  0.4590E-09
 -5.448  0.6446E-09
 -5.438  0.8955E-09
 -5.428  0.1231E-08
 -5.418  0.1675E-08
 -5.408  0.2255E-08
 -5.398  0.3004E-08
 -5.388  0.3961E-08
 -5.378  0.5170E-08
 -5.368  0.6680E-08
 -5.358  0.8545E-08
 -5.348  0.1082E-07
 -5.338  0.1357E-07
 -5.328  0.1686E-07
 -5.318  0.2076E-07
 -5.308  0.2532E-07
 -5.298  0.3061E-07
 -5.288  0.3670E-07
 -5.278  0.4363E-07
 -5.268  0.5148E-07
 -5.258  0.6030E-07
 -5.248  0.7014E-07
 -5.238  0.8107E-07
 -5.228  0.9314E-07
 -5.218  0.1064E-06
 -5.208  0.1210E-06
 -5.198  0.1370E-06
 -5.188  0.1545E-06
 -5.178  0.1735E-06
 -5.168  0.1942E-06
 -5.158  0.2167E-06
 -5.148  0.2409E-06
 -5.138  0.2670E-06
 -5.128  0.2950E-06
 -5.118  0.3246E-06
 -5.108  0.3558E-06
 -5.098  0.3882E-06
 -5.088  0.4216E-06
 -5.078  0.4555E-06
 -5.068  0.4894E-06
 -5.058  0.5225E-06
 -5.048  0.5544E-06
 -5.038  0.5842E-06
 -5.028  0.6113E-06
 -5.018  0.6350E-06
 -5.008  0.6547E-06
 -4.998  0.6700E-06
 -4.988  0.6806E-06
 -4.978  0.6862E-06
 -4.968  0.6868E-06
 -4.958  0.6827E-06
 -4.948  0.6742E-06
 -4.938  0.6617E-06
 -4.928  0.6460E-06
 -4.918  0.6276E-06
 -4.908  0.6074E-06
 -4.898  0.5861E-06
 -4.888  0.5646E-06
 -4.878  0.5434E-06
 -4.868  0.5231E-06
 -4.858  0.5043E-06
 -4.848  0.4871E-06
 -4.838  0.4718E-06
 -4.828  0.4584E-06
 -4.818  0.4466E-06
 -4.808  0.4364E-06
 -4.798  0.4272E-06
 -4.788  0.4187E-06
 -4.778  0.4104E-06
 -4.768  0.4019E-06
 -4.758  0.3928E-06
 -4.748  0.3826E-06
 -4.738  0.3711E-06
 -4.728  0.3581E-06
 -4.718  0.3434E-06
 -4.708  0.3271E-06
 -4.698  0.3093E-06
 -4.688  0.2901E-06
 -4.678  0.2698E-06
 -4.668  0.2487E-06
 -4.658  0.2272E-06
 -4.648  0.2056E-06
 -4.638  0.1842E-06
 -4.628  0.1635E-06
 -4.618  0.1436E-06
 -4.608  0.1249E-06
 -4.598  0.1076E-06
 -4.588  0.9165E-07
 -4.578  0.7729E-07
 -4.568  0.6450E-07
 -4.558  0.5326E-07
 -4.548  0.4352E-07
 -4.538  0.3519E-07
 -4.528  0.2815E-07
 -4.518  0.2228E-07
 -4.508  0.1745E-07
 -4.498  0.1352E-07
 -4.488  0.1037E-07
 -4.478  0.7862E-08
 -4.468  0.5899E-08
 -4.458  0.4379E-08
 -4.448  0.3216E-08
 -4.438  0.2336E-08
 -4.428  0.1679E-08
 -4.418  0.1194E-08
 -4.408  0.8400E-09
 -4.398  0.5846E-09
 -4.388  0.4024E-09
 -4.378  0.2741E-09
 -4.368  0.1847E-09
 -4.358  0.1231E-09
 -4.348  0.8116E-10
 -4.338  0.5294E-10
 -4.328  0.3416E-10
 -4.318  0.2181E-10
 -4.308  0.1377E-10
 -4.298  0.8604E-11
 -4.288  0.5318E-11
 -4.278  0.3251E-11
 -4.268  0.1966E-11
 -4.258  0.1177E-11
 -4.248  0.6964E-12
 -4.238  0.4078E-12
 -4.228  0.2362E-12
 -4.218  0.1353E-12
 -4.208  0.7672E-13
 -4.198  0.4302E-13
 -4.188  0.2387E-13
 -4.178  0.1310E-13
 -4.168  0.7111E-14
 -4.158  0.3819E-14
 -4.148  0.2029E-14
 -4.138  0.1066E-14
 -4.128  0.5545E-15
 -4.118  0.2852E-15
 -4.108  0.1451E-15
 -4.098  0.7305E-16
 -4.088  0.3637E-16
 -4.078  0.1792E-16
 -4.068  0.8731E-17
 -4.058  0.4209E-17
 -4.048  0.2007E-17
 -4.038  0.9470E-18
 -4.028  0.4420E-18
 -4.018  0.2040E-18
 -4.008  0.9319E-19
 -3.998  0.4210E-19
 -3.988  0.1882E-19
 -3.978  0.8321E-20
 -3.968  0.3640E-20
 -3.958  0.1575E-20
 -3.948  0.6741E-21
 -3.938  0.2855E-21
 -3.928  0.1196E-21
 -3.918  0.4955E-22
 -3.908  0.2031E-22
 -3.898  0.8238E-23
 -3.888  0.3305E-23
 -3.878  0.1312E-23
 -3.868  0.5150E-24
 -3.858  0.2000E-24
 -3.848  0.7685E-25
 -3.838  0.2921E-25
 -3.828  0.1098E-25
 -3.818  0.4085E-26
 -3.808  0.1503E-26
 -3.798  0.5472E-27
 -3.788  0.1971E-27
 -3.778  0.7020E-28
 -3.768  0.2474E-28
 -3.758  0.8624E-29
 -3.748  0.2974E-29
 -3.738  0.1015E-29
 -3.728  0.3425E-30
 -3.718  0.1143E-30
 -3.708  0.3777E-31
 -3.698  0.1234E-31
 -3.688  0.3988E-32
 -3.678  0.1275E-32
 -3.668  0.4034E-33
 -3.658  0.1262E-33
 -3.648  0.3908E-34
 -3.638  0.1197E-34
 -3.628  0.3625E-35
 -3.618  0.1086E-35
 -3.608  0.3221E-36
 -3.598  0.9446E-37
 -3.588  0.2740E-37
 -3.578  0.7865E-38
 -3.568  0.2233E-38
 -3.558  0.6272E-39
 -3.548  0.1743E-39
 -3.538  0.4790E-40
 -3.528  0.1303E-40
 -3.518  0.3504E-41
 -3.508  0.9324E-42
 -3.498  0.2454E-42
 -3.488  0.6392E-43
 -3.478  0.1647E-43
 -3.468  0.4196E-44
 -3.458  0.1058E-44
 -3.448  0.2639E-45
 -3.438  0.6510E-46
 -3.428  0.1589E-46
 -3.418  0.3836E-47
 -3.408  0.9163E-48
 -3.398  0.2165E-48
 -3.388  0.5061E-49
 -3.378  0.1170E-49
 -3.368  0.2677E-50
 -3.358  0.6058E-51
 -3.348  0.1356E-51
 -3.338  0.3003E-52
 -3.328  0.6579E-53
 -3.318  0.1426E-53
 -3.308  0.3057E-54
 -3.298  0.6484E-55
 -3.288  0.1360E-55
 -3.278  0.2823E-56
 -3.268  0.5797E-57
 -3.258  0.1178E-57
 -3.248  0.2366E-58
 -3.238  0.4703E-59
 -3.228  0.9248E-60
 -3.218  0.1799E-60
 -3.208  0.3462E-61
 -3.198  0.6591E-62
 -3.188  0.1241E-62
 -3.178  0.2312E-63
 -3.168  0.4262E-64
 -3.158  0.7770E-65
 -3.148  0.1401E-65
 -3.138  0.2500E-66
 -3.128  0.4413E-67
 -3.118  0.7706E-68
 -3.108  0.1331E-68
 -3.098  0.2274E-69
 -3.088  0.3845E-70
 -3.078  0.6429E-71
 -3.068  0.1064E-71
 -3.058  0.1740E-72
 -3.048  0.2818E-73
 -3.038  0.4512E-74
 -3.028  0.7149E-75
 -3.018  0.1121E-75
 -3.008  0.1743E-76
 -2.998  0.3064E-77
 -2.988  0.3081E-77
 -2.978  0.1780E-76
 -2.968  0.1164E-75
 -2.958  0.7550E-75
 -2.948  0.4846E-74
 -2.938  0.3077E-73
 -2.928  0.1933E-72
 -2.918  0.1201E-71
 -2.908  0.7381E-71
 -2.898  0.4489E-70
 -2.888  0.2700E-69
 -2.878  0.1607E-68
 -2.868  0.9459E-68
 -2.858  0.5509E-67
 -2.848  0.3173E-66
 -2.838  0.1809E-65
 -2.828  0.1020E-64
 -2.818  0.5687E-64
 -2.808  0.3138E-63
 -2.798  0.1713E-62
 -2.788  0.9247E-62
 -2.778  0.4939E-61
 -2.768  0.2610E-60
 -2.758  0.1364E-59
 -2.748  0.7055E-59
 -2.738  0.3609E-58
 -2.728  0.1826E-57
 -2.718  0.9143E-57
 -2.708  0.4528E-56
 -2.698  0.2218E-55
 -2.688  0.1075E-54
 -2.678  0.5154E-54
 -2.668  0.2445E-53
 -2.658  0.1147E-52
 -2.648  0.5324E-52
 -2.638  0.2444E-51
 -2.628  0.1110E-50
 -2.618  0.4989E-50
 -2.608  0.2218E-49
 -2.598  0.9753E-49
 -2.588  0.4243E-48
 -2.578  0.1826E-47
 -2.568  0.7773E-47
 -2.558  0.3273E-46
 -2.548  0.1364E-45
 -2.538  0.5621E-45
 -2.528  0.2292E-44
 -2.518  0.9243E-44
 -2.508  0.3688E-43
 -2.498  0.1456E-42
 -2.488  0.5684E-42
 -2.478  0.2195E-41
 -2.468  0.8389E-41
 -2.458  0.3171E-40
 -2.448  0.1186E-39
 -2.438  0.4387E-39
 -2.428  0.1605E-38
 -2.418  0.5812E-38
 -2.408  0.2081E-37
 -2.398  0.7374E-37
 -2.388  0.2585E-36
 -2.378  0.8961E-36
 -2.368  0.3074E-35
 -2.358  0.1043E-34
 -2.348  0.3500E-34
 -2.338  0.1162E-33
 -2.328  0.3818E-33
 -2.318  0.1241E-32
 -2.308  0.3988E-32
 -2.298  0.1268E-31
 -2.288  0.3990E-31
 -2.278  0.1242E-30
 -2.268  0.3823E-30
 -2.258  0.1164E-29
 -2.248  0.3507E-29
 -2.238  0.1045E-28
 -2.228  0.3082E-28
 -2.218  0.8990E-28
 -2.208  0.2594E-27
 -2.198  0.7404E-27
 -2.188  0.2091E-26
 -2.178  0.5840E-26
 -2.168  0.1614E-25
 -2.158  0.4412E-25
 -2.148  0.1193E-24
 -2.138  0.3192E-24
 -2.128  0.8446E-24
 -2.118  0.2211E-23
 -2.108  0.5727E-23
 -2.098  0.1467E-22
 -2.088  0.3719E-22
 -2.078  0.9325E-22
 -2.068  0.2313E-21
 -2.058  0.5675E-21
 -2.048  0.1378E-20
 -2.038  0.3308E-20
 -2.028  0.7858E-20
 -2.018  0.1847E-19
 -2.008  0.4293E-19
 -1.998  0.9872E-19
 -1.988  0.2246E-18
 -1.978  0.5054E-18
 -1.968  0.1125E-17
 -1.958  0.2478E-17
 -1.948  0.5400E-17
 -1.938  0.1164E-16
 -1.928  0.2482E-16
 -1.918  0.5235E-16
 -1.908  0.1092E-15
 -1.898  0.2255E-15
 -1.888  0.4605E-15
 -1.878  0.9302E-15
 -1.868  0.1859E-14
 -1.858  0.3675E-14
 -1.848  0.7188E-14
 -1.838  0.1391E-13
 -1.828  0.2662E-13
 -1.818  0.5040E-13
 -1.808  0.9441E-13
 -1.798  0.1749E-12
 -1.788  0.3207E-12
 -1.778  0.5816E-12
 -1.768  0.1043E-11
 -1.758  0.1852E-11
 -1.748  0.3251E-11
 -1.738  0.5648E-11
 -1.728  0.9704E-11
 -1.718  0.1650E-10
 -1.708  0.2774E-10
 -1.698  0.4616E-10
 -1.688  0.7598E-10
 -1.678  0.1237E-09
 -1.668  0.1993E-09
 -1.658  0.3177E-09
 -1.648  0.5009E-09
 -1.638  0.7814E-09
 -1.628  0.1206E-08
 -1.618  0.1842E-08
 -1.608  0.2782E-08
 -1.598  0.4159E-08
 -1.588  0.6151E-08
 -1.578  0.9002E-08
 -1.568  0.1303E-07
 -1.558  0.1867E-07
 -1.548  0.2647E-07
 -1.538  0.3714E-07
 -1.528  0.5156E-07
 -1.518  0.7084E-07
 -1.508  0.9631E-07
 -1.498  0.1296E-06
 -1.488  0.1726E-06
 -1.478  0.2276E-06
 -1.468  0.2970E-06
 -1.458  0.3836E-06
 -1.448  0.4906E-06
 -1.438  0.6213E-06
 -1.428  0.7791E-06
 -1.418  0.9674E-06
 -1.408  0.1190E-05
 -1.398  0.1449E-05
 -1.388  0.1749E-05
 -1.378  0.2091E-05
 -1.368  0.2477E-05
 -1.358  0.2909E-05
 -1.348  0.3385E-05
 -1.338  0.3905E-05
 -1.328  0.4467E-05
 -1.318  0.5068E-05
 -1.308  0.5701E-05
 -1.298  0.6363E-05
 -1.288  0.7045E-05
 -1.278  0.7739E-05
 -1.268  0.8437E-05
 -1.258  0.9129E-05
 -1.248  0.9803E-05
 -1.238  0.1045E-04
 -1.228  0.1106E-04
 -1.218  0.1161E-04
 -1.208  0.1211E-04
 -1.198  0.1254E-04
 -1.188  0.1288E-04
 -1.178  0.1313E-04
 -1.168  0.1329E-04
 -1.158  0.1335E-04
 -1.148  0.1330E-04
 -1.138  0.1315E-04
 -1.128  0.1290E-04
 -1.118  0.1255E-04
 -1.108  0.1211E-04
 -1.098  0.1158E-04
 -1.088  0.1098E-04
 -1.078  0.1032E-04
 -1.068  0.9612E-05
 -1.058  0.8872E-05
 -1.048  0.8114E-05
 -1.038  0.7352E-05
 -1.028  0.6599E-05
 -1.018  0.5868E-05
 -1.008  0.5168E-05
 -0.998  0.4509E-05
 -0.988  0.3898E-05
 -0.978  0.3341E-05
 -0.968  0.2840E-05
 -0.958  0.2399E-05
 -0.948  0.2017E-05
 -0.938  0.1696E-05
 -0.928  0.1433E-05
 -0.918  0.1230E-05
 -0.908  0.1084E-05
 -0.898  0.9955E-06
 -0.888  0.9653E-06
 -0.878  0.9944E-06
 -0.868  0.1085E-05
 -0.858  0.1241E-05
 -0.848  0.1467E-05
 -0.838  0.1767E-05
 -0.828  0.2148E-05
 -0.818  0.2615E-05
 -0.808  0.3175E-05
 -0.798  0.3832E-05
 -0.788  0.4591E-05
 -0.778  0.5454E-05
 -0.768  0.6419E-05
 -0.758  0.7486E-05
 -0.748  0.8646E-05
 -0.738  0.9892E-05
 -0.728  0.1121E-04
 -0.718  0.1258E-04
 -0.708  0.1400E-04
 -0.698  0.1543E-04
 -0.688  0.1685E-04
 -0.678  0.1825E-04
 -0.668  0.1959E-04
 -0.658  0.2087E-04
 -0.648  0.2206E-04
 -0.638  0.2315E-04
 -0.628  0.2414E-04
 -0.618  0.2501E-04
 -0.608  0.2579E-04
 -0.598  0.2647E-04
 -0.588  0.2708E-04
 -0.578  0.2762E-04
 -0.568  0.2813E-04
 -0.558  0.2864E-04
 -0.548  0.2915E-04
 -0.538  0.2970E-04
 -0.528  0.3031E-04
 -0.518  0.3099E-04
 -0.508  0.3175E-04
 -0.498  0.3258E-04
 -0.488  0.3348E-04
 -0.478  0.3443E-04
 -0.468  0.3541E-04
 -0.458  0.3640E-04
 -0.448  0.3734E-04
 -0.438  0.3822E-04
 -0.428  0.3898E-04
 -0.418  0.3961E-04
 -0.408  0.4005E-04
 -0.398  0.4029E-04
 -0.388  0.4030E-04
 -0.378  0.4007E-04
 -0.368  0.3960E-04
 -0.358  0.3889E-04
 -0.348  0.3796E-04
 -0.338  0.3683E-04
 -0.328  0.3553E-04
 -0.318  0.3408E-04
 -0.308  0.3254E-04
 -0.298  0.3092E-04
 -0.288  0.2928E-04
 -0.278  0.2765E-04
 -0.268  0.2606E-04
 -0.258  0.2452E-04
 -0.248  0.2307E-04
 -0.238  0.2172E-04
 -0.228  0.2047E-04
 -0.218  0.1933E-04
 -0.208  0.1829E-04
 -0.198  0.1734E-04
 -0.188  0.1648E-04
 -0.178  0.1570E-04
 -0.168  0.1499E-04
 -0.158  0.1434E-04
 -0.148  0.1375E-04
 -0.138  0.1321E-04
 -0.128  0.1275E-04
 -0.118  0.1236E-04
 -0.108  0.1208E-04
 -0.098  0.1191E-04
 -0.088  0.1191E-04
 -0.078  0.1209E-04
 -0.068  0.1250E-04
 -0.058  0.1319E-04
 -0.048  0.1419E-04
 -0.038  0.1556E-04
 -0.028  0.1733E-04
 -0.018  0.1955E-04
 -0.008  0.2225E-04
  0.002  0.2546E-04
  0.012  0.2921E-04
  0.022  0.3349E-04
  0.032  0.3833E-04
  0.042  0.4370E-04
  0.052  0.4958E-04
  0.062  0.5594E-04
  0.072  0.6272E-04
  0.082  0.6986E-04
  0.092  0.7730E-04
  0.102  0.8494E-04
  0.112  0.9269E-04
  0.122  0.1005E-03
  0.132  0.1081E-03
  0.142  0.1157E-03
  0.152  0.1229E-03
  0.162  0.1298E-03
  0.172  0.1363E-03
  0.182  0.1424E-03
  0.192  0.1481E-03
  0.202  0.1533E-03
  0.212  0.1581E-03
  0.222  0.1626E-03
  0.232  0.1669E-03
  0.242  0.1711E-03
  0.252  0.1752E-03
  0.262  0.1794E-03
  0.272  0.1839E-03
  0.282  0.1886E-03
  0.292  0.1937E-03
  0.302  0.1991E-03
  0.312  0.2048E-03
  0.322  0.2108E-03
  0.332  0.2170E-03
  0.342  0.2230E-03
  0.352  0.2288E-03
  0.362  0.2341E-03
  0.372  0.2387E-03
  0.382  0.2422E-03
  0.392  0.2444E-03
  0.402  0.2451E-03
  0.412  0.2441E-03
  0.422  0.2413E-03
  0.432  0.2366E-03
  0.442  0.2300E-03
  0.452  0.2217E-03
  0.462  0.2117E-03
  0.472  0.2003E-03
  0.482  0.1877E-03
  0.492  0.1741E-03
  0.502  0.1599E-03
  0.512  0.1454E-03
  0.522  0.1309E-03
  0.532  0.1166E-03
  0.542  0.1028E-03
  0.552  0.8970E-04
  0.562  0.7745E-04
  0.572  0.6617E-04
  0.582  0.5594E-04
  0.592  0.4679E-04
  0.602  0.3873E-04
  0.612  0.3172E-04
  0.622  0.2570E-04
  0.632  0.2060E-04
  0.642  0.1634E-04
  0.652  0.1283E-04
  0.662  0.9958E-05
  0.672  0.7650E-05
  0.682  0.5815E-05
  0.692  0.4372E-05
  0.702  0.3253E-05
  0.712  0.2395E-05
  0.722  0.1744E-05
  0.732  0.1257E-05
  0.742  0.8957E-06
  0.752  0.6317E-06
  0.762  0.4408E-06
  0.772  0.3043E-06
  0.782  0.2079E-06
  0.792  0.1405E-06
  0.802  0.9392E-07
  0.812  0.6212E-07
  0.822  0.4066E-07
  0.832  0.2633E-07
  0.842  0.1686E-07
