 -5.548  0.4007E-06
 -5.538  0.6196E-06
 -5.528  0.9476E-06
 -5.518  0.1434E-05
 -5.508  0.2146E-05
 -5.498  0.3178E-05
 -5.488  0.4655E-05
 -5.478  0.6746E-05
 -5.468  0.9672E-05
 -5.458  0.1372E-04
 -5.448  0.1925E-04
 -5.438  0.2672E-04
 -5.428  0.3670E-04
 -5.418  0.4988E-04
 -5.408  0.6706E-04
 -5.398  0.8920E-04
 -5.388  0.1174E-03
 -5.378  0.1529E-03
 -5.368  0.1970E-03
 -5.358  0.2512E-03
 -5.348  0.3171E-03
 -5.338  0.3960E-03
 -5.328  0.4895E-03
 -5.318  0.5990E-03
 -5.308  0.7256E-03
 -5.298  0.8702E-03
 -5.288  0.1034E-02
 -5.278  0.1216E-02
 -5.268  0.1417E-02
 -5.258  0.1636E-02
 -5.248  0.1872E-02
 -5.238  0.2124E-02
 -5.228  0.2390E-02
 -5.218  0.2669E-02
 -5.208  0.2958E-02
 -5.198  0.3257E-02
 -5.188  0.3562E-02
 -5.178  0.3874E-02
 -5.168  0.4191E-02
 -5.158  0.4514E-02
 -5.148  0.4843E-02
 -5.138  0.5178E-02
 -5.128  0.5522E-02
 -5.118  0.5874E-02
 -5.108  0.6238E-02
 -5.098  0.6614E-02
 -5.088  0.7003E-02
 -5.078  0.7407E-02
 -5.068  0.7825E-02
 -5.058  0.8256E-02
 -5.048  0.8700E-02
 -5.038  0.9154E-02
 -5.028  0.9616E-02
 -5.018  0.1008E-01
 -5.008  0.1055E-01
 -4.998  0.1102E-01
 -4.988  0.1149E-01
 -4.978  0.1194E-01
 -4.968  0.1239E-01
 -4.958  0.1283E-01
 -4.948  0.1326E-01
 -4.938  0.1368E-01
 -4.928  0.1409E-01
 -4.918  0.1450E-01
 -4.908  0.1489E-01
 -4.898  0.1528E-01
 -4.888  0.1565E-01
 -4.878  0.1602E-01
 -4.868  0.1638E-01
 -4.858  0.1672E-01
 -4.848  0.1704E-01
 -4.838  0.1734E-01
 -4.828  0.1760E-01
 -4.818  0.1781E-01
 -4.808  0.1797E-01
 -4.798  0.1807E-01
 -4.788  0.1809E-01
 -4.778  0.1803E-01
 -4.768  0.1788E-01
 -4.758  0.1762E-01
 -4.748  0.1727E-01
 -4.738  0.1681E-01
 -4.728  0.1624E-01
 -4.718  0.1558E-01
 -4.708  0.1483E-01
 -4.698  0.1400E-01
 -4.688  0.1310E-01
 -4.678  0.1216E-01
 -4.668  0.1119E-01
 -4.658  0.1019E-01
 -4.648  0.9203E-02
 -4.638  0.8230E-02
 -4.628  0.7288E-02
 -4.618  0.6392E-02
 -4.608  0.5550E-02
 -4.598  0.4771E-02
 -4.588  0.4059E-02
 -4.578  0.3419E-02
 -4.568  0.2850E-02
 -4.558  0.2352E-02
 -4.548  0.1920E-02
 -4.538  0.1551E-02
 -4.528  0.1240E-02
 -4.518  0.9813E-03
 -4.508  0.7682E-03
 -4.498  0.5950E-03
 -4.488  0.4560E-03
 -4.478  0.3458E-03
 -4.468  0.2594E-03
 -4.458  0.1925E-03
 -4.448  0.1414E-03
 -4.438  0.1027E-03
 -4.428  0.7383E-04
 -4.418  0.5250E-04
 -4.408  0.3693E-04
 -4.398  0.2570E-04
 -4.388  0.1770E-04
 -4.378  0.1205E-04
 -4.368  0.8122E-05
 -4.358  0.5414E-05
 -4.348  0.3570E-05
 -4.338  0.2329E-05
 -4.328  0.1503E-05
 -4.318  0.9598E-06
 -4.308  0.6063E-06
 -4.298  0.3788E-06
 -4.288  0.2342E-06
 -4.278  0.1432E-06
 -4.268  0.8662E-07
 -4.258  0.5184E-07
 -4.248  0.3069E-07
 -4.238  0.1797E-07
 -4.228  0.1041E-07
 -4.218  0.5968E-08
 -4.208  0.3384E-08
 -4.198  0.1898E-08
 -4.188  0.1053E-08
 -4.178  0.5781E-09
 -4.168  0.3139E-09
 -4.158  0.1686E-09
 -4.148  0.8961E-10
 -4.138  0.4711E-10
 -4.128  0.2450E-10
 -4.118  0.1260E-10
 -4.108  0.6414E-11
 -4.098  0.3229E-11
 -4.088  0.1608E-11
 -4.078  0.7925E-12
 -4.068  0.3862E-12
 -4.058  0.1862E-12
 -4.048  0.8883E-13
 -4.038  0.4192E-13
 -4.028  0.1957E-13
 -4.018  0.9036E-14
 -4.008  0.4128E-14
 -3.998  0.1865E-14
 -3.988  0.8339E-15
 -3.978  0.3688E-15
 -3.968  0.1613E-15
 -3.958  0.6983E-16
 -3.948  0.2990E-16
 -3.938  0.1266E-16
 -3.928  0.5306E-17
 -3.918  0.2199E-17
 -3.908  0.9017E-18
 -3.898  0.3658E-18
 -3.888  0.1468E-18
 -3.878  0.5826E-19
 -3.868  0.2288E-19
 -3.858  0.8888E-20
 -3.848  0.3416E-20
 -3.838  0.1299E-20
 -3.828  0.4884E-21
 -3.818  0.1817E-21
 -3.808  0.6687E-22
 -3.798  0.2435E-22
 -3.788  0.8770E-23
 -3.778  0.3125E-23
 -3.768  0.1101E-23
 -3.758  0.3841E-24
 -3.748  0.1325E-24
 -3.738  0.4521E-25
 -3.728  0.1526E-25
 -3.718  0.5096E-26
 -3.708  0.1684E-26
 -3.698  0.5502E-27
 -3.688  0.1779E-27
 -3.678  0.5689E-28
 -3.668  0.1800E-28
 -3.658  0.5634E-29
 -3.648  0.1744E-29
 -3.638  0.5343E-30
 -3.628  0.1619E-30
 -3.618  0.4852E-31
 -3.608  0.1439E-31
 -3.598  0.4221E-32
 -3.588  0.1225E-32
 -3.578  0.3516E-33
 -3.568  0.9985E-34
 -3.558  0.2805E-34
 -3.548  0.7796E-35
 -3.538  0.2143E-35
 -3.528  0.5829E-36
 -3.518  0.1568E-36
 -3.508  0.4174E-37
 -3.498  0.1099E-37
 -3.488  0.2863E-38
 -3.478  0.7377E-39
 -3.468  0.1880E-39
 -3.458  0.4742E-40
 -3.448  0.1183E-40
 -3.438  0.2919E-41
 -3.428  0.7126E-42
 -3.418  0.1721E-42
 -3.408  0.4111E-43
 -3.398  0.9716E-44
 -3.388  0.2272E-44
 -3.378  0.5254E-45
 -3.368  0.1202E-45
 -3.358  0.2721E-46
 -3.348  0.6092E-47
 -3.338  0.1349E-47
 -3.328  0.2957E-48
 -3.318  0.6410E-49
 -3.308  0.1374E-49
 -3.298  0.2916E-50
 -3.288  0.6119E-51
 -3.278  0.1270E-51
 -3.268  0.2609E-52
 -3.258  0.5300E-53
 -3.248  0.1065E-53
 -3.238  0.2118E-54
 -3.228  0.4165E-55
 -3.218  0.8104E-56
 -3.208  0.1560E-56
 -3.198  0.2970E-57
 -3.188  0.5595E-58
 -3.178  0.1043E-58
 -3.168  0.1922E-59
 -3.158  0.3505E-60
 -3.148  0.6322E-61
 -3.138  0.1128E-61
 -3.128  0.1992E-62
 -3.118  0.3479E-63
 -3.108  0.6010E-64
 -3.098  0.1027E-64
 -3.088  0.1737E-65
 -3.078  0.2905E-66
 -3.068  0.4806E-67
 -3.058  0.7867E-68
 -3.048  0.1274E-68
 -3.038  0.2040E-69
 -3.028  0.3233E-70
 -3.018  0.5069E-71
 -3.008  0.7861E-72
 -2.998  0.1210E-72
 -2.988  0.2135E-73
 -2.978  0.2298E-73
 -2.968  0.1331E-72
 -2.958  0.8610E-72
 -2.948  0.5526E-71
 -2.938  0.3509E-70
 -2.928  0.2204E-69
 -2.918  0.1369E-68
 -2.908  0.8417E-68
 -2.898  0.5118E-67
 -2.888  0.3079E-66
 -2.878  0.1832E-65
 -2.868  0.1079E-64
 -2.858  0.6281E-64
 -2.848  0.3619E-63
 -2.838  0.2062E-62
 -2.828  0.1163E-61
 -2.818  0.6485E-61
 -2.808  0.3578E-60
 -2.798  0.1953E-59
 -2.788  0.1054E-58
 -2.778  0.5632E-58
 -2.768  0.2976E-57
 -2.758  0.1556E-56
 -2.748  0.8045E-56
 -2.738  0.4115E-55
 -2.728  0.2083E-54
 -2.718  0.1043E-53
 -2.708  0.5163E-53
 -2.698  0.2529E-52
 -2.688  0.1226E-51
 -2.678  0.5878E-51
 -2.668  0.2788E-50
 -2.658  0.1308E-49
 -2.648  0.6071E-49
 -2.638  0.2787E-48
 -2.628  0.1266E-47
 -2.618  0.5689E-47
 -2.608  0.2529E-46
 -2.598  0.1112E-45
 -2.588  0.4838E-45
 -2.578  0.2082E-44
 -2.568  0.8863E-44
 -2.558  0.3733E-43
 -2.548  0.1555E-42
 -2.538  0.6409E-42
 -2.528  0.2613E-41
 -2.518  0.1054E-40
 -2.508  0.4205E-40
 -2.498  0.1660E-39
 -2.488  0.6481E-39
 -2.478  0.2503E-38
 -2.468  0.9566E-38
 -2.458  0.3616E-37
 -2.448  0.1352E-36
 -2.438  0.5002E-36
 -2.428  0.1831E-35
 -2.418  0.6628E-35
 -2.408  0.2374E-34
 -2.398  0.8409E-34
 -2.388  0.2947E-33
 -2.378  0.1022E-32
 -2.368  0.3505E-32
 -2.358  0.1189E-31
 -2.348  0.3992E-31
 -2.338  0.1325E-30
 -2.328  0.4354E-30
 -2.318  0.1415E-29
 -2.308  0.4548E-29
 -2.298  0.1446E-28
 -2.288  0.4550E-28
 -2.278  0.1416E-27
 -2.268  0.4359E-27
 -2.258  0.1328E-26
 -2.248  0.4000E-26
 -2.238  0.1192E-25
 -2.228  0.3515E-25
 -2.218  0.1025E-24
 -2.208  0.2958E-24
 -2.198  0.8443E-24
 -2.188  0.2384E-23
 -2.178  0.6660E-23
 -2.168  0.1840E-22
 -2.158  0.5031E-22
 -2.148  0.1360E-21
 -2.138  0.3640E-21
 -2.128  0.9632E-21
 -2.118  0.2522E-20
 -2.108  0.6531E-20
 -2.098  0.1673E-19
 -2.088  0.4241E-19
 -2.078  0.1063E-18
 -2.068  0.2638E-18
 -2.058  0.6472E-18
 -2.048  0.1571E-17
 -2.038  0.3772E-17
 -2.028  0.8961E-17
 -2.018  0.2106E-16
 -2.008  0.4895E-16
 -1.998  0.1126E-15
 -1.988  0.2561E-15
 -1.978  0.5764E-15
 -1.968  0.1283E-14
 -1.958  0.2827E-14
 -1.948  0.6159E-14
 -1.938  0.1327E-13
 -1.928  0.2831E-13
 -1.918  0.5971E-13
 -1.908  0.1246E-12
 -1.898  0.2572E-12
 -1.888  0.5252E-12
 -1.878  0.1061E-11
 -1.868  0.2121E-11
 -1.858  0.4193E-11
 -1.848  0.8200E-11
 -1.838  0.1587E-10
 -1.828  0.3037E-10
 -1.818  0.5751E-10
 -1.808  0.1077E-09
 -1.798  0.1997E-09
 -1.788  0.3660E-09
 -1.778  0.6639E-09
 -1.768  0.1191E-08
 -1.758  0.2114E-08
 -1.748  0.3713E-08
 -1.738  0.6451E-08
 -1.728  0.1109E-07
 -1.718  0.1885E-07
 -1.708  0.3171E-07
 -1.698  0.5278E-07
 -1.688  0.8690E-07
 -1.678  0.1416E-06
 -1.668  0.2281E-06
 -1.658  0.3638E-06
 -1.648  0.5739E-06
 -1.638  0.8958E-06
 -1.628  0.1383E-05
 -1.618  0.2114E-05
 -1.608  0.3197E-05
 -1.598  0.4783E-05
 -1.588  0.7080E-05
 -1.578  0.1037E-04
 -1.568  0.1504E-04
 -1.558  0.2158E-04
 -1.548  0.3064E-04
 -1.538  0.4306E-04
 -1.528  0.5989E-04
 -1.518  0.8246E-04
 -1.508  0.1124E-03
 -1.498  0.1516E-03
 -1.488  0.2026E-03
 -1.478  0.2680E-03
 -1.468  0.3510E-03
 -1.458  0.4553E-03
 -1.448  0.5849E-03
 -1.438  0.7443E-03
 -1.428  0.9384E-03
 -1.418  0.1172E-02
 -1.408  0.1451E-02
 -1.398  0.1780E-02
 -1.388  0.2165E-02
 -1.378  0.2611E-02
 -1.368  0.3121E-02
 -1.358  0.3700E-02
 -1.348  0.4351E-02
 -1.338  0.5076E-02
 -1.328  0.5875E-02
 -1.318  0.6747E-02
 -1.308  0.7689E-02
 -1.298  0.8698E-02
 -1.288  0.9765E-02
 -1.278  0.1088E-01
 -1.268  0.1204E-01
 -1.258  0.1322E-01
 -1.248  0.1442E-01
 -1.238  0.1560E-01
 -1.228  0.1676E-01
 -1.218  0.1787E-01
 -1.208  0.1890E-01
 -1.198  0.1985E-01
 -1.188  0.2068E-01
 -1.178  0.2137E-01
 -1.168  0.2190E-01
 -1.158  0.2227E-01
 -1.148  0.2245E-01
 -1.138  0.2244E-01
 -1.128  0.2224E-01
 -1.118  0.2184E-01
 -1.108  0.2125E-01
 -1.098  0.2050E-01
 -1.088  0.1958E-01
 -1.078  0.1854E-01
 -1.068  0.1738E-01
 -1.058  0.1613E-01
 -1.048  0.1484E-01
 -1.038  0.1351E-01
 -1.028  0.1218E-01
 -1.018  0.1087E-01
 -1.008  0.9606E-02
 -0.998  0.8405E-02
 -0.988  0.7282E-02
 -0.978  0.6249E-02
 -0.968  0.5312E-02
 -0.958  0.4477E-02
 -0.948  0.3745E-02
 -0.938  0.3115E-02
 -0.928  0.2586E-02
 -0.918  0.2152E-02
 -0.908  0.1810E-02
 -0.898  0.1555E-02
 -0.888  0.1383E-02
 -0.878  0.1290E-02
 -0.868  0.1275E-02
 -0.858  0.1335E-02
 -0.848  0.1471E-02
 -0.838  0.1682E-02
 -0.828  0.1970E-02
 -0.818  0.2336E-02
 -0.808  0.2782E-02
 -0.798  0.3306E-02
 -0.788  0.3910E-02
 -0.778  0.4592E-02
 -0.768  0.5346E-02
 -0.758  0.6167E-02
 -0.748  0.7046E-02
 -0.738  0.7972E-02
 -0.728  0.8932E-02
 -0.718  0.9910E-02
 -0.708  0.1089E-01
 -0.698  0.1185E-01
 -0.688  0.1278E-01
 -0.678  0.1367E-01
 -0.668  0.1448E-01
 -0.658  0.1523E-01
 -0.648  0.1589E-01
 -0.638  0.1646E-01
 -0.628  0.1695E-01
 -0.618  0.1737E-01
 -0.608  0.1771E-01
 -0.598  0.1800E-01
 -0.588  0.1826E-01
 -0.578  0.1849E-01
 -0.568  0.1872E-01
 -0.558  0.1897E-01
 -0.548  0.1925E-01
 -0.538  0.1956E-01
 -0.528  0.1993E-01
 -0.518  0.2034E-01
 -0.508  0.2079E-01
 -0.498  0.2127E-01
 -0.488  0.2176E-01
 -0.478  0.2225E-01
 -0.468  0.2271E-01
 -0.458  0.2311E-01
 -0.448  0.2344E-01
 -0.438  0.2366E-01
 -0.428  0.2375E-01
 -0.418  0.2370E-01
 -0.408  0.2350E-01
 -0.398  0.2314E-01
 -0.388  0.2262E-01
 -0.378  0.2195E-01
 -0.368  0.2114E-01
 -0.358  0.2021E-01
 -0.348  0.1917E-01
 -0.338  0.1806E-01
 -0.328  0.1690E-01
 -0.318  0.1571E-01
 -0.308  0.1452E-01
 -0.298  0.1336E-01
 -0.288  0.1224E-01
 -0.278  0.1118E-01
 -0.268  0.1019E-01
 -0.258  0.9286E-02
 -0.248  0.8470E-02
 -0.238  0.7743E-02
 -0.228  0.7102E-02
 -0.218  0.6542E-02
 -0.208  0.6056E-02
 -0.198  0.5635E-02
 -0.188  0.5270E-02
 -0.178  0.4950E-02
 -0.168  0.4668E-02
 -0.158  0.4413E-02
 -0.148  0.4180E-02
 -0.138  0.3963E-02
 -0.128  0.3760E-02
 -0.118  0.3568E-02
 -0.108  0.3387E-02
 -0.098  0.3221E-02
 -0.088  0.3072E-02
 -0.078  0.2944E-02
 -0.068  0.2845E-02
 -0.058  0.2778E-02
 -0.048  0.2751E-02
 -0.038  0.2768E-02
 -0.028  0.2836E-02
 -0.018  0.2958E-02
 -0.008  0.3138E-02
  0.002  0.3377E-02
  0.012  0.3677E-02
  0.022  0.4036E-02
  0.032  0.4451E-02
  0.042  0.4918E-02
  0.052  0.5431E-02
  0.062  0.5983E-02
  0.072  0.6564E-02
  0.082  0.7165E-02
  0.092  0.7776E-02
  0.102  0.8384E-02
  0.112  0.8979E-02
  0.122  0.9549E-02
  0.132  0.1008E-01
  0.142  0.1057E-01
  0.152  0.1100E-01
  0.162  0.1136E-01
  0.172  0.1165E-01
  0.182  0.1187E-01
  0.192  0.1201E-01
  0.202  0.1206E-01
  0.212  0.1204E-01
  0.222  0.1194E-01
  0.232  0.1177E-01
  0.242  0.1154E-01
  0.252  0.1125E-01
  0.262  0.1091E-01
  0.272  0.1054E-01
  0.282  0.1015E-01
  0.292  0.9737E-02
  0.302  0.9323E-02
  0.312  0.8913E-02
  0.322  0.8514E-02
  0.332  0.8133E-02
  0.342  0.7772E-02
  0.352  0.7434E-02
  0.362  0.7119E-02
  0.372  0.6826E-02
  0.382  0.6550E-02
  0.392  0.6288E-02
  0.402  0.6036E-02
  0.412  0.5789E-02
  0.422  0.5542E-02
  0.432  0.5291E-02
  0.442  0.5033E-02
  0.452  0.4766E-02
  0.462  0.4489E-02
  0.472  0.4202E-02
  0.482  0.3907E-02
  0.492  0.3605E-02
  0.502  0.3300E-02
  0.512  0.2996E-02
  0.522  0.2696E-02
  0.532  0.2404E-02
  0.542  0.2123E-02
  0.552  0.1858E-02
  0.562  0.1609E-02
  0.572  0.1380E-02
  0.582  0.1172E-02
  0.592  0.9850E-03
  0.602  0.8194E-03
  0.612  0.6746E-03
  0.622  0.5496E-03
  0.632  0.4431E-03
  0.642  0.3535E-03
  0.652  0.2791E-03
  0.662  0.2180E-03
  0.672  0.1685E-03
  0.682  0.1289E-03
  0.692  0.9751E-04
  0.702  0.7300E-04
  0.712  0.5407E-04
  0.722  0.3963E-04
  0.732  0.2873E-04
  0.742  0.2061E-04
  0.752  0.1463E-04
  0.762  0.1028E-04
  0.772  0.7139E-05
  0.782  0.4907E-05
  0.792  0.3337E-05
  0.802  0.2246E-05
  0.812  0.1495E-05
  0.822  0.9845E-06
  0.832  0.6415E-06
  0.842  0.4135E-06
