 -5.548  0.2637E-09
 -5.538  0.4076E-09
 -5.528  0.6235E-09
 -5.518  0.9434E-09
 -5.508  0.1412E-08
 -5.498  0.2091E-08
 -5.488  0.3064E-08
 -5.478  0.4441E-08
 -5.468  0.6368E-08
 -5.458  0.9034E-08
 -5.448  0.1268E-07
 -5.438  0.1761E-07
 -5.428  0.2419E-07
 -5.418  0.3289E-07
 -5.408  0.4424E-07
 -5.398  0.5888E-07
 -5.388  0.7754E-07
 -5.378  0.1011E-06
 -5.368  0.1304E-06
 -5.358  0.1664E-06
 -5.348  0.2103E-06
 -5.338  0.2630E-06
 -5.328  0.3257E-06
 -5.318  0.3994E-06
 -5.308  0.4850E-06
 -5.298  0.5834E-06
 -5.288  0.6952E-06
 -5.278  0.8209E-06
 -5.268  0.9610E-06
 -5.258  0.1115E-05
 -5.248  0.1284E-05
 -5.238  0.1467E-05
 -5.228  0.1664E-05
 -5.218  0.1874E-05
 -5.208  0.2098E-05
 -5.198  0.2334E-05
 -5.188  0.2584E-05
 -5.178  0.2846E-05
 -5.168  0.3121E-05
 -5.158  0.3410E-05
 -5.148  0.3712E-05
 -5.138  0.4027E-05
 -5.128  0.4356E-05
 -5.118  0.4698E-05
 -5.108  0.5051E-05
 -5.098  0.5413E-05
 -5.088  0.5782E-05
 -5.078  0.6154E-05
 -5.068  0.6525E-05
 -5.058  0.6888E-05
 -5.048  0.7237E-05
 -5.038  0.7566E-05
 -5.028  0.7867E-05
 -5.018  0.8135E-05
 -5.008  0.8363E-05
 -4.998  0.8546E-05
 -4.988  0.8679E-05
 -4.978  0.8762E-05
 -4.968  0.8792E-05
 -4.958  0.8772E-05
 -4.948  0.8703E-05
 -4.938  0.8591E-05
 -4.928  0.8442E-05
 -4.918  0.8262E-05
 -4.908  0.8058E-05
 -4.898  0.7838E-05
 -4.888  0.7610E-05
 -4.878  0.7381E-05
 -4.868  0.7156E-05
 -4.858  0.6940E-05
 -4.848  0.6736E-05
 -4.838  0.6545E-05
 -4.828  0.6370E-05
 -4.818  0.6207E-05
 -4.808  0.6054E-05
 -4.798  0.5909E-05
 -4.788  0.5767E-05
 -4.778  0.5624E-05
 -4.768  0.5476E-05
 -4.758  0.5318E-05
 -4.748  0.5147E-05
 -4.738  0.4960E-05
 -4.728  0.4756E-05
 -4.718  0.4534E-05
 -4.708  0.4295E-05
 -4.698  0.4040E-05
 -4.688  0.3771E-05
 -4.678  0.3492E-05
 -4.668  0.3207E-05
 -4.658  0.2919E-05
 -4.648  0.2633E-05
 -4.638  0.2353E-05
 -4.628  0.2083E-05
 -4.618  0.1826E-05
 -4.608  0.1586E-05
 -4.598  0.1363E-05
 -4.588  0.1160E-05
 -4.578  0.9768E-06
 -4.568  0.8143E-06
 -4.558  0.6719E-06
 -4.548  0.5486E-06
 -4.538  0.4433E-06
 -4.528  0.3545E-06
 -4.518  0.2805E-06
 -4.508  0.2196E-06
 -4.498  0.1701E-06
 -4.488  0.1304E-06
 -4.478  0.9886E-07
 -4.468  0.7417E-07
 -4.458  0.5506E-07
 -4.448  0.4043E-07
 -4.438  0.2938E-07
 -4.428  0.2112E-07
 -4.418  0.1502E-07
 -4.408  0.1056E-07
 -4.398  0.7352E-08
 -4.388  0.5062E-08
 -4.378  0.3448E-08
 -4.368  0.2324E-08
 -4.358  0.1549E-08
 -4.348  0.1022E-08
 -4.338  0.6665E-09
 -4.328  0.4302E-09
 -4.318  0.2747E-09
 -4.308  0.1735E-09
 -4.298  0.1084E-09
 -4.288  0.6702E-10
 -4.278  0.4099E-10
 -4.268  0.2479E-10
 -4.258  0.1484E-10
 -4.248  0.8785E-11
 -4.238  0.5145E-11
 -4.228  0.2981E-11
 -4.218  0.1709E-11
 -4.208  0.9688E-12
 -4.198  0.5434E-12
 -4.188  0.3015E-12
 -4.178  0.1655E-12
 -4.168  0.8989E-13
 -4.158  0.4829E-13
 -4.148  0.2566E-13
 -4.138  0.1349E-13
 -4.128  0.7016E-14
 -4.118  0.3610E-14
 -4.108  0.1837E-14
 -4.098  0.9249E-15
 -4.088  0.4607E-15
 -4.078  0.2270E-15
 -4.068  0.1106E-15
 -4.058  0.5335E-16
 -4.048  0.2545E-16
 -4.038  0.1201E-16
 -4.028  0.5606E-17
 -4.018  0.2589E-17
 -4.008  0.1183E-17
 -3.998  0.5345E-18
 -3.988  0.2389E-18
 -3.978  0.1057E-18
 -3.968  0.4623E-19
 -3.958  0.2001E-19
 -3.948  0.8568E-20
 -3.938  0.3629E-20
 -3.928  0.1521E-20
 -3.918  0.6303E-21
 -3.908  0.2585E-21
 -3.898  0.1048E-21
 -3.888  0.4207E-22
 -3.878  0.1670E-22
 -3.868  0.6559E-23
 -3.858  0.2548E-23
 -3.848  0.9792E-24
 -3.838  0.3723E-24
 -3.828  0.1400E-24
 -3.818  0.5209E-25
 -3.808  0.1917E-25
 -3.798  0.6981E-26
 -3.788  0.2515E-26
 -3.778  0.8960E-27
 -3.768  0.3158E-27
 -3.758  0.1101E-27
 -3.748  0.3799E-28
 -3.738  0.1296E-28
 -3.728  0.4377E-29
 -3.718  0.1462E-29
 -3.708  0.4829E-30
 -3.698  0.1578E-30
 -3.688  0.5102E-31
 -3.678  0.1632E-31
 -3.668  0.5163E-32
 -3.658  0.1616E-32
 -3.648  0.5004E-33
 -3.638  0.1533E-33
 -3.628  0.4644E-34
 -3.618  0.1392E-34
 -3.608  0.4128E-35
 -3.598  0.1211E-35
 -3.588  0.3514E-36
 -3.578  0.1009E-36
 -3.568  0.2865E-37
 -3.558  0.8050E-38
 -3.548  0.2237E-38
 -3.538  0.6151E-39
 -3.528  0.1673E-39
 -3.518  0.4501E-40
 -3.508  0.1198E-40
 -3.498  0.3155E-41
 -3.488  0.8217E-42
 -3.478  0.2117E-42
 -3.468  0.5398E-43
 -3.458  0.1361E-43
 -3.448  0.3396E-44
 -3.438  0.8380E-45
 -3.428  0.2046E-45
 -3.418  0.4941E-46
 -3.408  0.1180E-46
 -3.398  0.2790E-47
 -3.388  0.6523E-48
 -3.378  0.1509E-48
 -3.368  0.3452E-49
 -3.358  0.7813E-50
 -3.348  0.1750E-50
 -3.338  0.3875E-51
 -3.328  0.8492E-52
 -3.318  0.1841E-52
 -3.308  0.3948E-53
 -3.298  0.8375E-54
 -3.288  0.1758E-54
 -3.278  0.3649E-55
 -3.268  0.7494E-56
 -3.258  0.1522E-56
 -3.248  0.3060E-57
 -3.238  0.6084E-58
 -3.228  0.1197E-58
 -3.218  0.2328E-59
 -3.208  0.4482E-60
 -3.198  0.8534E-61
 -3.188  0.1608E-61
 -3.178  0.2996E-62
 -3.168  0.5523E-63
 -3.158  0.1007E-63
 -3.148  0.1817E-64
 -3.138  0.3242E-65
 -3.128  0.5724E-66
 -3.118  0.9998E-67
 -3.108  0.1727E-67
 -3.098  0.2952E-68
 -3.088  0.4992E-69
 -3.078  0.8350E-70
 -3.068  0.1382E-70
 -3.058  0.2261E-71
 -3.048  0.3662E-72
 -3.038  0.5866E-73
 -3.028  0.9296E-74
 -3.018  0.1457E-74
 -3.008  0.2262E-75
 -2.998  0.3632E-76
 -2.988  0.1635E-76
 -2.978  0.7428E-76
 -2.968  0.4821E-75
 -2.958  0.3127E-74
 -2.948  0.2007E-73
 -2.938  0.1274E-72
 -2.928  0.8004E-72
 -2.918  0.4974E-71
 -2.908  0.3057E-70
 -2.898  0.1859E-69
 -2.888  0.1118E-68
 -2.878  0.6655E-68
 -2.868  0.3918E-67
 -2.858  0.2281E-66
 -2.848  0.1314E-65
 -2.838  0.7491E-65
 -2.828  0.4223E-64
 -2.818  0.2355E-63
 -2.808  0.1300E-62
 -2.798  0.7093E-62
 -2.788  0.3830E-61
 -2.778  0.2046E-60
 -2.768  0.1081E-59
 -2.758  0.5650E-59
 -2.748  0.2922E-58
 -2.738  0.1495E-57
 -2.728  0.7564E-57
 -2.718  0.3787E-56
 -2.708  0.1875E-55
 -2.698  0.9187E-55
 -2.688  0.4453E-54
 -2.678  0.2135E-53
 -2.668  0.1012E-52
 -2.658  0.4750E-52
 -2.648  0.2205E-51
 -2.638  0.1012E-50
 -2.628  0.4599E-50
 -2.618  0.2066E-49
 -2.608  0.9186E-49
 -2.598  0.4039E-48
 -2.588  0.1757E-47
 -2.578  0.7562E-47
 -2.568  0.3219E-46
 -2.558  0.1356E-45
 -2.548  0.5648E-45
 -2.538  0.2328E-44
 -2.528  0.9491E-44
 -2.518  0.3828E-43
 -2.508  0.1527E-42
 -2.498  0.6029E-42
 -2.488  0.2354E-41
 -2.478  0.9093E-41
 -2.468  0.3474E-40
 -2.458  0.1313E-39
 -2.448  0.4912E-39
 -2.438  0.1817E-38
 -2.428  0.6649E-38
 -2.418  0.2407E-37
 -2.408  0.8621E-37
 -2.398  0.3054E-36
 -2.388  0.1070E-35
 -2.378  0.3711E-35
 -2.368  0.1273E-34
 -2.358  0.4319E-34
 -2.348  0.1450E-33
 -2.338  0.4814E-33
 -2.328  0.1581E-32
 -2.318  0.5138E-32
 -2.308  0.1652E-31
 -2.298  0.5253E-31
 -2.288  0.1652E-30
 -2.278  0.5143E-30
 -2.268  0.1583E-29
 -2.258  0.4822E-29
 -2.248  0.1453E-28
 -2.238  0.4330E-28
 -2.228  0.1277E-27
 -2.218  0.3723E-27
 -2.208  0.1074E-26
 -2.198  0.3067E-26
 -2.188  0.8659E-26
 -2.178  0.2419E-25
 -2.168  0.6684E-25
 -2.158  0.1827E-24
 -2.148  0.4941E-24
 -2.138  0.1322E-23
 -2.128  0.3498E-23
 -2.118  0.9159E-23
 -2.108  0.2372E-22
 -2.098  0.6077E-22
 -2.088  0.1540E-21
 -2.078  0.3862E-21
 -2.068  0.9580E-21
 -2.058  0.2351E-20
 -2.048  0.5706E-20
 -2.038  0.1370E-19
 -2.028  0.3255E-19
 -2.018  0.7648E-19
 -2.008  0.1778E-18
 -1.998  0.4089E-18
 -1.988  0.9302E-18
 -1.978  0.2094E-17
 -1.968  0.4661E-17
 -1.958  0.1027E-16
 -1.948  0.2237E-16
 -1.938  0.4821E-16
 -1.928  0.1028E-15
 -1.918  0.2169E-15
 -1.908  0.4525E-15
 -1.898  0.9341E-15
 -1.888  0.1908E-14
 -1.878  0.3854E-14
 -1.868  0.7702E-14
 -1.858  0.1523E-13
 -1.848  0.2978E-13
 -1.838  0.5763E-13
 -1.828  0.1103E-12
 -1.818  0.2089E-12
 -1.808  0.3913E-12
 -1.798  0.7251E-12
 -1.788  0.1329E-11
 -1.778  0.2411E-11
 -1.768  0.4326E-11
 -1.758  0.7679E-11
 -1.748  0.1348E-10
 -1.738  0.2343E-10
 -1.728  0.4026E-10
 -1.718  0.6846E-10
 -1.708  0.1152E-09
 -1.698  0.1916E-09
 -1.688  0.3155E-09
 -1.678  0.5139E-09
 -1.668  0.8283E-09
 -1.658  0.1321E-08
 -1.648  0.2083E-08
 -1.638  0.3251E-08
 -1.628  0.5021E-08
 -1.618  0.7672E-08
 -1.608  0.1160E-07
 -1.598  0.1735E-07
 -1.588  0.2568E-07
 -1.578  0.3762E-07
 -1.568  0.5453E-07
 -1.558  0.7821E-07
 -1.548  0.1110E-06
 -1.538  0.1560E-06
 -1.528  0.2169E-06
 -1.518  0.2985E-06
 -1.508  0.4067E-06
 -1.498  0.5484E-06
 -1.488  0.7322E-06
 -1.478  0.9678E-06
 -1.468  0.1267E-05
 -1.458  0.1642E-05
 -1.448  0.2107E-05
 -1.438  0.2679E-05
 -1.428  0.3373E-05
 -1.418  0.4208E-05
 -1.408  0.5202E-05
 -1.398  0.6371E-05
 -1.388  0.7735E-05
 -1.378  0.9308E-05
 -1.368  0.1110E-04
 -1.358  0.1313E-04
 -1.348  0.1541E-04
 -1.338  0.1792E-04
 -1.328  0.2069E-04
 -1.318  0.2369E-04
 -1.308  0.2691E-04
 -1.298  0.3033E-04
 -1.288  0.3394E-04
 -1.278  0.3768E-04
 -1.268  0.4153E-04
 -1.258  0.4543E-04
 -1.248  0.4933E-04
 -1.238  0.5317E-04
 -1.228  0.5688E-04
 -1.218  0.6039E-04
 -1.208  0.6364E-04
 -1.198  0.6655E-04
 -1.188  0.6904E-04
 -1.178  0.7107E-04
 -1.168  0.7257E-04
 -1.158  0.7350E-04
 -1.148  0.7382E-04
 -1.138  0.7352E-04
 -1.128  0.7260E-04
 -1.118  0.7105E-04
 -1.108  0.6893E-04
 -1.098  0.6626E-04
 -1.088  0.6311E-04
 -1.078  0.5956E-04
 -1.068  0.5568E-04
 -1.058  0.5156E-04
 -1.048  0.4728E-04
 -1.038  0.4294E-04
 -1.028  0.3862E-04
 -1.018  0.3440E-04
 -1.008  0.3034E-04
 -0.998  0.2650E-04
 -0.988  0.2293E-04
 -0.978  0.1967E-04
 -0.968  0.1673E-04
 -0.958  0.1415E-04
 -0.948  0.1191E-04
 -0.938  0.1003E-04
 -0.928  0.8499E-05
 -0.918  0.7318E-05
 -0.908  0.6485E-05
 -0.898  0.5997E-05
 -0.888  0.5859E-05
 -0.878  0.6079E-05
 -0.868  0.6671E-05
 -0.858  0.7656E-05
 -0.848  0.9059E-05
 -0.838  0.1091E-04
 -0.828  0.1324E-04
 -0.818  0.1608E-04
 -0.808  0.1946E-04
 -0.798  0.2340E-04
 -0.788  0.2792E-04
 -0.778  0.3303E-04
 -0.768  0.3870E-04
 -0.758  0.4490E-04
 -0.748  0.5160E-04
 -0.738  0.5872E-04
 -0.728  0.6617E-04
 -0.718  0.7385E-04
 -0.708  0.8163E-04
 -0.698  0.8939E-04
 -0.688  0.9699E-04
 -0.678  0.1043E-03
 -0.668  0.1112E-03
 -0.658  0.1175E-03
 -0.648  0.1233E-03
 -0.638  0.1284E-03
 -0.628  0.1328E-03
 -0.618  0.1365E-03
 -0.608  0.1395E-03
 -0.598  0.1420E-03
 -0.588  0.1441E-03
 -0.578  0.1458E-03
 -0.568  0.1473E-03
 -0.558  0.1488E-03
 -0.548  0.1503E-03
 -0.538  0.1521E-03
 -0.528  0.1541E-03
 -0.518  0.1566E-03
 -0.508  0.1594E-03
 -0.498  0.1626E-03
 -0.488  0.1662E-03
 -0.478  0.1699E-03
 -0.468  0.1737E-03
 -0.458  0.1774E-03
 -0.448  0.1809E-03
 -0.438  0.1838E-03
 -0.428  0.1862E-03
 -0.418  0.1876E-03
 -0.408  0.1882E-03
 -0.398  0.1876E-03
 -0.388  0.1858E-03
 -0.378  0.1829E-03
 -0.368  0.1788E-03
 -0.358  0.1736E-03
 -0.348  0.1673E-03
 -0.338  0.1602E-03
 -0.328  0.1523E-03
 -0.318  0.1440E-03
 -0.308  0.1352E-03
 -0.298  0.1264E-03
 -0.288  0.1175E-03
 -0.278  0.1089E-03
 -0.268  0.1005E-03
 -0.258  0.9268E-04
 -0.248  0.8535E-04
 -0.238  0.7861E-04
 -0.228  0.7249E-04
 -0.218  0.6698E-04
 -0.208  0.6207E-04
 -0.198  0.5771E-04
 -0.188  0.5386E-04
 -0.178  0.5046E-04
 -0.168  0.4745E-04
 -0.158  0.4479E-04
 -0.148  0.4244E-04
 -0.138  0.4038E-04
 -0.128  0.3861E-04
 -0.118  0.3714E-04
 -0.108  0.3601E-04
 -0.098  0.3528E-04
 -0.088  0.3501E-04
 -0.078  0.3530E-04
 -0.068  0.3625E-04
 -0.058  0.3797E-04
 -0.048  0.4057E-04
 -0.038  0.4417E-04
 -0.028  0.4888E-04
 -0.018  0.5480E-04
 -0.008  0.6200E-04
  0.002  0.7057E-04
  0.012  0.8054E-04
  0.022  0.9192E-04
  0.032  0.1047E-03
  0.042  0.1188E-03
  0.052  0.1343E-03
  0.062  0.1508E-03
  0.072  0.1684E-03
  0.082  0.1867E-03
  0.092  0.2057E-03
  0.102  0.2250E-03
  0.112  0.2444E-03
  0.122  0.2637E-03
  0.132  0.2825E-03
  0.142  0.3006E-03
  0.152  0.3178E-03
  0.162  0.3338E-03
  0.172  0.3486E-03
  0.182  0.3619E-03
  0.192  0.3737E-03
  0.202  0.3840E-03
  0.212  0.3930E-03
  0.222  0.4006E-03
  0.232  0.4072E-03
  0.242  0.4130E-03
  0.252  0.4182E-03
  0.262  0.4231E-03
  0.272  0.4281E-03
  0.282  0.4333E-03
  0.292  0.4390E-03
  0.302  0.4453E-03
  0.312  0.4522E-03
  0.322  0.4597E-03
  0.332  0.4676E-03
  0.342  0.4756E-03
  0.352  0.4833E-03
  0.362  0.4904E-03
  0.372  0.4963E-03
  0.382  0.5006E-03
  0.392  0.5027E-03
  0.402  0.5021E-03
  0.412  0.4985E-03
  0.422  0.4917E-03
  0.432  0.4814E-03
  0.442  0.4676E-03
  0.452  0.4505E-03
  0.462  0.4302E-03
  0.472  0.4071E-03
  0.482  0.3817E-03
  0.492  0.3544E-03
  0.502  0.3259E-03
  0.512  0.2967E-03
  0.522  0.2675E-03
  0.532  0.2386E-03
  0.542  0.2107E-03
  0.552  0.1842E-03
  0.562  0.1593E-03
  0.572  0.1364E-03
  0.582  0.1155E-03
  0.592  0.9683E-04
  0.602  0.8031E-04
  0.612  0.6591E-04
  0.622  0.5352E-04
  0.632  0.4300E-04
  0.642  0.3418E-04
  0.652  0.2688E-04
  0.662  0.2092E-04
  0.672  0.1611E-04
  0.682  0.1227E-04
  0.692  0.9248E-05
  0.702  0.6897E-05
  0.712  0.5088E-05
  0.722  0.3714E-05
  0.732  0.2682E-05
  0.742  0.1917E-05
  0.752  0.1355E-05
  0.762  0.9478E-06
  0.772  0.6559E-06
  0.782  0.4491E-06
  0.792  0.3042E-06
  0.802  0.2039E-06
  0.812  0.1352E-06
  0.822  0.8869E-07
  0.832  0.5756E-07
  0.842  0.3697E-07
