 -5.548  0.3438E-06
 -5.538  0.5315E-06
 -5.528  0.8128E-06
 -5.518  0.1230E-05
 -5.508  0.1841E-05
 -5.498  0.2725E-05
 -5.488  0.3992E-05
 -5.478  0.5785E-05
 -5.468  0.8293E-05
 -5.458  0.1176E-04
 -5.448  0.1650E-04
 -5.438  0.2290E-04
 -5.428  0.3145E-04
 -5.418  0.4273E-04
 -5.408  0.5743E-04
 -5.398  0.7637E-04
 -5.388  0.1005E-03
 -5.378  0.1308E-03
 -5.368  0.1684E-03
 -5.358  0.2146E-03
 -5.348  0.2707E-03
 -5.338  0.3377E-03
 -5.328  0.4170E-03
 -5.318  0.5096E-03
 -5.308  0.6164E-03
 -5.298  0.7380E-03
 -5.288  0.8747E-03
 -5.278  0.1026E-02
 -5.268  0.1193E-02
 -5.258  0.1372E-02
 -5.248  0.1565E-02
 -5.238  0.1768E-02
 -5.228  0.1979E-02
 -5.218  0.2197E-02
 -5.208  0.2420E-02
 -5.198  0.2644E-02
 -5.188  0.2869E-02
 -5.178  0.3093E-02
 -5.168  0.3315E-02
 -5.158  0.3535E-02
 -5.148  0.3753E-02
 -5.138  0.3971E-02
 -5.128  0.4191E-02
 -5.118  0.4416E-02
 -5.108  0.4648E-02
 -5.098  0.4893E-02
 -5.088  0.5154E-02
 -5.078  0.5434E-02
 -5.068  0.5739E-02
 -5.058  0.6071E-02
 -5.048  0.6433E-02
 -5.038  0.6826E-02
 -5.028  0.7251E-02
 -5.018  0.7708E-02
 -5.008  0.8195E-02
 -4.998  0.8708E-02
 -4.988  0.9242E-02
 -4.978  0.9792E-02
 -4.968  0.1035E-01
 -4.958  0.1091E-01
 -4.948  0.1146E-01
 -4.938  0.1198E-01
 -4.928  0.1248E-01
 -4.918  0.1295E-01
 -4.908  0.1336E-01
 -4.898  0.1371E-01
 -4.888  0.1400E-01
 -4.878  0.1422E-01
 -4.868  0.1437E-01
 -4.858  0.1443E-01
 -4.848  0.1442E-01
 -4.838  0.1432E-01
 -4.828  0.1415E-01
 -4.818  0.1390E-01
 -4.808  0.1358E-01
 -4.798  0.1319E-01
 -4.788  0.1275E-01
 -4.778  0.1226E-01
 -4.768  0.1172E-01
 -4.758  0.1115E-01
 -4.748  0.1054E-01
 -4.738  0.9916E-02
 -4.728  0.9273E-02
 -4.718  0.8621E-02
 -4.708  0.7966E-02
 -4.698  0.7315E-02
 -4.688  0.6674E-02
 -4.678  0.6047E-02
 -4.668  0.5442E-02
 -4.658  0.4861E-02
 -4.648  0.4309E-02
 -4.638  0.3791E-02
 -4.628  0.3308E-02
 -4.618  0.2862E-02
 -4.608  0.2456E-02
 -4.598  0.2089E-02
 -4.588  0.1760E-02
 -4.578  0.1470E-02
 -4.568  0.1216E-02
 -4.558  0.9969E-03
 -4.548  0.8092E-03
 -4.538  0.6505E-03
 -4.528  0.5177E-03
 -4.518  0.4079E-03
 -4.508  0.3182E-03
 -4.498  0.2457E-03
 -4.488  0.1878E-03
 -4.478  0.1421E-03
 -4.468  0.1063E-03
 -4.458  0.7879E-04
 -4.448  0.5776E-04
 -4.438  0.4190E-04
 -4.428  0.3008E-04
 -4.418  0.2137E-04
 -4.408  0.1502E-04
 -4.398  0.1044E-04
 -4.388  0.7184E-05
 -4.378  0.4890E-05
 -4.368  0.3293E-05
 -4.358  0.2194E-05
 -4.348  0.1447E-05
 -4.338  0.9434E-06
 -4.328  0.6086E-06
 -4.318  0.3885E-06
 -4.308  0.2453E-06
 -4.298  0.1533E-06
 -4.288  0.9471E-07
 -4.278  0.5791E-07
 -4.268  0.3503E-07
 -4.258  0.2096E-07
 -4.248  0.1241E-07
 -4.238  0.7265E-08
 -4.228  0.4209E-08
 -4.218  0.2412E-08
 -4.208  0.1368E-08
 -4.198  0.7670E-09
 -4.188  0.4256E-09
 -4.178  0.2336E-09
 -4.168  0.1268E-09
 -4.158  0.6813E-10
 -4.148  0.3620E-10
 -4.138  0.1903E-10
 -4.128  0.9897E-11
 -4.118  0.5092E-11
 -4.108  0.2591E-11
 -4.098  0.1305E-11
 -4.088  0.6497E-12
 -4.078  0.3201E-12
 -4.068  0.1560E-12
 -4.058  0.7523E-13
 -4.048  0.3589E-13
 -4.038  0.1693E-13
 -4.028  0.7904E-14
 -4.018  0.3650E-14
 -4.008  0.1667E-14
 -3.998  0.7535E-15
 -3.988  0.3369E-15
 -3.978  0.1490E-15
 -3.968  0.6517E-16
 -3.958  0.2821E-16
 -3.948  0.1208E-16
 -3.938  0.5115E-17
 -3.928  0.2143E-17
 -3.918  0.8883E-18
 -3.908  0.3642E-18
 -3.898  0.1477E-18
 -3.888  0.5929E-19
 -3.878  0.2353E-19
 -3.868  0.9242E-20
 -3.858  0.3590E-20
 -3.848  0.1380E-20
 -3.838  0.5245E-21
 -3.828  0.1973E-21
 -3.818  0.7339E-22
 -3.808  0.2701E-22
 -3.798  0.9835E-23
 -3.788  0.3542E-23
 -3.778  0.1262E-23
 -3.768  0.4449E-24
 -3.758  0.1551E-24
 -3.748  0.5351E-25
 -3.738  0.1826E-25
 -3.728  0.6164E-26
 -3.718  0.2059E-26
 -3.708  0.6800E-27
 -3.698  0.2222E-27
 -3.688  0.7185E-28
 -3.678  0.2298E-28
 -3.668  0.7270E-29
 -3.658  0.2275E-29
 -3.648  0.7045E-30
 -3.638  0.2158E-30
 -3.628  0.6539E-31
 -3.618  0.1960E-31
 -3.608  0.5812E-32
 -3.598  0.1705E-32
 -3.588  0.4947E-33
 -3.578  0.1420E-33
 -3.568  0.4033E-34
 -3.558  0.1133E-34
 -3.548  0.3149E-35
 -3.538  0.8657E-36
 -3.528  0.2355E-36
 -3.518  0.6335E-37
 -3.508  0.1686E-37
 -3.498  0.4439E-38
 -3.488  0.1156E-38
 -3.478  0.2980E-39
 -3.468  0.7595E-40
 -3.458  0.1915E-40
 -3.448  0.4778E-41
 -3.438  0.1179E-41
 -3.428  0.2878E-42
 -3.418  0.6951E-43
 -3.408  0.1661E-43
 -3.398  0.3924E-44
 -3.388  0.9175E-45
 -3.378  0.2122E-45
 -3.368  0.4855E-46
 -3.358  0.1099E-46
 -3.348  0.2461E-47
 -3.338  0.5450E-48
 -3.328  0.1194E-48
 -3.318  0.2589E-49
 -3.308  0.5552E-50
 -3.298  0.1178E-50
 -3.288  0.2471E-51
 -3.278  0.5131E-52
 -3.268  0.1054E-52
 -3.258  0.2141E-53
 -3.248  0.4302E-54
 -3.238  0.8554E-55
 -3.228  0.1682E-55
 -3.218  0.3273E-56
 -3.208  0.6300E-57
 -3.198  0.1200E-57
 -3.188  0.2260E-58
 -3.178  0.4211E-59
 -3.168  0.7762E-60
 -3.158  0.1415E-60
 -3.148  0.2553E-61
 -3.138  0.4557E-62
 -3.128  0.8045E-63
 -3.118  0.1405E-63
 -3.108  0.2427E-64
 -3.098  0.4149E-65
 -3.088  0.7014E-66
 -3.078  0.1173E-66
 -3.068  0.1941E-67
 -3.058  0.3177E-68
 -3.048  0.5145E-69
 -3.038  0.8241E-70
 -3.028  0.1306E-70
 -3.018  0.2047E-71
 -3.008  0.3175E-72
 -2.998  0.4883E-73
 -2.988  0.8237E-74
 -2.978  0.6718E-74
 -2.968  0.3694E-73
 -2.958  0.2387E-72
 -2.948  0.1532E-71
 -2.938  0.9725E-71
 -2.928  0.6108E-70
 -2.918  0.3795E-69
 -2.908  0.2333E-68
 -2.898  0.1419E-67
 -2.888  0.8534E-67
 -2.878  0.5078E-66
 -2.868  0.2990E-65
 -2.858  0.1741E-64
 -2.848  0.1003E-63
 -2.838  0.5716E-63
 -2.828  0.3223E-62
 -2.818  0.1797E-61
 -2.808  0.9917E-61
 -2.798  0.5413E-60
 -2.788  0.2923E-59
 -2.778  0.1561E-58
 -2.768  0.8249E-58
 -2.758  0.4312E-57
 -2.748  0.2230E-56
 -2.738  0.1141E-55
 -2.728  0.5772E-55
 -2.718  0.2890E-54
 -2.708  0.1431E-53
 -2.698  0.7011E-53
 -2.688  0.3398E-52
 -2.678  0.1629E-51
 -2.668  0.7727E-51
 -2.658  0.3625E-50
 -2.648  0.1683E-49
 -2.638  0.7726E-49
 -2.628  0.3509E-48
 -2.618  0.1577E-47
 -2.608  0.7010E-47
 -2.598  0.3083E-46
 -2.588  0.1341E-45
 -2.578  0.5771E-45
 -2.568  0.2457E-44
 -2.558  0.1035E-43
 -2.548  0.4310E-43
 -2.538  0.1776E-42
 -2.528  0.7243E-42
 -2.518  0.2921E-41
 -2.508  0.1166E-40
 -2.498  0.4601E-40
 -2.488  0.1796E-39
 -2.478  0.6939E-39
 -2.468  0.2652E-38
 -2.458  0.1002E-37
 -2.448  0.3748E-37
 -2.438  0.1387E-36
 -2.428  0.5074E-36
 -2.418  0.1837E-35
 -2.408  0.6579E-35
 -2.398  0.2331E-34
 -2.388  0.8169E-34
 -2.378  0.2832E-33
 -2.368  0.9715E-33
 -2.358  0.3296E-32
 -2.348  0.1106E-31
 -2.338  0.3674E-31
 -2.328  0.1207E-30
 -2.318  0.3921E-30
 -2.308  0.1261E-29
 -2.298  0.4009E-29
 -2.288  0.1261E-28
 -2.278  0.3924E-28
 -2.268  0.1208E-27
 -2.258  0.3680E-27
 -2.248  0.1109E-26
 -2.238  0.3304E-26
 -2.228  0.9742E-26
 -2.218  0.2841E-25
 -2.208  0.8199E-25
 -2.198  0.2340E-24
 -2.188  0.6608E-24
 -2.178  0.1846E-23
 -2.168  0.5101E-23
 -2.158  0.1394E-22
 -2.148  0.3771E-22
 -2.138  0.1009E-21
 -2.128  0.2670E-21
 -2.118  0.6990E-21
 -2.108  0.1810E-20
 -2.098  0.4638E-20
 -2.088  0.1176E-19
 -2.078  0.2948E-19
 -2.068  0.7311E-19
 -2.058  0.1794E-18
 -2.048  0.4355E-18
 -2.038  0.1046E-17
 -2.028  0.2484E-17
 -2.018  0.5838E-17
 -2.008  0.1357E-16
 -1.998  0.3121E-16
 -1.988  0.7101E-16
 -1.978  0.1598E-15
 -1.968  0.3558E-15
 -1.958  0.7838E-15
 -1.948  0.1708E-14
 -1.938  0.3681E-14
 -1.928  0.7850E-14
 -1.918  0.1656E-13
 -1.908  0.3456E-13
 -1.898  0.7135E-13
 -1.888  0.1457E-12
 -1.878  0.2944E-12
 -1.868  0.5885E-12
 -1.858  0.1164E-11
 -1.848  0.2276E-11
 -1.838  0.4405E-11
 -1.828  0.8433E-11
 -1.818  0.1597E-10
 -1.808  0.2993E-10
 -1.798  0.5548E-10
 -1.788  0.1017E-09
 -1.778  0.1846E-09
 -1.768  0.3313E-09
 -1.758  0.5883E-09
 -1.748  0.1034E-08
 -1.738  0.1797E-08
 -1.728  0.3090E-08
 -1.718  0.5257E-08
 -1.708  0.8849E-08
 -1.698  0.1474E-07
 -1.688  0.2429E-07
 -1.678  0.3960E-07
 -1.668  0.6389E-07
 -1.658  0.1020E-06
 -1.648  0.1611E-06
 -1.638  0.2519E-06
 -1.628  0.3897E-06
 -1.618  0.5966E-06
 -1.608  0.9039E-06
 -1.598  0.1355E-05
 -1.588  0.2012E-05
 -1.578  0.2955E-05
 -1.568  0.4298E-05
 -1.558  0.6188E-05
 -1.548  0.8820E-05
 -1.538  0.1245E-04
 -1.528  0.1739E-04
 -1.518  0.2407E-04
 -1.508  0.3299E-04
 -1.498  0.4479E-04
 -1.488  0.6023E-04
 -1.478  0.8025E-04
 -1.468  0.1060E-03
 -1.458  0.1386E-03
 -1.448  0.1798E-03
 -1.438  0.2311E-03
 -1.428  0.2945E-03
 -1.418  0.3722E-03
 -1.408  0.4665E-03
 -1.398  0.5799E-03
 -1.388  0.7151E-03
 -1.378  0.8749E-03
 -1.368  0.1062E-02
 -1.358  0.1279E-02
 -1.348  0.1529E-02
 -1.338  0.1814E-02
 -1.328  0.2136E-02
 -1.318  0.2497E-02
 -1.308  0.2896E-02
 -1.298  0.3334E-02
 -1.288  0.3809E-02
 -1.278  0.4319E-02
 -1.268  0.4860E-02
 -1.258  0.5425E-02
 -1.248  0.6009E-02
 -1.238  0.6602E-02
 -1.228  0.7195E-02
 -1.218  0.7776E-02
 -1.208  0.8333E-02
 -1.198  0.8854E-02
 -1.188  0.9325E-02
 -1.178  0.9735E-02
 -1.168  0.1007E-01
 -1.158  0.1032E-01
 -1.148  0.1049E-01
 -1.138  0.1055E-01
 -1.128  0.1052E-01
 -1.118  0.1038E-01
 -1.108  0.1015E-01
 -1.098  0.9822E-02
 -1.088  0.9414E-02
 -1.078  0.8933E-02
 -1.068  0.8392E-02
 -1.058  0.7804E-02
 -1.048  0.7184E-02
 -1.038  0.6546E-02
 -1.028  0.5903E-02
 -1.018  0.5270E-02
 -1.008  0.4656E-02
 -0.998  0.4071E-02
 -0.988  0.3524E-02
 -0.978  0.3021E-02
 -0.968  0.2564E-02
 -0.958  0.2157E-02
 -0.948  0.1800E-02
 -0.938  0.1493E-02
 -0.928  0.1234E-02
 -0.918  0.1021E-02
 -0.908  0.8521E-03
 -0.898  0.7249E-03
 -0.888  0.6371E-03
 -0.878  0.5868E-03
 -0.868  0.5727E-03
 -0.858  0.5941E-03
 -0.848  0.6509E-03
 -0.838  0.7435E-03
 -0.828  0.8727E-03
 -0.818  0.1040E-02
 -0.808  0.1246E-02
 -0.798  0.1493E-02
 -0.788  0.1782E-02
 -0.778  0.2113E-02
 -0.768  0.2486E-02
 -0.758  0.2900E-02
 -0.748  0.3354E-02
 -0.738  0.3845E-02
 -0.728  0.4368E-02
 -0.718  0.4920E-02
 -0.708  0.5494E-02
 -0.698  0.6085E-02
 -0.688  0.6687E-02
 -0.678  0.7294E-02
 -0.668  0.7902E-02
 -0.658  0.8507E-02
 -0.648  0.9106E-02
 -0.638  0.9701E-02
 -0.628  0.1029E-01
 -0.618  0.1088E-01
 -0.608  0.1148E-01
 -0.598  0.1209E-01
 -0.588  0.1273E-01
 -0.578  0.1339E-01
 -0.568  0.1410E-01
 -0.558  0.1485E-01
 -0.548  0.1566E-01
 -0.538  0.1652E-01
 -0.528  0.1743E-01
 -0.518  0.1838E-01
 -0.508  0.1937E-01
 -0.498  0.2037E-01
 -0.488  0.2138E-01
 -0.478  0.2236E-01
 -0.468  0.2328E-01
 -0.458  0.2412E-01
 -0.448  0.2485E-01
 -0.438  0.2545E-01
 -0.428  0.2588E-01
 -0.418  0.2614E-01
 -0.408  0.2620E-01
 -0.398  0.2607E-01
 -0.388  0.2573E-01
 -0.378  0.2520E-01
 -0.368  0.2449E-01
 -0.358  0.2361E-01
 -0.348  0.2260E-01
 -0.338  0.2149E-01
 -0.328  0.2029E-01
 -0.318  0.1905E-01
 -0.308  0.1780E-01
 -0.298  0.1656E-01
 -0.288  0.1536E-01
 -0.278  0.1422E-01
 -0.268  0.1317E-01
 -0.258  0.1221E-01
 -0.248  0.1134E-01
 -0.238  0.1057E-01
 -0.228  0.9905E-02
 -0.218  0.9324E-02
 -0.208  0.8821E-02
 -0.198  0.8385E-02
 -0.188  0.8003E-02
 -0.178  0.7660E-02
 -0.168  0.7346E-02
 -0.158  0.7048E-02
 -0.148  0.6758E-02
 -0.138  0.6471E-02
 -0.128  0.6182E-02
 -0.118  0.5891E-02
 -0.108  0.5600E-02
 -0.098  0.5314E-02
 -0.088  0.5038E-02
 -0.078  0.4782E-02
 -0.068  0.4553E-02
 -0.058  0.4362E-02
 -0.048  0.4218E-02
 -0.038  0.4129E-02
 -0.028  0.4104E-02
 -0.018  0.4149E-02
 -0.008  0.4268E-02
  0.002  0.4464E-02
  0.012  0.4738E-02
  0.022  0.5088E-02
  0.032  0.5510E-02
  0.042  0.5997E-02
  0.052  0.6543E-02
  0.062  0.7136E-02
  0.072  0.7766E-02
  0.082  0.8420E-02
  0.092  0.9084E-02
  0.102  0.9746E-02
  0.112  0.1039E-01
  0.122  0.1100E-01
  0.132  0.1157E-01
  0.142  0.1209E-01
  0.152  0.1254E-01
  0.162  0.1291E-01
  0.172  0.1321E-01
  0.182  0.1342E-01
  0.192  0.1355E-01
  0.202  0.1359E-01
  0.212  0.1355E-01
  0.222  0.1343E-01
  0.232  0.1323E-01
  0.242  0.1298E-01
  0.252  0.1268E-01
  0.262  0.1233E-01
  0.272  0.1196E-01
  0.282  0.1156E-01
  0.292  0.1116E-01
  0.302  0.1076E-01
  0.312  0.1037E-01
  0.322  0.9999E-02
  0.332  0.9646E-02
  0.342  0.9315E-02
  0.352  0.9006E-02
  0.362  0.8717E-02
  0.372  0.8444E-02
  0.382  0.8182E-02
  0.392  0.7925E-02
  0.402  0.7668E-02
  0.412  0.7403E-02
  0.422  0.7127E-02
  0.432  0.6834E-02
  0.442  0.6522E-02
  0.452  0.6190E-02
  0.462  0.5838E-02
  0.472  0.5468E-02
  0.482  0.5083E-02
  0.492  0.4687E-02
  0.502  0.4285E-02
  0.512  0.3883E-02
  0.522  0.3487E-02
  0.532  0.3102E-02
  0.542  0.2733E-02
  0.552  0.2384E-02
  0.562  0.2059E-02
  0.572  0.1761E-02
  0.582  0.1491E-02
  0.592  0.1249E-02
  0.602  0.1035E-02
  0.612  0.8495E-03
  0.622  0.6898E-03
  0.632  0.5543E-03
  0.642  0.4407E-03
  0.652  0.3467E-03
  0.662  0.2699E-03
  0.672  0.2079E-03
  0.682  0.1585E-03
  0.692  0.1195E-03
  0.702  0.8915E-04
  0.712  0.6581E-04
  0.722  0.4807E-04
  0.732  0.3474E-04
  0.742  0.2484E-04
  0.752  0.1757E-04
  0.762  0.1230E-04
  0.772  0.8516E-05
  0.782  0.5835E-05
  0.792  0.3955E-05
  0.802  0.2653E-05
  0.812  0.1760E-05
  0.822  0.1156E-05
  0.832  0.7506E-06
  0.842  0.4824E-06
