 -5.548  0.6209E-09
 -5.538  0.9601E-09
 -5.528  0.1469E-08
 -5.518  0.2223E-08
 -5.508  0.3328E-08
 -5.498  0.4930E-08
 -5.488  0.7225E-08
 -5.478  0.1048E-07
 -5.468  0.1503E-07
 -5.458  0.2133E-07
 -5.448  0.2996E-07
 -5.438  0.4163E-07
 -5.428  0.5725E-07
 -5.418  0.7791E-07
 -5.408  0.1049E-06
 -5.398  0.1398E-06
 -5.388  0.1845E-06
 -5.378  0.2409E-06
 -5.368  0.3115E-06
 -5.358  0.3988E-06
 -5.348  0.5056E-06
 -5.338  0.6348E-06
 -5.328  0.7897E-06
 -5.318  0.9735E-06
 -5.308  0.1190E-05
 -5.298  0.1441E-05
 -5.288  0.1732E-05
 -5.278  0.2065E-05
 -5.268  0.2444E-05
 -5.258  0.2873E-05
 -5.248  0.3355E-05
 -5.238  0.3895E-05
 -5.228  0.4497E-05
 -5.218  0.5167E-05
 -5.208  0.5910E-05
 -5.198  0.6733E-05
 -5.188  0.7642E-05
 -5.178  0.8644E-05
 -5.168  0.9746E-05
 -5.158  0.1095E-04
 -5.148  0.1227E-04
 -5.138  0.1371E-04
 -5.128  0.1526E-04
 -5.118  0.1691E-04
 -5.108  0.1868E-04
 -5.098  0.2053E-04
 -5.088  0.2245E-04
 -5.078  0.2442E-04
 -5.068  0.2642E-04
 -5.058  0.2840E-04
 -5.048  0.3033E-04
 -5.038  0.3219E-04
 -5.028  0.3392E-04
 -5.018  0.3549E-04
 -5.008  0.3687E-04
 -4.998  0.3803E-04
 -4.988  0.3895E-04
 -4.978  0.3961E-04
 -4.968  0.4002E-04
 -4.958  0.4016E-04
 -4.948  0.4006E-04
 -4.938  0.3973E-04
 -4.928  0.3919E-04
 -4.918  0.3849E-04
 -4.908  0.3764E-04
 -4.898  0.3669E-04
 -4.888  0.3566E-04
 -4.878  0.3459E-04
 -4.868  0.3352E-04
 -4.858  0.3245E-04
 -4.848  0.3142E-04
 -4.838  0.3042E-04
 -4.828  0.2947E-04
 -4.818  0.2856E-04
 -4.808  0.2769E-04
 -4.798  0.2685E-04
 -4.788  0.2603E-04
 -4.778  0.2521E-04
 -4.768  0.2437E-04
 -4.758  0.2351E-04
 -4.748  0.2260E-04
 -4.738  0.2165E-04
 -4.728  0.2063E-04
 -4.718  0.1956E-04
 -4.708  0.1844E-04
 -4.698  0.1726E-04
 -4.688  0.1605E-04
 -4.678  0.1481E-04
 -4.668  0.1355E-04
 -4.658  0.1230E-04
 -4.648  0.1106E-04
 -4.638  0.9866E-05
 -4.628  0.8716E-05
 -4.618  0.7627E-05
 -4.608  0.6611E-05
 -4.598  0.5674E-05
 -4.588  0.4822E-05
 -4.578  0.4057E-05
 -4.568  0.3379E-05
 -4.558  0.2785E-05
 -4.548  0.2273E-05
 -4.538  0.1835E-05
 -4.528  0.1467E-05
 -4.518  0.1160E-05
 -4.508  0.9076E-06
 -4.498  0.7028E-06
 -4.488  0.5385E-06
 -4.478  0.4082E-06
 -4.468  0.3062E-06
 -4.458  0.2272E-06
 -4.448  0.1668E-06
 -4.438  0.1212E-06
 -4.428  0.8709E-07
 -4.418  0.6192E-07
 -4.408  0.4356E-07
 -4.398  0.3031E-07
 -4.388  0.2087E-07
 -4.378  0.1421E-07
 -4.368  0.9577E-08
 -4.358  0.6384E-08
 -4.348  0.4210E-08
 -4.338  0.2746E-08
 -4.328  0.1773E-08
 -4.318  0.1132E-08
 -4.308  0.7148E-09
 -4.298  0.4466E-09
 -4.288  0.2761E-09
 -4.278  0.1688E-09
 -4.268  0.1021E-09
 -4.258  0.6112E-10
 -4.248  0.3618E-10
 -4.238  0.2119E-10
 -4.228  0.1228E-10
 -4.218  0.7037E-11
 -4.208  0.3990E-11
 -4.198  0.2238E-11
 -4.188  0.1242E-11
 -4.178  0.6816E-12
 -4.168  0.3701E-12
 -4.158  0.1988E-12
 -4.148  0.1057E-12
 -4.138  0.5555E-13
 -4.128  0.2889E-13
 -4.118  0.1486E-13
 -4.108  0.7564E-14
 -4.098  0.3808E-14
 -4.088  0.1897E-14
 -4.078  0.9345E-15
 -4.068  0.4555E-15
 -4.058  0.2196E-15
 -4.048  0.1048E-15
 -4.038  0.4943E-16
 -4.028  0.2308E-16
 -4.018  0.1066E-16
 -4.008  0.4868E-17
 -3.998  0.2200E-17
 -3.988  0.9835E-18
 -3.978  0.4350E-18
 -3.968  0.1903E-18
 -3.958  0.8236E-19
 -3.948  0.3526E-19
 -3.938  0.1494E-19
 -3.928  0.6258E-20
 -3.918  0.2594E-20
 -3.908  0.1064E-20
 -3.898  0.4314E-21
 -3.888  0.1731E-21
 -3.878  0.6873E-22
 -3.868  0.2699E-22
 -3.858  0.1048E-22
 -3.848  0.4029E-23
 -3.838  0.1532E-23
 -3.828  0.5761E-24
 -3.818  0.2143E-24
 -3.808  0.7889E-25
 -3.798  0.2872E-25
 -3.788  0.1035E-25
 -3.778  0.3686E-26
 -3.768  0.1299E-26
 -3.758  0.4531E-27
 -3.748  0.1563E-27
 -3.738  0.5334E-28
 -3.728  0.1800E-28
 -3.718  0.6013E-29
 -3.708  0.1986E-29
 -3.698  0.6492E-30
 -3.688  0.2099E-30
 -3.678  0.6712E-31
 -3.668  0.2124E-31
 -3.658  0.6647E-32
 -3.648  0.2058E-32
 -3.638  0.6304E-33
 -3.628  0.1910E-33
 -3.618  0.5726E-34
 -3.608  0.1698E-34
 -3.598  0.4981E-35
 -3.588  0.1445E-35
 -3.578  0.4149E-36
 -3.568  0.1178E-36
 -3.558  0.3310E-37
 -3.548  0.9200E-38
 -3.538  0.2529E-38
 -3.528  0.6879E-39
 -3.518  0.1851E-39
 -3.508  0.4926E-40
 -3.498  0.1297E-40
 -3.488  0.3379E-41
 -3.478  0.8706E-42
 -3.468  0.2219E-42
 -3.458  0.5596E-43
 -3.448  0.1396E-43
 -3.438  0.3445E-44
 -3.428  0.8410E-45
 -3.418  0.2031E-45
 -3.408  0.4852E-46
 -3.398  0.1147E-46
 -3.388  0.2681E-47
 -3.378  0.6201E-48
 -3.368  0.1419E-48
 -3.358  0.3212E-49
 -3.348  0.7191E-50
 -3.338  0.1593E-50
 -3.328  0.3490E-51
 -3.318  0.7566E-52
 -3.308  0.1623E-52
 -3.298  0.3442E-53
 -3.288  0.7223E-54
 -3.278  0.1500E-54
 -3.268  0.3080E-55
 -3.258  0.6257E-56
 -3.248  0.1258E-56
 -3.238  0.2500E-57
 -3.228  0.4918E-58
 -3.218  0.9568E-59
 -3.208  0.1842E-59
 -3.198  0.3507E-60
 -3.188  0.6606E-61
 -3.178  0.1231E-61
 -3.168  0.2269E-62
 -3.158  0.4138E-63
 -3.148  0.7465E-64
 -3.138  0.1332E-64
 -3.128  0.2352E-65
 -3.118  0.4107E-66
 -3.108  0.7096E-67
 -3.098  0.1213E-67
 -3.088  0.2051E-68
 -3.078  0.3430E-69
 -3.068  0.5675E-70
 -3.058  0.9290E-71
 -3.048  0.1504E-71
 -3.038  0.2410E-72
 -3.028  0.3818E-73
 -3.018  0.5986E-74
 -3.008  0.9288E-75
 -2.998  0.1463E-75
 -2.988  0.4764E-76
 -2.978  0.1758E-75
 -2.968  0.1132E-74
 -2.958  0.7343E-74
 -2.948  0.4713E-73
 -2.938  0.2992E-72
 -2.928  0.1880E-71
 -2.918  0.1168E-70
 -2.908  0.7179E-70
 -2.898  0.4365E-69
 -2.888  0.2626E-68
 -2.878  0.1563E-67
 -2.868  0.9200E-67
 -2.858  0.5357E-66
 -2.848  0.3086E-65
 -2.838  0.1759E-64
 -2.828  0.9917E-64
 -2.818  0.5531E-63
 -2.808  0.3052E-62
 -2.798  0.1666E-61
 -2.788  0.8994E-61
 -2.778  0.4804E-60
 -2.768  0.2538E-59
 -2.758  0.1327E-58
 -2.748  0.6861E-58
 -2.738  0.3510E-57
 -2.728  0.1776E-56
 -2.718  0.8892E-56
 -2.708  0.4404E-55
 -2.698  0.2157E-54
 -2.688  0.1046E-53
 -2.678  0.5013E-53
 -2.668  0.2378E-52
 -2.658  0.1116E-51
 -2.648  0.5178E-51
 -2.638  0.2377E-50
 -2.628  0.1080E-49
 -2.618  0.4853E-49
 -2.608  0.2157E-48
 -2.598  0.9485E-48
 -2.588  0.4126E-47
 -2.578  0.1776E-46
 -2.568  0.7560E-46
 -2.558  0.3184E-45
 -2.548  0.1326E-44
 -2.538  0.5466E-44
 -2.528  0.2229E-43
 -2.518  0.8989E-43
 -2.508  0.3587E-42
 -2.498  0.1416E-41
 -2.488  0.5528E-41
 -2.478  0.2135E-40
 -2.468  0.8159E-40
 -2.458  0.3084E-39
 -2.448  0.1153E-38
 -2.438  0.4267E-38
 -2.428  0.1561E-37
 -2.418  0.5653E-37
 -2.408  0.2024E-36
 -2.398  0.7172E-36
 -2.388  0.2514E-35
 -2.378  0.8715E-35
 -2.368  0.2989E-34
 -2.358  0.1014E-33
 -2.348  0.3404E-33
 -2.338  0.1130E-32
 -2.328  0.3713E-32
 -2.318  0.1207E-31
 -2.308  0.3879E-31
 -2.298  0.1233E-30
 -2.288  0.3880E-30
 -2.278  0.1208E-29
 -2.268  0.3718E-29
 -2.258  0.1132E-28
 -2.248  0.3411E-28
 -2.238  0.1017E-27
 -2.228  0.2998E-27
 -2.218  0.8743E-27
 -2.208  0.2523E-26
 -2.198  0.7201E-26
 -2.188  0.2033E-25
 -2.178  0.5680E-25
 -2.168  0.1570E-24
 -2.158  0.4291E-24
 -2.148  0.1160E-23
 -2.138  0.3104E-23
 -2.128  0.8215E-23
 -2.118  0.2151E-22
 -2.108  0.5570E-22
 -2.098  0.1427E-21
 -2.088  0.3617E-21
 -2.078  0.9069E-21
 -2.068  0.2250E-20
 -2.058  0.5520E-20
 -2.048  0.1340E-19
 -2.038  0.3217E-19
 -2.028  0.7643E-19
 -2.018  0.1796E-18
 -2.008  0.4175E-18
 -1.998  0.9602E-18
 -1.988  0.2185E-17
 -1.978  0.4917E-17
 -1.968  0.1095E-16
 -1.958  0.2411E-16
 -1.948  0.5253E-16
 -1.938  0.1132E-15
 -1.928  0.2414E-15
 -1.918  0.5093E-15
 -1.908  0.1063E-14
 -1.898  0.2194E-14
 -1.888  0.4480E-14
 -1.878  0.9051E-14
 -1.868  0.1809E-13
 -1.858  0.3577E-13
 -1.848  0.6996E-13
 -1.838  0.1354E-12
 -1.828  0.2591E-12
 -1.818  0.4907E-12
 -1.808  0.9192E-12
 -1.798  0.1703E-11
 -1.788  0.3123E-11
 -1.778  0.5665E-11
 -1.768  0.1016E-10
 -1.758  0.1804E-10
 -1.748  0.3169E-10
 -1.738  0.5505E-10
 -1.728  0.9463E-10
 -1.718  0.1609E-09
 -1.708  0.2707E-09
 -1.698  0.4506E-09
 -1.688  0.7419E-09
 -1.678  0.1209E-08
 -1.668  0.1948E-08
 -1.658  0.3107E-08
 -1.648  0.4902E-08
 -1.638  0.7653E-08
 -1.628  0.1182E-07
 -1.618  0.1807E-07
 -1.608  0.2733E-07
 -1.598  0.4089E-07
 -1.588  0.6055E-07
 -1.578  0.8874E-07
 -1.568  0.1287E-06
 -1.558  0.1847E-06
 -1.548  0.2623E-06
 -1.538  0.3688E-06
 -1.528  0.5133E-06
 -1.518  0.7070E-06
 -1.508  0.9641E-06
 -1.498  0.1302E-05
 -1.488  0.1740E-05
 -1.478  0.2303E-05
 -1.468  0.3018E-05
 -1.458  0.3917E-05
 -1.448  0.5036E-05
 -1.438  0.6414E-05
 -1.428  0.8094E-05
 -1.418  0.1012E-04
 -1.408  0.1254E-04
 -1.398  0.1540E-04
 -1.388  0.1874E-04
 -1.378  0.2262E-04
 -1.368  0.2707E-04
 -1.358  0.3212E-04
 -1.348  0.3781E-04
 -1.338  0.4415E-04
 -1.328  0.5115E-04
 -1.318  0.5880E-04
 -1.308  0.6707E-04
 -1.298  0.7592E-04
 -1.288  0.8530E-04
 -1.278  0.9512E-04
 -1.268  0.1053E-03
 -1.258  0.1157E-03
 -1.248  0.1261E-03
 -1.238  0.1365E-03
 -1.228  0.1466E-03
 -1.218  0.1563E-03
 -1.208  0.1653E-03
 -1.198  0.1735E-03
 -1.188  0.1806E-03
 -1.178  0.1865E-03
 -1.168  0.1911E-03
 -1.158  0.1940E-03
 -1.148  0.1954E-03
 -1.138  0.1951E-03
 -1.128  0.1930E-03
 -1.118  0.1893E-03
 -1.108  0.1840E-03
 -1.098  0.1772E-03
 -1.088  0.1690E-03
 -1.078  0.1597E-03
 -1.068  0.1494E-03
 -1.058  0.1385E-03
 -1.048  0.1271E-03
 -1.038  0.1155E-03
 -1.028  0.1040E-03
 -1.018  0.9266E-04
 -1.008  0.8175E-04
 -0.998  0.7143E-04
 -0.988  0.6183E-04
 -0.978  0.5303E-04
 -0.968  0.4512E-04
 -0.958  0.3812E-04
 -0.948  0.3207E-04
 -0.938  0.2697E-04
 -0.928  0.2282E-04
 -0.918  0.1959E-04
 -0.908  0.1729E-04
 -0.898  0.1590E-04
 -0.888  0.1543E-04
 -0.878  0.1590E-04
 -0.868  0.1734E-04
 -0.858  0.1980E-04
 -0.848  0.2334E-04
 -0.838  0.2803E-04
 -0.828  0.3394E-04
 -0.818  0.4115E-04
 -0.808  0.4974E-04
 -0.798  0.5975E-04
 -0.788  0.7122E-04
 -0.778  0.8414E-04
 -0.768  0.9849E-04
 -0.758  0.1142E-03
 -0.748  0.1311E-03
 -0.738  0.1490E-03
 -0.728  0.1677E-03
 -0.718  0.1870E-03
 -0.708  0.2064E-03
 -0.698  0.2258E-03
 -0.688  0.2447E-03
 -0.678  0.2629E-03
 -0.668  0.2799E-03
 -0.658  0.2957E-03
 -0.648  0.3099E-03
 -0.638  0.3224E-03
 -0.628  0.3333E-03
 -0.618  0.3425E-03
 -0.608  0.3502E-03
 -0.598  0.3565E-03
 -0.588  0.3619E-03
 -0.578  0.3665E-03
 -0.568  0.3709E-03
 -0.558  0.3752E-03
 -0.548  0.3799E-03
 -0.538  0.3852E-03
 -0.528  0.3914E-03
 -0.518  0.3986E-03
 -0.508  0.4068E-03
 -0.498  0.4158E-03
 -0.488  0.4256E-03
 -0.478  0.4358E-03
 -0.468  0.4460E-03
 -0.458  0.4557E-03
 -0.448  0.4645E-03
 -0.438  0.4719E-03
 -0.428  0.4773E-03
 -0.418  0.4803E-03
 -0.408  0.4807E-03
 -0.398  0.4780E-03
 -0.388  0.4721E-03
 -0.378  0.4631E-03
 -0.368  0.4509E-03
 -0.358  0.4359E-03
 -0.348  0.4182E-03
 -0.338  0.3984E-03
 -0.328  0.3768E-03
 -0.318  0.3540E-03
 -0.308  0.3304E-03
 -0.298  0.3065E-03
 -0.288  0.2829E-03
 -0.278  0.2600E-03
 -0.268  0.2381E-03
 -0.258  0.2175E-03
 -0.248  0.1984E-03
 -0.238  0.1809E-03
 -0.228  0.1652E-03
 -0.218  0.1511E-03
 -0.208  0.1386E-03
 -0.198  0.1277E-03
 -0.188  0.1180E-03
 -0.178  0.1096E-03
 -0.168  0.1023E-03
 -0.158  0.9581E-04
 -0.148  0.9016E-04
 -0.138  0.8522E-04
 -0.128  0.8095E-04
 -0.118  0.7734E-04
 -0.108  0.7445E-04
 -0.098  0.7236E-04
 -0.088  0.7117E-04
 -0.078  0.7105E-04
 -0.068  0.7219E-04
 -0.058  0.7476E-04
 -0.048  0.7899E-04
 -0.038  0.8507E-04
 -0.028  0.9321E-04
 -0.018  0.1036E-03
 -0.008  0.1163E-03
  0.002  0.1315E-03
  0.012  0.1493E-03
  0.022  0.1697E-03
  0.032  0.1925E-03
  0.042  0.2178E-03
  0.052  0.2452E-03
  0.062  0.2747E-03
  0.072  0.3059E-03
  0.082  0.3384E-03
  0.092  0.3718E-03
  0.102  0.4056E-03
  0.112  0.4395E-03
  0.122  0.4729E-03
  0.132  0.5052E-03
  0.142  0.5361E-03
  0.152  0.5651E-03
  0.162  0.5917E-03
  0.172  0.6157E-03
  0.182  0.6369E-03
  0.192  0.6551E-03
  0.202  0.6704E-03
  0.212  0.6828E-03
  0.222  0.6926E-03
  0.232  0.7001E-03
  0.242  0.7057E-03
  0.252  0.7098E-03
  0.262  0.7131E-03
  0.272  0.7160E-03
  0.282  0.7190E-03
  0.292  0.7225E-03
  0.302  0.7267E-03
  0.312  0.7319E-03
  0.322  0.7381E-03
  0.332  0.7450E-03
  0.342  0.7524E-03
  0.352  0.7597E-03
  0.362  0.7664E-03
  0.372  0.7717E-03
  0.382  0.7750E-03
  0.392  0.7753E-03
  0.402  0.7722E-03
  0.412  0.7648E-03
  0.422  0.7529E-03
  0.432  0.7361E-03
  0.442  0.7143E-03
  0.452  0.6876E-03
  0.462  0.6564E-03
  0.472  0.6211E-03
  0.482  0.5823E-03
  0.492  0.5408E-03
  0.502  0.4975E-03
  0.512  0.4532E-03
  0.522  0.4087E-03
  0.532  0.3649E-03
  0.542  0.3225E-03
  0.552  0.2821E-03
  0.562  0.2442E-03
  0.572  0.2092E-03
  0.582  0.1774E-03
  0.592  0.1488E-03
  0.602  0.1235E-03
  0.612  0.1015E-03
  0.622  0.8248E-04
  0.632  0.6633E-04
  0.642  0.5278E-04
  0.652  0.4155E-04
  0.662  0.3237E-04
  0.672  0.2495E-04
  0.682  0.1902E-04
  0.692  0.1435E-04
  0.702  0.1071E-04
  0.712  0.7913E-05
  0.722  0.5782E-05
  0.732  0.4180E-05
  0.742  0.2990E-05
  0.752  0.2116E-05
  0.762  0.1481E-05
  0.772  0.1026E-05
  0.782  0.7033E-06
  0.792  0.4769E-06
  0.802  0.3199E-06
  0.812  0.2124E-06
  0.822  0.1395E-06
  0.832  0.9061E-07
  0.842  0.5824E-07
