 -5.548  0.2329E-07
 -5.538  0.3602E-07
 -5.528  0.5510E-07
 -5.518  0.8338E-07
 -5.508  0.1248E-06
 -5.498  0.1849E-06
 -5.488  0.2709E-06
 -5.478  0.3928E-06
 -5.468  0.5634E-06
 -5.458  0.7995E-06
 -5.448  0.1123E-05
 -5.438  0.1559E-05
 -5.428  0.2144E-05
 -5.418  0.2916E-05
 -5.408  0.3925E-05
 -5.398  0.5229E-05
 -5.388  0.6893E-05
 -5.378  0.8995E-05
 -5.368  0.1162E-04
 -5.358  0.1486E-04
 -5.348  0.1881E-04
 -5.338  0.2358E-04
 -5.328  0.2929E-04
 -5.318  0.3603E-04
 -5.308  0.4391E-04
 -5.298  0.5305E-04
 -5.288  0.6355E-04
 -5.278  0.7549E-04
 -5.268  0.8897E-04
 -5.258  0.1041E-03
 -5.248  0.1209E-03
 -5.238  0.1396E-03
 -5.228  0.1601E-03
 -5.218  0.1827E-03
 -5.208  0.2074E-03
 -5.198  0.2344E-03
 -5.188  0.2639E-03
 -5.178  0.2961E-03
 -5.168  0.3310E-03
 -5.158  0.3690E-03
 -5.148  0.4102E-03
 -5.138  0.4547E-03
 -5.128  0.5027E-03
 -5.118  0.5540E-03
 -5.108  0.6085E-03
 -5.098  0.6661E-03
 -5.088  0.7264E-03
 -5.078  0.7887E-03
 -5.068  0.8526E-03
 -5.058  0.9170E-03
 -5.048  0.9813E-03
 -5.038  0.1044E-02
 -5.028  0.1105E-02
 -5.018  0.1163E-02
 -5.008  0.1216E-02
 -4.998  0.1264E-02
 -4.988  0.1306E-02
 -4.978  0.1342E-02
 -4.968  0.1372E-02
 -4.958  0.1394E-02
 -4.948  0.1409E-02
 -4.938  0.1418E-02
 -4.928  0.1420E-02
 -4.918  0.1417E-02
 -4.908  0.1408E-02
 -4.898  0.1394E-02
 -4.888  0.1377E-02
 -4.878  0.1357E-02
 -4.868  0.1333E-02
 -4.858  0.1308E-02
 -4.848  0.1281E-02
 -4.838  0.1253E-02
 -4.828  0.1223E-02
 -4.818  0.1192E-02
 -4.808  0.1160E-02
 -4.798  0.1127E-02
 -4.788  0.1092E-02
 -4.778  0.1056E-02
 -4.768  0.1017E-02
 -4.758  0.9771E-03
 -4.748  0.9347E-03
 -4.738  0.8902E-03
 -4.728  0.8435E-03
 -4.718  0.7949E-03
 -4.708  0.7447E-03
 -4.698  0.6931E-03
 -4.688  0.6406E-03
 -4.678  0.5879E-03
 -4.668  0.5353E-03
 -4.658  0.4836E-03
 -4.648  0.4332E-03
 -4.638  0.3847E-03
 -4.628  0.3387E-03
 -4.618  0.2954E-03
 -4.608  0.2553E-03
 -4.598  0.2186E-03
 -4.588  0.1853E-03
 -4.578  0.1556E-03
 -4.568  0.1293E-03
 -4.558  0.1065E-03
 -4.548  0.8674E-04
 -4.538  0.6995E-04
 -4.528  0.5584E-04
 -4.518  0.4411E-04
 -4.508  0.3449E-04
 -4.498  0.2669E-04
 -4.488  0.2043E-04
 -4.478  0.1548E-04
 -4.468  0.1160E-04
 -4.458  0.8608E-05
 -4.448  0.6317E-05
 -4.438  0.4587E-05
 -4.428  0.3296E-05
 -4.418  0.2343E-05
 -4.408  0.1647E-05
 -4.398  0.1146E-05
 -4.388  0.7890E-06
 -4.378  0.5373E-06
 -4.368  0.3620E-06
 -4.358  0.2413E-06
 -4.348  0.1591E-06
 -4.338  0.1038E-06
 -4.328  0.6697E-07
 -4.318  0.4275E-07
 -4.308  0.2700E-07
 -4.298  0.1687E-07
 -4.288  0.1043E-07
 -4.278  0.6376E-08
 -4.268  0.3857E-08
 -4.258  0.2308E-08
 -4.248  0.1366E-08
 -4.238  0.8002E-09
 -4.228  0.4636E-09
 -4.218  0.2657E-09
 -4.208  0.1506E-09
 -4.198  0.8449E-10
 -4.188  0.4688E-10
 -4.178  0.2573E-10
 -4.168  0.1397E-10
 -4.158  0.7506E-11
 -4.148  0.3989E-11
 -4.138  0.2097E-11
 -4.128  0.1090E-11
 -4.118  0.5610E-12
 -4.108  0.2855E-12
 -4.098  0.1437E-12
 -4.088  0.7159E-13
 -4.078  0.3527E-13
 -4.068  0.1719E-13
 -4.058  0.8289E-14
 -4.048  0.3954E-14
 -4.038  0.1866E-14
 -4.028  0.8709E-15
 -4.018  0.4022E-15
 -4.008  0.1837E-15
 -3.998  0.8302E-16
 -3.988  0.3712E-16
 -3.978  0.1641E-16
 -3.968  0.7181E-17
 -3.958  0.3108E-17
 -3.948  0.1331E-17
 -3.938  0.5636E-18
 -3.928  0.2361E-18
 -3.918  0.9788E-19
 -3.908  0.4013E-19
 -3.898  0.1628E-19
 -3.888  0.6533E-20
 -3.878  0.2593E-20
 -3.868  0.1018E-20
 -3.858  0.3956E-21
 -3.848  0.1520E-21
 -3.838  0.5780E-22
 -3.828  0.2174E-22
 -3.818  0.8087E-23
 -3.808  0.2976E-23
 -3.798  0.1084E-23
 -3.788  0.3903E-24
 -3.778  0.1391E-24
 -3.768  0.4902E-25
 -3.758  0.1709E-25
 -3.748  0.5896E-26
 -3.738  0.2012E-26
 -3.728  0.6792E-27
 -3.718  0.2268E-27
 -3.708  0.7493E-28
 -3.698  0.2449E-28
 -3.688  0.7917E-29
 -3.678  0.2532E-29
 -3.668  0.8011E-30
 -3.658  0.2507E-30
 -3.648  0.7763E-31
 -3.638  0.2378E-31
 -3.628  0.7204E-32
 -3.618  0.2160E-32
 -3.608  0.6404E-33
 -3.598  0.1878E-33
 -3.588  0.5451E-34
 -3.578  0.1565E-34
 -3.568  0.4444E-35
 -3.558  0.1248E-35
 -3.548  0.3469E-36
 -3.538  0.9539E-37
 -3.528  0.2594E-37
 -3.518  0.6980E-38
 -3.508  0.1858E-38
 -3.498  0.4891E-39
 -3.488  0.1274E-39
 -3.478  0.3283E-40
 -3.468  0.8368E-41
 -3.458  0.2110E-41
 -3.448  0.5264E-42
 -3.438  0.1299E-42
 -3.428  0.3171E-43
 -3.418  0.7658E-44
 -3.408  0.1830E-44
 -3.398  0.4324E-45
 -3.388  0.1011E-45
 -3.378  0.2338E-46
 -3.368  0.5350E-47
 -3.358  0.1211E-47
 -3.348  0.2711E-48
 -3.338  0.6005E-49
 -3.328  0.1316E-49
 -3.318  0.2852E-50
 -3.308  0.6117E-51
 -3.298  0.1298E-51
 -3.288  0.2723E-52
 -3.278  0.5653E-53
 -3.268  0.1161E-53
 -3.258  0.2358E-54
 -3.248  0.4740E-55
 -3.238  0.9424E-56
 -3.228  0.1854E-56
 -3.218  0.3606E-57
 -3.208  0.6942E-58
 -3.198  0.1322E-58
 -3.188  0.2490E-59
 -3.178  0.4639E-60
 -3.168  0.8552E-61
 -3.158  0.1560E-61
 -3.148  0.2813E-62
 -3.138  0.5021E-63
 -3.128  0.8864E-64
 -3.118  0.1548E-64
 -3.108  0.2674E-65
 -3.098  0.4571E-66
 -3.088  0.7728E-67
 -3.078  0.1293E-67
 -3.068  0.2139E-68
 -3.058  0.3501E-69
 -3.048  0.5668E-70
 -3.038  0.9080E-71
 -3.028  0.1439E-71
 -3.018  0.2255E-72
 -3.008  0.3498E-73
 -2.998  0.5388E-74
 -2.988  0.9633E-75
 -2.978  0.1110E-74
 -2.968  0.6499E-74
 -2.958  0.4205E-73
 -2.948  0.2699E-72
 -2.938  0.1714E-71
 -2.928  0.1076E-70
 -2.918  0.6688E-70
 -2.908  0.4111E-69
 -2.898  0.2500E-68
 -2.888  0.1504E-67
 -2.878  0.8949E-67
 -2.868  0.5268E-66
 -2.858  0.3068E-65
 -2.848  0.1768E-64
 -2.838  0.1007E-63
 -2.828  0.5679E-63
 -2.818  0.3167E-62
 -2.808  0.1748E-61
 -2.798  0.9539E-61
 -2.788  0.5150E-60
 -2.778  0.2751E-59
 -2.768  0.1454E-58
 -2.758  0.7599E-58
 -2.748  0.3929E-57
 -2.738  0.2010E-56
 -2.728  0.1017E-55
 -2.718  0.5092E-55
 -2.708  0.2522E-54
 -2.698  0.1235E-53
 -2.688  0.5988E-53
 -2.678  0.2871E-52
 -2.668  0.1362E-51
 -2.658  0.6388E-51
 -2.648  0.2965E-50
 -2.638  0.1361E-49
 -2.628  0.6184E-49
 -2.618  0.2779E-48
 -2.608  0.1235E-47
 -2.598  0.5432E-47
 -2.588  0.2363E-46
 -2.578  0.1017E-45
 -2.568  0.4329E-45
 -2.558  0.1823E-44
 -2.548  0.7596E-44
 -2.538  0.3130E-43
 -2.528  0.1276E-42
 -2.518  0.5148E-42
 -2.508  0.2054E-41
 -2.498  0.8107E-41
 -2.488  0.3166E-40
 -2.478  0.1223E-39
 -2.468  0.4672E-39
 -2.458  0.1766E-38
 -2.448  0.6605E-38
 -2.438  0.2443E-37
 -2.428  0.8942E-37
 -2.418  0.3237E-36
 -2.408  0.1159E-35
 -2.398  0.4107E-35
 -2.388  0.1440E-34
 -2.378  0.4991E-34
 -2.368  0.1712E-33
 -2.358  0.5808E-33
 -2.348  0.1950E-32
 -2.338  0.6474E-32
 -2.328  0.2126E-31
 -2.318  0.6910E-31
 -2.308  0.2221E-30
 -2.298  0.7064E-30
 -2.288  0.2222E-29
 -2.278  0.6916E-29
 -2.268  0.2129E-28
 -2.258  0.6484E-28
 -2.248  0.1954E-27
 -2.238  0.5822E-27
 -2.228  0.1717E-26
 -2.218  0.5007E-26
 -2.208  0.1445E-25
 -2.198  0.4124E-25
 -2.188  0.1164E-24
 -2.178  0.3253E-24
 -2.168  0.8989E-24
 -2.158  0.2457E-23
 -2.148  0.6645E-23
 -2.138  0.1778E-22
 -2.128  0.4705E-22
 -2.118  0.1232E-21
 -2.108  0.3190E-21
 -2.098  0.8173E-21
 -2.088  0.2072E-20
 -2.078  0.5194E-20
 -2.068  0.1288E-19
 -2.058  0.3161E-19
 -2.048  0.7674E-19
 -2.038  0.1843E-18
 -2.028  0.4378E-18
 -2.018  0.1029E-17
 -2.008  0.2392E-17
 -1.998  0.5500E-17
 -1.988  0.1251E-16
 -1.978  0.2816E-16
 -1.968  0.6270E-16
 -1.958  0.1381E-15
 -1.948  0.3009E-15
 -1.938  0.6487E-15
 -1.928  0.1383E-14
 -1.918  0.2918E-14
 -1.908  0.6090E-14
 -1.898  0.1257E-13
 -1.888  0.2568E-13
 -1.878  0.5188E-13
 -1.868  0.1037E-12
 -1.858  0.2050E-12
 -1.848  0.4011E-12
 -1.838  0.7762E-12
 -1.828  0.1486E-11
 -1.818  0.2814E-11
 -1.808  0.5273E-11
 -1.798  0.9775E-11
 -1.788  0.1793E-10
 -1.778  0.3252E-10
 -1.768  0.5837E-10
 -1.758  0.1037E-09
 -1.748  0.1821E-09
 -1.738  0.3165E-09
 -1.728  0.5443E-09
 -1.718  0.9261E-09
 -1.708  0.1559E-08
 -1.698  0.2596E-08
 -1.688  0.4279E-08
 -1.678  0.6976E-08
 -1.668  0.1125E-07
 -1.658  0.1797E-07
 -1.648  0.2838E-07
 -1.638  0.4436E-07
 -1.628  0.6863E-07
 -1.618  0.1051E-06
 -1.608  0.1592E-06
 -1.598  0.2387E-06
 -1.588  0.3542E-06
 -1.578  0.5203E-06
 -1.568  0.7566E-06
 -1.558  0.1089E-05
 -1.548  0.1552E-05
 -1.538  0.2190E-05
 -1.528  0.3060E-05
 -1.518  0.4234E-05
 -1.508  0.5802E-05
 -1.498  0.7875E-05
 -1.488  0.1059E-04
 -1.478  0.1411E-04
 -1.468  0.1862E-04
 -1.458  0.2435E-04
 -1.448  0.3158E-04
 -1.438  0.4058E-04
 -1.428  0.5170E-04
 -1.418  0.6532E-04
 -1.408  0.8184E-04
 -1.398  0.1017E-03
 -1.388  0.1254E-03
 -1.378  0.1533E-03
 -1.368  0.1861E-03
 -1.358  0.2240E-03
 -1.348  0.2677E-03
 -1.338  0.3175E-03
 -1.328  0.3737E-03
 -1.318  0.4366E-03
 -1.308  0.5063E-03
 -1.298  0.5827E-03
 -1.288  0.6655E-03
 -1.278  0.7544E-03
 -1.268  0.8486E-03
 -1.258  0.9472E-03
 -1.248  0.1049E-02
 -1.238  0.1152E-02
 -1.228  0.1255E-02
 -1.218  0.1357E-02
 -1.208  0.1454E-02
 -1.198  0.1544E-02
 -1.188  0.1626E-02
 -1.178  0.1698E-02
 -1.168  0.1756E-02
 -1.158  0.1801E-02
 -1.148  0.1829E-02
 -1.138  0.1840E-02
 -1.128  0.1834E-02
 -1.118  0.1811E-02
 -1.108  0.1770E-02
 -1.098  0.1713E-02
 -1.088  0.1642E-02
 -1.078  0.1559E-02
 -1.068  0.1464E-02
 -1.058  0.1362E-02
 -1.048  0.1254E-02
 -1.038  0.1143E-02
 -1.028  0.1031E-02
 -1.018  0.9204E-03
 -1.008  0.8135E-03
 -0.998  0.7117E-03
 -0.988  0.6165E-03
 -0.978  0.5290E-03
 -0.968  0.4498E-03
 -0.958  0.3794E-03
 -0.948  0.3180E-03
 -0.938  0.2657E-03
 -0.928  0.2222E-03
 -0.918  0.1874E-03
 -0.908  0.1610E-03
 -0.898  0.1427E-03
 -0.888  0.1325E-03
 -0.878  0.1301E-03
 -0.868  0.1356E-03
 -0.858  0.1492E-03
 -0.848  0.1711E-03
 -0.838  0.2015E-03
 -0.828  0.2410E-03
 -0.818  0.2898E-03
 -0.808  0.3485E-03
 -0.798  0.4171E-03
 -0.788  0.4960E-03
 -0.778  0.5850E-03
 -0.768  0.6838E-03
 -0.758  0.7918E-03
 -0.748  0.9082E-03
 -0.738  0.1032E-02
 -0.728  0.1161E-02
 -0.718  0.1293E-02
 -0.708  0.1428E-02
 -0.698  0.1563E-02
 -0.688  0.1695E-02
 -0.678  0.1823E-02
 -0.668  0.1945E-02
 -0.658  0.2061E-02
 -0.648  0.2168E-02
 -0.638  0.2267E-02
 -0.628  0.2359E-02
 -0.618  0.2443E-02
 -0.608  0.2523E-02
 -0.598  0.2599E-02
 -0.588  0.2674E-02
 -0.578  0.2750E-02
 -0.568  0.2831E-02
 -0.558  0.2918E-02
 -0.548  0.3013E-02
 -0.538  0.3118E-02
 -0.528  0.3233E-02
 -0.518  0.3357E-02
 -0.508  0.3489E-02
 -0.498  0.3627E-02
 -0.488  0.3768E-02
 -0.478  0.3907E-02
 -0.468  0.4040E-02
 -0.458  0.4161E-02
 -0.448  0.4267E-02
 -0.438  0.4351E-02
 -0.428  0.4410E-02
 -0.418  0.4440E-02
 -0.408  0.4437E-02
 -0.398  0.4402E-02
 -0.388  0.4332E-02
 -0.378  0.4229E-02
 -0.368  0.4095E-02
 -0.358  0.3933E-02
 -0.348  0.3747E-02
 -0.338  0.3541E-02
 -0.328  0.3320E-02
 -0.318  0.3090E-02
 -0.308  0.2856E-02
 -0.298  0.2622E-02
 -0.288  0.2395E-02
 -0.278  0.2176E-02
 -0.268  0.1970E-02
 -0.258  0.1778E-02
 -0.248  0.1604E-02
 -0.238  0.1446E-02
 -0.228  0.1306E-02
 -0.218  0.1182E-02
 -0.208  0.1074E-02
 -0.198  0.9809E-03
 -0.188  0.9002E-03
 -0.178  0.8306E-03
 -0.168  0.7703E-03
 -0.158  0.7178E-03
 -0.148  0.6716E-03
 -0.138  0.6308E-03
 -0.128  0.5945E-03
 -0.118  0.5623E-03
 -0.108  0.5342E-03
 -0.098  0.5102E-03
 -0.088  0.4909E-03
 -0.078  0.4770E-03
 -0.068  0.4695E-03
 -0.058  0.4692E-03
 -0.048  0.4775E-03
 -0.038  0.4953E-03
 -0.028  0.5236E-03
 -0.018  0.5634E-03
 -0.008  0.6155E-03
  0.002  0.6803E-03
  0.012  0.7583E-03
  0.022  0.8492E-03
  0.032  0.9530E-03
  0.042  0.1069E-02
  0.052  0.1196E-02
  0.062  0.1333E-02
  0.072  0.1478E-02
  0.082  0.1629E-02
  0.092  0.1785E-02
  0.102  0.1942E-02
  0.112  0.2098E-02
  0.122  0.2251E-02
  0.132  0.2398E-02
  0.142  0.2536E-02
  0.152  0.2663E-02
  0.162  0.2776E-02
  0.172  0.2873E-02
  0.182  0.2954E-02
  0.192  0.3016E-02
  0.202  0.3059E-02
  0.212  0.3082E-02
  0.222  0.3088E-02
  0.232  0.3075E-02
  0.242  0.3046E-02
  0.252  0.3003E-02
  0.262  0.2948E-02
  0.272  0.2884E-02
  0.282  0.2812E-02
  0.292  0.2737E-02
  0.302  0.2660E-02
  0.312  0.2582E-02
  0.322  0.2507E-02
  0.332  0.2436E-02
  0.342  0.2368E-02
  0.352  0.2304E-02
  0.362  0.2244E-02
  0.372  0.2186E-02
  0.382  0.2131E-02
  0.392  0.2075E-02
  0.402  0.2018E-02
  0.412  0.1959E-02
  0.422  0.1895E-02
  0.432  0.1825E-02
  0.442  0.1750E-02
  0.452  0.1668E-02
  0.462  0.1580E-02
  0.472  0.1486E-02
  0.482  0.1387E-02
  0.492  0.1283E-02
  0.502  0.1178E-02
  0.512  0.1071E-02
  0.522  0.9654E-03
  0.532  0.8617E-03
  0.542  0.7618E-03
  0.552  0.6668E-03
  0.562  0.5779E-03
  0.572  0.4957E-03
  0.582  0.4210E-03
  0.592  0.3538E-03
  0.602  0.2942E-03
  0.612  0.2422E-03
  0.622  0.1973E-03
  0.632  0.1590E-03
  0.642  0.1268E-03
  0.652  0.1000E-03
  0.662  0.7811E-04
  0.672  0.6035E-04
  0.682  0.4613E-04
  0.692  0.3488E-04
  0.702  0.2610E-04
  0.712  0.1932E-04
  0.722  0.1415E-04
  0.732  0.1026E-04
  0.742  0.7354E-05
  0.752  0.5217E-05
  0.762  0.3662E-05
  0.772  0.2543E-05
  0.782  0.1747E-05
  0.792  0.1187E-05
  0.802  0.7983E-06
  0.812  0.5311E-06
  0.822  0.3496E-06
  0.832  0.2277E-06
  0.842  0.1467E-06
