 -5.548  0.1878E-07
 -5.538  0.2904E-07
 -5.528  0.4442E-07
 -5.518  0.6723E-07
 -5.508  0.1007E-06
 -5.498  0.1491E-06
 -5.488  0.2185E-06
 -5.478  0.3167E-06
 -5.468  0.4543E-06
 -5.458  0.6448E-06
 -5.448  0.9053E-06
 -5.438  0.1258E-05
 -5.428  0.1729E-05
 -5.418  0.2352E-05
 -5.408  0.3167E-05
 -5.398  0.4219E-05
 -5.388  0.5564E-05
 -5.378  0.7261E-05
 -5.368  0.9382E-05
 -5.358  0.1200E-04
 -5.348  0.1520E-04
 -5.338  0.1906E-04
 -5.328  0.2368E-04
 -5.318  0.2915E-04
 -5.308  0.3555E-04
 -5.298  0.4299E-04
 -5.288  0.5153E-04
 -5.278  0.6128E-04
 -5.268  0.7230E-04
 -5.258  0.8469E-04
 -5.248  0.9852E-04
 -5.238  0.1139E-03
 -5.228  0.1309E-03
 -5.218  0.1496E-03
 -5.208  0.1702E-03
 -5.198  0.1928E-03
 -5.188  0.2176E-03
 -5.178  0.2447E-03
 -5.168  0.2743E-03
 -5.158  0.3065E-03
 -5.148  0.3416E-03
 -5.138  0.3796E-03
 -5.128  0.4206E-03
 -5.118  0.4645E-03
 -5.108  0.5112E-03
 -5.098  0.5606E-03
 -5.088  0.6122E-03
 -5.078  0.6656E-03
 -5.068  0.7202E-03
 -5.058  0.7752E-03
 -5.048  0.8300E-03
 -5.038  0.8835E-03
 -5.028  0.9349E-03
 -5.018  0.9834E-03
 -5.008  0.1028E-02
 -4.998  0.1068E-02
 -4.988  0.1103E-02
 -4.978  0.1133E-02
 -4.968  0.1156E-02
 -4.958  0.1173E-02
 -4.948  0.1184E-02
 -4.938  0.1190E-02
 -4.928  0.1190E-02
 -4.918  0.1185E-02
 -4.908  0.1175E-02
 -4.898  0.1162E-02
 -4.888  0.1145E-02
 -4.878  0.1126E-02
 -4.868  0.1105E-02
 -4.858  0.1082E-02
 -4.848  0.1058E-02
 -4.838  0.1033E-02
 -4.828  0.1007E-02
 -4.818  0.9807E-03
 -4.808  0.9534E-03
 -4.798  0.9253E-03
 -4.788  0.8963E-03
 -4.778  0.8660E-03
 -4.768  0.8344E-03
 -4.758  0.8012E-03
 -4.748  0.7664E-03
 -4.738  0.7299E-03
 -4.728  0.6917E-03
 -4.718  0.6519E-03
 -4.708  0.6108E-03
 -4.698  0.5686E-03
 -4.688  0.5257E-03
 -4.678  0.4825E-03
 -4.668  0.4394E-03
 -4.658  0.3970E-03
 -4.648  0.3557E-03
 -4.638  0.3160E-03
 -4.628  0.2782E-03
 -4.618  0.2427E-03
 -4.608  0.2098E-03
 -4.598  0.1796E-03
 -4.588  0.1523E-03
 -4.578  0.1279E-03
 -4.568  0.1063E-03
 -4.558  0.8753E-04
 -4.548  0.7132E-04
 -4.538  0.5752E-04
 -4.528  0.4592E-04
 -4.518  0.3628E-04
 -4.508  0.2837E-04
 -4.498  0.2195E-04
 -4.488  0.1681E-04
 -4.478  0.1273E-04
 -4.468  0.9545E-05
 -4.458  0.7080E-05
 -4.448  0.5197E-05
 -4.438  0.3774E-05
 -4.428  0.2711E-05
 -4.418  0.1927E-05
 -4.408  0.1355E-05
 -4.398  0.9429E-06
 -4.388  0.6491E-06
 -4.378  0.4420E-06
 -4.368  0.2978E-06
 -4.358  0.1985E-06
 -4.348  0.1309E-06
 -4.338  0.8537E-07
 -4.328  0.5509E-07
 -4.318  0.3517E-07
 -4.308  0.2221E-07
 -4.298  0.1388E-07
 -4.288  0.8578E-08
 -4.278  0.5245E-08
 -4.268  0.3173E-08
 -4.258  0.1899E-08
 -4.248  0.1124E-08
 -4.238  0.6583E-09
 -4.228  0.3814E-09
 -4.218  0.2186E-09
 -4.208  0.1239E-09
 -4.198  0.6951E-10
 -4.188  0.3857E-10
 -4.178  0.2117E-10
 -4.168  0.1150E-10
 -4.158  0.6175E-11
 -4.148  0.3281E-11
 -4.138  0.1725E-11
 -4.128  0.8971E-12
 -4.118  0.4615E-12
 -4.108  0.2349E-12
 -4.098  0.1183E-12
 -4.088  0.5890E-13
 -4.078  0.2902E-13
 -4.068  0.1414E-13
 -4.058  0.6820E-14
 -4.048  0.3253E-14
 -4.038  0.1535E-14
 -4.028  0.7165E-15
 -4.018  0.3309E-15
 -4.008  0.1511E-15
 -3.998  0.6830E-16
 -3.988  0.3054E-16
 -3.978  0.1350E-16
 -3.968  0.5908E-17
 -3.958  0.2557E-17
 -3.948  0.1095E-17
 -3.938  0.4637E-18
 -3.928  0.1943E-18
 -3.918  0.8053E-19
 -3.908  0.3302E-19
 -3.898  0.1339E-19
 -3.888  0.5374E-20
 -3.878  0.2133E-20
 -3.868  0.8378E-21
 -3.858  0.3255E-21
 -3.848  0.1251E-21
 -3.838  0.4755E-22
 -3.828  0.1788E-22
 -3.818  0.6653E-23
 -3.808  0.2449E-23
 -3.798  0.8915E-24
 -3.788  0.3211E-24
 -3.778  0.1144E-24
 -3.768  0.4033E-25
 -3.758  0.1406E-25
 -3.748  0.4851E-26
 -3.738  0.1655E-26
 -3.728  0.5588E-27
 -3.718  0.1866E-27
 -3.708  0.6164E-28
 -3.698  0.2015E-28
 -3.688  0.6513E-29
 -3.678  0.2083E-29
 -3.668  0.6590E-30
 -3.658  0.2063E-30
 -3.648  0.6386E-31
 -3.638  0.1956E-31
 -3.628  0.5927E-32
 -3.618  0.1777E-32
 -3.608  0.5268E-33
 -3.598  0.1545E-33
 -3.588  0.4484E-34
 -3.578  0.1287E-34
 -3.568  0.3656E-35
 -3.558  0.1027E-35
 -3.548  0.2854E-36
 -3.538  0.7847E-37
 -3.528  0.2134E-37
 -3.518  0.5742E-38
 -3.508  0.1528E-38
 -3.498  0.4024E-39
 -3.488  0.1048E-39
 -3.478  0.2701E-40
 -3.468  0.6885E-41
 -3.458  0.1736E-41
 -3.448  0.4331E-42
 -3.438  0.1069E-42
 -3.428  0.2609E-43
 -3.418  0.6300E-44
 -3.408  0.1505E-44
 -3.398  0.3557E-45
 -3.388  0.8317E-46
 -3.378  0.1924E-46
 -3.368  0.4401E-47
 -3.358  0.9961E-48
 -3.348  0.2230E-48
 -3.338  0.4940E-49
 -3.328  0.1083E-49
 -3.318  0.2347E-50
 -3.308  0.5032E-51
 -3.298  0.1067E-51
 -3.288  0.2240E-52
 -3.278  0.4651E-53
 -3.268  0.9551E-54
 -3.258  0.1940E-54
 -3.248  0.3900E-55
 -3.238  0.7753E-56
 -3.228  0.1525E-56
 -3.218  0.2967E-57
 -3.208  0.5711E-58
 -3.198  0.1087E-58
 -3.188  0.2048E-59
 -3.178  0.3817E-60
 -3.168  0.7036E-61
 -3.158  0.1283E-61
 -3.148  0.2315E-62
 -3.138  0.4130E-63
 -3.128  0.7292E-64
 -3.118  0.1273E-64
 -3.108  0.2200E-65
 -3.098  0.3760E-66
 -3.088  0.6358E-67
 -3.078  0.1063E-67
 -3.068  0.1759E-68
 -3.058  0.2880E-69
 -3.048  0.4663E-70
 -3.038  0.7470E-71
 -3.028  0.1184E-71
 -3.018  0.1856E-72
 -3.008  0.2878E-73
 -2.998  0.4435E-74
 -2.988  0.8070E-75
 -2.978  0.1010E-74
 -2.968  0.5977E-74
 -2.958  0.3868E-73
 -2.948  0.2483E-72
 -2.938  0.1576E-71
 -2.928  0.9901E-71
 -2.918  0.6152E-70
 -2.908  0.3782E-69
 -2.898  0.2300E-68
 -2.888  0.1383E-67
 -2.878  0.8232E-67
 -2.868  0.4846E-66
 -2.858  0.2822E-65
 -2.848  0.1626E-64
 -2.838  0.9266E-64
 -2.828  0.5224E-63
 -2.818  0.2914E-62
 -2.808  0.1608E-61
 -2.798  0.8774E-61
 -2.788  0.4737E-60
 -2.778  0.2530E-59
 -2.768  0.1337E-58
 -2.758  0.6989E-58
 -2.748  0.3614E-57
 -2.738  0.1849E-56
 -2.728  0.9356E-56
 -2.718  0.4684E-55
 -2.708  0.2320E-54
 -2.698  0.1136E-53
 -2.688  0.5508E-53
 -2.678  0.2641E-52
 -2.668  0.1252E-51
 -2.658  0.5876E-51
 -2.648  0.2727E-50
 -2.638  0.1252E-49
 -2.628  0.5688E-49
 -2.618  0.2556E-48
 -2.608  0.1136E-47
 -2.598  0.4996E-47
 -2.588  0.2174E-46
 -2.578  0.9354E-46
 -2.568  0.3982E-45
 -2.558  0.1677E-44
 -2.548  0.6987E-44
 -2.538  0.2879E-43
 -2.528  0.1174E-42
 -2.518  0.4735E-42
 -2.508  0.1889E-41
 -2.498  0.7457E-41
 -2.488  0.2912E-40
 -2.478  0.1125E-39
 -2.468  0.4298E-39
 -2.458  0.1625E-38
 -2.448  0.6075E-38
 -2.438  0.2247E-37
 -2.428  0.8225E-37
 -2.418  0.2978E-36
 -2.408  0.1066E-35
 -2.398  0.3778E-35
 -2.388  0.1324E-34
 -2.378  0.4591E-34
 -2.368  0.1575E-33
 -2.358  0.5343E-33
 -2.348  0.1793E-32
 -2.338  0.5955E-32
 -2.328  0.1956E-31
 -2.318  0.6356E-31
 -2.308  0.2043E-30
 -2.298  0.6498E-30
 -2.288  0.2044E-29
 -2.278  0.6361E-29
 -2.268  0.1958E-28
 -2.258  0.5964E-28
 -2.248  0.1797E-27
 -2.238  0.5356E-27
 -2.228  0.1579E-26
 -2.218  0.4606E-26
 -2.208  0.1329E-25
 -2.198  0.3793E-25
 -2.188  0.1071E-24
 -2.178  0.2992E-24
 -2.168  0.8268E-24
 -2.158  0.2260E-23
 -2.148  0.6112E-23
 -2.138  0.1635E-22
 -2.128  0.4328E-22
 -2.118  0.1133E-21
 -2.108  0.2934E-21
 -2.098  0.7518E-21
 -2.088  0.1906E-20
 -2.078  0.4778E-20
 -2.068  0.1185E-19
 -2.058  0.2908E-19
 -2.048  0.7059E-19
 -2.038  0.1695E-18
 -2.028  0.4027E-18
 -2.018  0.9462E-18
 -2.008  0.2200E-17
 -1.998  0.5059E-17
 -1.988  0.1151E-16
 -1.978  0.2590E-16
 -1.968  0.5768E-16
 -1.958  0.1270E-15
 -1.948  0.2768E-15
 -1.938  0.5967E-15
 -1.928  0.1272E-14
 -1.918  0.2684E-14
 -1.908  0.5601E-14
 -1.898  0.1156E-13
 -1.888  0.2362E-13
 -1.878  0.4772E-13
 -1.868  0.9537E-13
 -1.858  0.1886E-12
 -1.848  0.3689E-12
 -1.838  0.7139E-12
 -1.828  0.1367E-11
 -1.818  0.2588E-11
 -1.808  0.4850E-11
 -1.798  0.8990E-11
 -1.788  0.1649E-10
 -1.778  0.2991E-10
 -1.768  0.5368E-10
 -1.758  0.9532E-10
 -1.748  0.1675E-09
 -1.738  0.2911E-09
 -1.728  0.5005E-09
 -1.718  0.8515E-09
 -1.708  0.1433E-08
 -1.698  0.2387E-08
 -1.688  0.3933E-08
 -1.678  0.6413E-08
 -1.668  0.1035E-07
 -1.658  0.1651E-07
 -1.648  0.2608E-07
 -1.638  0.4077E-07
 -1.628  0.6306E-07
 -1.618  0.9652E-07
 -1.608  0.1462E-06
 -1.598  0.2192E-06
 -1.588  0.3252E-06
 -1.578  0.4777E-06
 -1.568  0.6944E-06
 -1.558  0.9994E-06
 -1.548  0.1424E-05
 -1.538  0.2009E-05
 -1.528  0.2806E-05
 -1.518  0.3881E-05
 -1.508  0.5316E-05
 -1.498  0.7212E-05
 -1.488  0.9692E-05
 -1.478  0.1290E-04
 -1.468  0.1702E-04
 -1.458  0.2226E-04
 -1.448  0.2883E-04
 -1.438  0.3703E-04
 -1.428  0.4715E-04
 -1.418  0.5952E-04
 -1.408  0.7451E-04
 -1.398  0.9251E-04
 -1.388  0.1139E-03
 -1.378  0.1392E-03
 -1.368  0.1687E-03
 -1.358  0.2030E-03
 -1.348  0.2423E-03
 -1.338  0.2870E-03
 -1.328  0.3375E-03
 -1.318  0.3938E-03
 -1.308  0.4562E-03
 -1.298  0.5244E-03
 -1.288  0.5983E-03
 -1.278  0.6775E-03
 -1.268  0.7613E-03
 -1.258  0.8488E-03
 -1.248  0.9390E-03
 -1.238  0.1031E-02
 -1.228  0.1122E-02
 -1.218  0.1211E-02
 -1.208  0.1297E-02
 -1.198  0.1377E-02
 -1.188  0.1449E-02
 -1.178  0.1512E-02
 -1.168  0.1563E-02
 -1.158  0.1601E-02
 -1.148  0.1626E-02
 -1.138  0.1635E-02
 -1.128  0.1629E-02
 -1.118  0.1607E-02
 -1.108  0.1571E-02
 -1.098  0.1520E-02
 -1.088  0.1456E-02
 -1.078  0.1382E-02
 -1.068  0.1298E-02
 -1.058  0.1207E-02
 -1.048  0.1111E-02
 -1.038  0.1012E-02
 -1.028  0.9129E-03
 -1.018  0.8149E-03
 -1.008  0.7201E-03
 -0.998  0.6300E-03
 -0.988  0.5457E-03
 -0.978  0.4681E-03
 -0.968  0.3981E-03
 -0.958  0.3358E-03
 -0.948  0.2816E-03
 -0.938  0.2353E-03
 -0.928  0.1970E-03
 -0.918  0.1664E-03
 -0.908  0.1433E-03
 -0.898  0.1275E-03
 -0.888  0.1188E-03
 -0.878  0.1172E-03
 -0.868  0.1228E-03
 -0.858  0.1356E-03
 -0.848  0.1559E-03
 -0.838  0.1840E-03
 -0.828  0.2204E-03
 -0.818  0.2653E-03
 -0.808  0.3191E-03
 -0.798  0.3821E-03
 -0.788  0.4544E-03
 -0.778  0.5359E-03
 -0.768  0.6265E-03
 -0.758  0.7254E-03
 -0.748  0.8320E-03
 -0.738  0.9450E-03
 -0.728  0.1063E-02
 -0.718  0.1185E-02
 -0.708  0.1308E-02
 -0.698  0.1431E-02
 -0.688  0.1551E-02
 -0.678  0.1668E-02
 -0.668  0.1780E-02
 -0.658  0.1884E-02
 -0.648  0.1981E-02
 -0.638  0.2070E-02
 -0.628  0.2152E-02
 -0.618  0.2227E-02
 -0.608  0.2297E-02
 -0.598  0.2363E-02
 -0.588  0.2428E-02
 -0.578  0.2494E-02
 -0.568  0.2563E-02
 -0.558  0.2637E-02
 -0.548  0.2718E-02
 -0.538  0.2808E-02
 -0.528  0.2906E-02
 -0.518  0.3013E-02
 -0.508  0.3127E-02
 -0.498  0.3246E-02
 -0.488  0.3368E-02
 -0.478  0.3489E-02
 -0.468  0.3605E-02
 -0.458  0.3711E-02
 -0.448  0.3804E-02
 -0.438  0.3878E-02
 -0.428  0.3929E-02
 -0.418  0.3955E-02
 -0.408  0.3953E-02
 -0.398  0.3922E-02
 -0.388  0.3861E-02
 -0.378  0.3770E-02
 -0.368  0.3651E-02
 -0.358  0.3507E-02
 -0.348  0.3342E-02
 -0.338  0.3159E-02
 -0.328  0.2963E-02
 -0.318  0.2758E-02
 -0.308  0.2550E-02
 -0.298  0.2342E-02
 -0.288  0.2138E-02
 -0.278  0.1943E-02
 -0.268  0.1758E-02
 -0.258  0.1587E-02
 -0.248  0.1430E-02
 -0.238  0.1288E-02
 -0.228  0.1162E-02
 -0.218  0.1051E-02
 -0.208  0.9537E-03
 -0.198  0.8694E-03
 -0.188  0.7965E-03
 -0.178  0.7336E-03
 -0.168  0.6792E-03
 -0.158  0.6319E-03
 -0.148  0.5904E-03
 -0.138  0.5538E-03
 -0.128  0.5215E-03
 -0.118  0.4930E-03
 -0.108  0.4682E-03
 -0.098  0.4472E-03
 -0.088  0.4306E-03
 -0.078  0.4190E-03
 -0.068  0.4130E-03
 -0.058  0.4137E-03
 -0.048  0.4220E-03
 -0.038  0.4388E-03
 -0.028  0.4652E-03
 -0.018  0.5018E-03
 -0.008  0.5493E-03
  0.002  0.6083E-03
  0.012  0.6790E-03
  0.022  0.7614E-03
  0.032  0.8552E-03
  0.042  0.9598E-03
  0.052  0.1074E-02
  0.062  0.1198E-02
  0.072  0.1329E-02
  0.082  0.1465E-02
  0.092  0.1605E-02
  0.102  0.1747E-02
  0.112  0.1888E-02
  0.122  0.2026E-02
  0.132  0.2158E-02
  0.142  0.2282E-02
  0.152  0.2397E-02
  0.162  0.2499E-02
  0.172  0.2588E-02
  0.182  0.2661E-02
  0.192  0.2718E-02
  0.202  0.2758E-02
  0.212  0.2781E-02
  0.222  0.2787E-02
  0.232  0.2778E-02
  0.242  0.2755E-02
  0.252  0.2720E-02
  0.262  0.2674E-02
  0.272  0.2620E-02
  0.282  0.2560E-02
  0.292  0.2496E-02
  0.302  0.2432E-02
  0.312  0.2368E-02
  0.322  0.2306E-02
  0.332  0.2247E-02
  0.342  0.2191E-02
  0.352  0.2139E-02
  0.362  0.2089E-02
  0.372  0.2042E-02
  0.382  0.1996E-02
  0.392  0.1949E-02
  0.402  0.1900E-02
  0.412  0.1848E-02
  0.422  0.1791E-02
  0.432  0.1729E-02
  0.442  0.1660E-02
  0.452  0.1584E-02
  0.462  0.1502E-02
  0.472  0.1413E-02
  0.482  0.1320E-02
  0.492  0.1222E-02
  0.502  0.1122E-02
  0.512  0.1021E-02
  0.522  0.9202E-03
  0.532  0.8216E-03
  0.542  0.7264E-03
  0.552  0.6359E-03
  0.562  0.5511E-03
  0.572  0.4727E-03
  0.582  0.4014E-03
  0.592  0.3373E-03
  0.602  0.2805E-03
  0.612  0.2309E-03
  0.622  0.1880E-03
  0.632  0.1515E-03
  0.642  0.1208E-03
  0.652  0.9535E-04
  0.662  0.7444E-04
  0.672  0.5750E-04
  0.682  0.4394E-04
  0.692  0.3323E-04
  0.702  0.2486E-04
  0.712  0.1840E-04
  0.722  0.1348E-04
  0.732  0.9766E-05
  0.742  0.7001E-05
  0.752  0.4966E-05
  0.762  0.3485E-05
  0.772  0.2419E-05
  0.782  0.1662E-05
  0.792  0.1129E-05
  0.802  0.7594E-06
  0.812  0.5052E-06
  0.822  0.3325E-06
  0.832  0.2165E-06
  0.842  0.1395E-06
