 -5.548  0.1492E-07
 -5.538  0.2308E-07
 -5.528  0.3530E-07
 -5.518  0.5342E-07
 -5.508  0.7998E-07
 -5.498  0.1185E-06
 -5.488  0.1736E-06
 -5.478  0.2517E-06
 -5.468  0.3611E-06
 -5.458  0.5125E-06
 -5.448  0.7196E-06
 -5.438  0.9999E-06
 -5.428  0.1375E-05
 -5.418  0.1870E-05
 -5.408  0.2518E-05
 -5.398  0.3355E-05
 -5.388  0.4425E-05
 -5.378  0.5777E-05
 -5.368  0.7465E-05
 -5.358  0.9551E-05
 -5.348  0.1210E-04
 -5.338  0.1518E-04
 -5.328  0.1887E-04
 -5.318  0.2324E-04
 -5.308  0.2836E-04
 -5.298  0.3431E-04
 -5.288  0.4116E-04
 -5.278  0.4899E-04
 -5.268  0.5786E-04
 -5.258  0.6785E-04
 -5.248  0.7904E-04
 -5.238  0.9150E-04
 -5.228  0.1053E-03
 -5.218  0.1206E-03
 -5.208  0.1375E-03
 -5.198  0.1560E-03
 -5.188  0.1764E-03
 -5.178  0.1988E-03
 -5.168  0.2233E-03
 -5.158  0.2501E-03
 -5.148  0.2793E-03
 -5.138  0.3110E-03
 -5.128  0.3453E-03
 -5.118  0.3820E-03
 -5.108  0.4211E-03
 -5.098  0.4625E-03
 -5.088  0.5057E-03
 -5.078  0.5504E-03
 -5.068  0.5960E-03
 -5.058  0.6420E-03
 -5.048  0.6876E-03
 -5.038  0.7321E-03
 -5.028  0.7748E-03
 -5.018  0.8148E-03
 -5.008  0.8516E-03
 -4.998  0.8844E-03
 -4.988  0.9127E-03
 -4.978  0.9362E-03
 -4.968  0.9546E-03
 -4.958  0.9678E-03
 -4.948  0.9758E-03
 -4.938  0.9790E-03
 -4.928  0.9776E-03
 -4.918  0.9720E-03
 -4.908  0.9627E-03
 -4.898  0.9503E-03
 -4.888  0.9354E-03
 -4.878  0.9184E-03
 -4.868  0.8998E-03
 -4.858  0.8801E-03
 -4.848  0.8595E-03
 -4.838  0.8383E-03
 -4.828  0.8166E-03
 -4.818  0.7946E-03
 -4.808  0.7720E-03
 -4.798  0.7490E-03
 -4.788  0.7253E-03
 -4.778  0.7007E-03
 -4.768  0.6751E-03
 -4.758  0.6483E-03
 -4.748  0.6202E-03
 -4.738  0.5908E-03
 -4.728  0.5601E-03
 -4.718  0.5280E-03
 -4.708  0.4949E-03
 -4.698  0.4609E-03
 -4.688  0.4262E-03
 -4.678  0.3913E-03
 -4.668  0.3565E-03
 -4.658  0.3222E-03
 -4.648  0.2888E-03
 -4.638  0.2566E-03
 -4.628  0.2260E-03
 -4.618  0.1972E-03
 -4.608  0.1705E-03
 -4.598  0.1460E-03
 -4.588  0.1238E-03
 -4.578  0.1040E-03
 -4.568  0.8645E-04
 -4.558  0.7117E-04
 -4.548  0.5799E-04
 -4.538  0.4678E-04
 -4.528  0.3735E-04
 -4.518  0.2951E-04
 -4.508  0.2307E-04
 -4.498  0.1785E-04
 -4.488  0.1367E-04
 -4.478  0.1036E-04
 -4.468  0.7766E-05
 -4.458  0.5760E-05
 -4.448  0.4228E-05
 -4.438  0.3070E-05
 -4.428  0.2206E-05
 -4.418  0.1568E-05
 -4.408  0.1103E-05
 -4.398  0.7672E-06
 -4.388  0.5281E-06
 -4.378  0.3597E-06
 -4.368  0.2423E-06
 -4.358  0.1615E-06
 -4.348  0.1065E-06
 -4.338  0.6947E-07
 -4.328  0.4483E-07
 -4.318  0.2862E-07
 -4.308  0.1808E-07
 -4.298  0.1129E-07
 -4.288  0.6981E-08
 -4.278  0.4268E-08
 -4.268  0.2582E-08
 -4.258  0.1545E-08
 -4.248  0.9147E-09
 -4.238  0.5357E-09
 -4.228  0.3103E-09
 -4.218  0.1779E-09
 -4.208  0.1008E-09
 -4.198  0.5656E-10
 -4.188  0.3138E-10
 -4.178  0.1723E-10
 -4.168  0.9354E-11
 -4.158  0.5025E-11
 -4.148  0.2670E-11
 -4.138  0.1404E-11
 -4.128  0.7300E-12
 -4.118  0.3756E-12
 -4.108  0.1911E-12
 -4.098  0.9623E-13
 -4.088  0.4793E-13
 -4.078  0.2361E-13
 -4.068  0.1151E-13
 -4.058  0.5550E-14
 -4.048  0.2647E-14
 -4.038  0.1249E-14
 -4.028  0.5831E-15
 -4.018  0.2692E-15
 -4.008  0.1230E-15
 -3.998  0.5558E-16
 -3.988  0.2485E-16
 -3.978  0.1099E-16
 -3.968  0.4808E-17
 -3.958  0.2081E-17
 -3.948  0.8908E-18
 -3.938  0.3773E-18
 -3.928  0.1581E-18
 -3.918  0.6553E-19
 -3.908  0.2687E-19
 -3.898  0.1090E-19
 -3.888  0.4373E-20
 -3.878  0.1736E-20
 -3.868  0.6817E-21
 -3.858  0.2648E-21
 -3.848  0.1018E-21
 -3.838  0.3869E-22
 -3.828  0.1455E-22
 -3.818  0.5414E-23
 -3.808  0.1993E-23
 -3.798  0.7255E-24
 -3.788  0.2613E-24
 -3.778  0.9310E-25
 -3.768  0.3282E-25
 -3.758  0.1144E-25
 -3.748  0.3947E-26
 -3.738  0.1347E-26
 -3.728  0.4547E-27
 -3.718  0.1518E-27
 -3.708  0.5016E-28
 -3.698  0.1639E-28
 -3.688  0.5300E-29
 -3.678  0.1695E-29
 -3.668  0.5363E-30
 -3.658  0.1678E-30
 -3.648  0.5197E-31
 -3.638  0.1592E-31
 -3.628  0.4823E-32
 -3.618  0.1446E-32
 -3.608  0.4287E-33
 -3.598  0.1258E-33
 -3.588  0.3649E-34
 -3.578  0.1048E-34
 -3.568  0.2975E-35
 -3.558  0.8358E-36
 -3.548  0.2323E-36
 -3.538  0.6386E-37
 -3.528  0.1737E-37
 -3.518  0.4673E-38
 -3.508  0.1244E-38
 -3.498  0.3275E-39
 -3.488  0.8529E-40
 -3.478  0.2198E-40
 -3.468  0.5602E-41
 -3.458  0.1413E-41
 -3.448  0.3524E-42
 -3.438  0.8696E-43
 -3.428  0.2123E-43
 -3.418  0.5127E-44
 -3.408  0.1225E-44
 -3.398  0.2895E-45
 -3.388  0.6768E-46
 -3.378  0.1565E-46
 -3.368  0.3581E-47
 -3.358  0.8106E-48
 -3.348  0.1815E-48
 -3.338  0.4020E-49
 -3.328  0.8809E-50
 -3.318  0.1910E-50
 -3.308  0.4095E-51
 -3.298  0.8687E-52
 -3.288  0.1823E-52
 -3.278  0.3784E-53
 -3.268  0.7772E-54
 -3.258  0.1579E-54
 -3.248  0.3173E-55
 -3.238  0.6309E-56
 -3.228  0.1241E-56
 -3.218  0.2414E-57
 -3.208  0.4647E-58
 -3.198  0.8849E-59
 -3.188  0.1667E-59
 -3.178  0.3106E-60
 -3.168  0.5725E-61
 -3.158  0.1044E-61
 -3.148  0.1883E-62
 -3.138  0.3361E-63
 -3.128  0.5934E-64
 -3.118  0.1036E-64
 -3.108  0.1790E-65
 -3.098  0.3060E-66
 -3.088  0.5174E-67
 -3.078  0.8653E-68
 -3.068  0.1432E-68
 -3.058  0.2344E-69
 -3.048  0.3795E-70
 -3.038  0.6079E-71
 -3.028  0.9632E-72
 -3.018  0.1510E-72
 -3.008  0.2342E-73
 -2.998  0.3611E-74
 -2.988  0.6707E-75
 -2.978  0.9143E-75
 -2.968  0.5472E-74
 -2.958  0.3543E-73
 -2.948  0.2274E-72
 -2.938  0.1444E-71
 -2.928  0.9068E-71
 -2.918  0.5634E-70
 -2.908  0.3463E-69
 -2.898  0.2106E-68
 -2.888  0.1267E-67
 -2.878  0.7539E-67
 -2.868  0.4438E-66
 -2.858  0.2585E-65
 -2.848  0.1489E-64
 -2.838  0.8486E-64
 -2.828  0.4784E-63
 -2.818  0.2668E-62
 -2.808  0.1472E-61
 -2.798  0.8036E-61
 -2.788  0.4339E-60
 -2.778  0.2318E-59
 -2.768  0.1225E-58
 -2.758  0.6401E-58
 -2.748  0.3310E-57
 -2.738  0.1693E-56
 -2.728  0.8569E-56
 -2.718  0.4290E-55
 -2.708  0.2124E-54
 -2.698  0.1041E-53
 -2.688  0.5044E-53
 -2.678  0.2418E-52
 -2.668  0.1147E-51
 -2.658  0.5382E-51
 -2.648  0.2498E-50
 -2.638  0.1147E-49
 -2.628  0.5210E-49
 -2.618  0.2341E-48
 -2.608  0.1041E-47
 -2.598  0.4576E-47
 -2.588  0.1991E-46
 -2.578  0.8567E-46
 -2.568  0.3647E-45
 -2.558  0.1536E-44
 -2.548  0.6399E-44
 -2.538  0.2637E-43
 -2.528  0.1075E-42
 -2.518  0.4337E-42
 -2.508  0.1730E-41
 -2.498  0.6830E-41
 -2.488  0.2667E-40
 -2.478  0.1030E-39
 -2.468  0.3936E-39
 -2.458  0.1488E-38
 -2.448  0.5564E-38
 -2.438  0.2058E-37
 -2.428  0.7533E-37
 -2.418  0.2727E-36
 -2.408  0.9767E-36
 -2.398  0.3460E-35
 -2.388  0.1213E-34
 -2.378  0.4205E-34
 -2.368  0.1442E-33
 -2.358  0.4893E-33
 -2.348  0.1642E-32
 -2.338  0.5454E-32
 -2.328  0.1791E-31
 -2.318  0.5821E-31
 -2.308  0.1871E-30
 -2.298  0.5951E-30
 -2.288  0.1872E-29
 -2.278  0.5826E-29
 -2.268  0.1794E-28
 -2.258  0.5462E-28
 -2.248  0.1646E-27
 -2.238  0.4905E-27
 -2.228  0.1446E-26
 -2.218  0.4218E-26
 -2.208  0.1217E-25
 -2.198  0.3474E-25
 -2.188  0.9810E-25
 -2.178  0.2740E-24
 -2.168  0.7572E-24
 -2.158  0.2070E-23
 -2.148  0.5598E-23
 -2.138  0.1498E-22
 -2.128  0.3963E-22
 -2.118  0.1038E-21
 -2.108  0.2687E-21
 -2.098  0.6885E-21
 -2.088  0.1745E-20
 -2.078  0.4376E-20
 -2.068  0.1085E-19
 -2.058  0.2663E-19
 -2.048  0.6465E-19
 -2.038  0.1552E-18
 -2.028  0.3688E-18
 -2.018  0.8666E-18
 -2.008  0.2015E-17
 -1.998  0.4633E-17
 -1.988  0.1054E-16
 -1.978  0.2372E-16
 -1.968  0.5282E-16
 -1.958  0.1163E-15
 -1.948  0.2535E-15
 -1.938  0.5464E-15
 -1.928  0.1165E-14
 -1.918  0.2458E-14
 -1.908  0.5130E-14
 -1.898  0.1059E-13
 -1.888  0.2163E-13
 -1.878  0.4370E-13
 -1.868  0.8734E-13
 -1.858  0.1727E-12
 -1.848  0.3378E-12
 -1.838  0.6537E-12
 -1.828  0.1252E-11
 -1.818  0.2370E-11
 -1.808  0.4441E-11
 -1.798  0.8232E-11
 -1.788  0.1510E-10
 -1.778  0.2739E-10
 -1.768  0.4915E-10
 -1.758  0.8728E-10
 -1.748  0.1533E-09
 -1.738  0.2665E-09
 -1.728  0.4582E-09
 -1.718  0.7795E-09
 -1.708  0.1312E-08
 -1.698  0.2185E-08
 -1.688  0.3600E-08
 -1.678  0.5869E-08
 -1.668  0.9467E-08
 -1.658  0.1511E-07
 -1.648  0.2386E-07
 -1.638  0.3730E-07
 -1.628  0.5768E-07
 -1.618  0.8827E-07
 -1.608  0.1337E-06
 -1.598  0.2004E-06
 -1.588  0.2973E-06
 -1.578  0.4365E-06
 -1.568  0.6345E-06
 -1.558  0.9129E-06
 -1.548  0.1300E-05
 -1.538  0.1834E-05
 -1.528  0.2560E-05
 -1.518  0.3540E-05
 -1.508  0.4846E-05
 -1.498  0.6572E-05
 -1.488  0.8828E-05
 -1.478  0.1175E-04
 -1.468  0.1549E-04
 -1.458  0.2023E-04
 -1.448  0.2619E-04
 -1.438  0.3361E-04
 -1.428  0.4276E-04
 -1.418  0.5393E-04
 -1.408  0.6745E-04
 -1.398  0.8366E-04
 -1.388  0.1029E-03
 -1.378  0.1256E-03
 -1.368  0.1521E-03
 -1.358  0.1827E-03
 -1.348  0.2179E-03
 -1.338  0.2578E-03
 -1.328  0.3027E-03
 -1.318  0.3528E-03
 -1.308  0.4081E-03
 -1.298  0.4686E-03
 -1.288  0.5340E-03
 -1.278  0.6039E-03
 -1.268  0.6778E-03
 -1.258  0.7549E-03
 -1.248  0.8342E-03
 -1.238  0.9145E-03
 -1.228  0.9946E-03
 -1.218  0.1073E-02
 -1.208  0.1148E-02
 -1.198  0.1217E-02
 -1.188  0.1280E-02
 -1.178  0.1334E-02
 -1.168  0.1379E-02
 -1.158  0.1412E-02
 -1.148  0.1432E-02
 -1.138  0.1440E-02
 -1.128  0.1434E-02
 -1.118  0.1414E-02
 -1.108  0.1381E-02
 -1.098  0.1336E-02
 -1.088  0.1280E-02
 -1.078  0.1214E-02
 -1.068  0.1140E-02
 -1.058  0.1060E-02
 -1.048  0.9752E-03
 -1.038  0.8884E-03
 -1.028  0.8011E-03
 -1.018  0.7150E-03
 -1.008  0.6318E-03
 -0.998  0.5526E-03
 -0.988  0.4786E-03
 -0.978  0.4106E-03
 -0.968  0.3491E-03
 -0.958  0.2946E-03
 -0.948  0.2471E-03
 -0.938  0.2066E-03
 -0.928  0.1731E-03
 -0.918  0.1464E-03
 -0.908  0.1263E-03
 -0.898  0.1127E-03
 -0.888  0.1054E-03
 -0.878  0.1044E-03
 -0.868  0.1098E-03
 -0.858  0.1217E-03
 -0.848  0.1403E-03
 -0.838  0.1659E-03
 -0.828  0.1989E-03
 -0.818  0.2395E-03
 -0.808  0.2883E-03
 -0.798  0.3453E-03
 -0.788  0.4107E-03
 -0.778  0.4845E-03
 -0.768  0.5664E-03
 -0.758  0.6559E-03
 -0.748  0.7522E-03
 -0.738  0.8544E-03
 -0.728  0.9612E-03
 -0.718  0.1071E-02
 -0.708  0.1182E-02
 -0.698  0.1293E-02
 -0.688  0.1402E-02
 -0.678  0.1507E-02
 -0.668  0.1607E-02
 -0.658  0.1701E-02
 -0.648  0.1788E-02
 -0.638  0.1867E-02
 -0.628  0.1940E-02
 -0.618  0.2006E-02
 -0.608  0.2067E-02
 -0.598  0.2124E-02
 -0.588  0.2179E-02
 -0.578  0.2235E-02
 -0.568  0.2293E-02
 -0.558  0.2355E-02
 -0.548  0.2424E-02
 -0.538  0.2499E-02
 -0.528  0.2583E-02
 -0.518  0.2673E-02
 -0.508  0.2771E-02
 -0.498  0.2873E-02
 -0.488  0.2977E-02
 -0.478  0.3081E-02
 -0.468  0.3181E-02
 -0.458  0.3273E-02
 -0.448  0.3352E-02
 -0.438  0.3416E-02
 -0.428  0.3461E-02
 -0.418  0.3484E-02
 -0.408  0.3482E-02
 -0.398  0.3455E-02
 -0.388  0.3401E-02
 -0.378  0.3322E-02
 -0.368  0.3218E-02
 -0.358  0.3093E-02
 -0.348  0.2948E-02
 -0.338  0.2787E-02
 -0.328  0.2615E-02
 -0.318  0.2435E-02
 -0.308  0.2252E-02
 -0.298  0.2069E-02
 -0.288  0.1890E-02
 -0.278  0.1717E-02
 -0.268  0.1554E-02
 -0.258  0.1403E-02
 -0.248  0.1264E-02
 -0.238  0.1139E-02
 -0.228  0.1027E-02
 -0.218  0.9279E-03
 -0.208  0.8415E-03
 -0.198  0.7664E-03
 -0.188  0.7016E-03
 -0.178  0.6455E-03
 -0.168  0.5971E-03
 -0.158  0.5549E-03
 -0.148  0.5181E-03
 -0.138  0.4857E-03
 -0.128  0.4572E-03
 -0.118  0.4321E-03
 -0.108  0.4104E-03
 -0.098  0.3923E-03
 -0.088  0.3781E-03
 -0.078  0.3684E-03
 -0.068  0.3639E-03
 -0.058  0.3653E-03
 -0.048  0.3736E-03
 -0.038  0.3896E-03
 -0.028  0.4140E-03
 -0.018  0.4477E-03
 -0.008  0.4912E-03
  0.002  0.5449E-03
  0.012  0.6091E-03
  0.022  0.6837E-03
  0.032  0.7685E-03
  0.042  0.8631E-03
  0.052  0.9665E-03
  0.062  0.1078E-02
  0.072  0.1196E-02
  0.082  0.1319E-02
  0.092  0.1445E-02
  0.102  0.1572E-02
  0.112  0.1699E-02
  0.122  0.1823E-02
  0.132  0.1943E-02
  0.142  0.2055E-02
  0.152  0.2158E-02
  0.162  0.2250E-02
  0.172  0.2330E-02
  0.182  0.2397E-02
  0.192  0.2449E-02
  0.202  0.2486E-02
  0.212  0.2508E-02
  0.222  0.2516E-02
  0.232  0.2510E-02
  0.242  0.2491E-02
  0.252  0.2462E-02
  0.262  0.2424E-02
  0.272  0.2379E-02
  0.282  0.2329E-02
  0.292  0.2277E-02
  0.302  0.2223E-02
  0.312  0.2170E-02
  0.322  0.2120E-02
  0.332  0.2072E-02
  0.342  0.2027E-02
  0.352  0.1985E-02
  0.362  0.1945E-02
  0.372  0.1907E-02
  0.382  0.1869E-02
  0.392  0.1830E-02
  0.402  0.1788E-02
  0.412  0.1743E-02
  0.422  0.1692E-02
  0.432  0.1635E-02
  0.442  0.1572E-02
  0.452  0.1502E-02
  0.462  0.1425E-02
  0.472  0.1342E-02
  0.482  0.1254E-02
  0.492  0.1162E-02
  0.502  0.1067E-02
  0.512  0.9714E-03
  0.522  0.8758E-03
  0.532  0.7820E-03
  0.542  0.6915E-03
  0.552  0.6054E-03
  0.562  0.5246E-03
  0.572  0.4501E-03
  0.582  0.3821E-03
  0.592  0.3211E-03
  0.602  0.2670E-03
  0.612  0.2197E-03
  0.622  0.1789E-03
  0.632  0.1442E-03
  0.642  0.1150E-03
  0.652  0.9070E-04
  0.662  0.7080E-04
  0.672  0.5468E-04
  0.682  0.4179E-04
  0.692  0.3159E-04
  0.702  0.2363E-04
  0.712  0.1749E-04
  0.722  0.1281E-04
  0.732  0.9281E-05
  0.742  0.6652E-05
  0.752  0.4718E-05
  0.762  0.3310E-05
  0.772  0.2298E-05
  0.782  0.1578E-05
  0.792  0.1072E-05
  0.802  0.7210E-06
  0.812  0.4796E-06
  0.822  0.3156E-06
  0.832  0.2055E-06
  0.842  0.1323E-06
