 -5.548  0.4896E-06
 -5.538  0.7569E-06
 -5.528  0.1158E-05
 -5.518  0.1752E-05
 -5.508  0.2622E-05
 -5.498  0.3882E-05
 -5.488  0.5687E-05
 -5.478  0.8241E-05
 -5.468  0.1181E-04
 -5.458  0.1676E-04
 -5.448  0.2351E-04
 -5.438  0.3264E-04
 -5.428  0.4483E-04
 -5.418  0.6092E-04
 -5.408  0.8189E-04
 -5.398  0.1089E-03
 -5.388  0.1434E-03
 -5.378  0.1867E-03
 -5.368  0.2405E-03
 -5.358  0.3067E-03
 -5.348  0.3869E-03
 -5.338  0.4832E-03
 -5.328  0.5971E-03
 -5.318  0.7305E-03
 -5.308  0.8846E-03
 -5.298  0.1061E-02
 -5.288  0.1259E-02
 -5.278  0.1480E-02
 -5.268  0.1724E-02
 -5.258  0.1989E-02
 -5.248  0.2275E-02
 -5.238  0.2579E-02
 -5.228  0.2900E-02
 -5.218  0.3234E-02
 -5.208  0.3581E-02
 -5.198  0.3937E-02
 -5.188  0.4301E-02
 -5.178  0.4671E-02
 -5.168  0.5047E-02
 -5.158  0.5429E-02
 -5.148  0.5818E-02
 -5.138  0.6215E-02
 -5.128  0.6623E-02
 -5.118  0.7045E-02
 -5.108  0.7484E-02
 -5.098  0.7942E-02
 -5.088  0.8424E-02
 -5.078  0.8932E-02
 -5.068  0.9467E-02
 -5.058  0.1003E-01
 -5.048  0.1062E-01
 -5.038  0.1124E-01
 -5.028  0.1188E-01
 -5.018  0.1254E-01
 -5.008  0.1321E-01
 -4.998  0.1389E-01
 -4.988  0.1457E-01
 -4.978  0.1525E-01
 -4.968  0.1590E-01
 -4.958  0.1653E-01
 -4.948  0.1712E-01
 -4.938  0.1767E-01
 -4.928  0.1817E-01
 -4.918  0.1860E-01
 -4.908  0.1897E-01
 -4.898  0.1926E-01
 -4.888  0.1947E-01
 -4.878  0.1960E-01
 -4.868  0.1964E-01
 -4.858  0.1960E-01
 -4.848  0.1947E-01
 -4.838  0.1925E-01
 -4.828  0.1895E-01
 -4.818  0.1857E-01
 -4.808  0.1812E-01
 -4.798  0.1760E-01
 -4.788  0.1701E-01
 -4.778  0.1637E-01
 -4.768  0.1567E-01
 -4.758  0.1494E-01
 -4.748  0.1416E-01
 -4.738  0.1336E-01
 -4.728  0.1253E-01
 -4.718  0.1169E-01
 -4.708  0.1083E-01
 -4.698  0.9982E-02
 -4.688  0.9136E-02
 -4.678  0.8305E-02
 -4.668  0.7495E-02
 -4.658  0.6715E-02
 -4.648  0.5969E-02
 -4.638  0.5264E-02
 -4.628  0.4604E-02
 -4.618  0.3992E-02
 -4.608  0.3432E-02
 -4.598  0.2924E-02
 -4.588  0.2468E-02
 -4.578  0.2064E-02
 -4.568  0.1710E-02
 -4.558  0.1403E-02
 -4.548  0.1140E-02
 -4.538  0.9174E-03
 -4.528  0.7308E-03
 -4.518  0.5762E-03
 -4.508  0.4498E-03
 -4.498  0.3475E-03
 -4.488  0.2657E-03
 -4.478  0.2011E-03
 -4.468  0.1506E-03
 -4.458  0.1116E-03
 -4.448  0.8185E-04
 -4.438  0.5940E-04
 -4.428  0.4265E-04
 -4.418  0.3030E-04
 -4.408  0.2130E-04
 -4.398  0.1481E-04
 -4.388  0.1019E-04
 -4.378  0.6939E-05
 -4.368  0.4673E-05
 -4.358  0.3114E-05
 -4.348  0.2053E-05
 -4.338  0.1339E-05
 -4.328  0.8639E-06
 -4.318  0.5515E-06
 -4.308  0.3483E-06
 -4.298  0.2176E-06
 -4.288  0.1345E-06
 -4.278  0.8221E-07
 -4.268  0.4973E-07
 -4.258  0.2976E-07
 -4.248  0.1761E-07
 -4.238  0.1032E-07
 -4.228  0.5976E-08
 -4.218  0.3425E-08
 -4.208  0.1942E-08
 -4.198  0.1089E-08
 -4.188  0.6043E-09
 -4.178  0.3317E-09
 -4.168  0.1801E-09
 -4.158  0.9674E-10
 -4.148  0.5141E-10
 -4.138  0.2702E-10
 -4.128  0.1405E-10
 -4.118  0.7230E-11
 -4.108  0.3680E-11
 -4.098  0.1853E-11
 -4.088  0.9226E-12
 -4.078  0.4546E-12
 -4.068  0.2216E-12
 -4.058  0.1068E-12
 -4.048  0.5096E-13
 -4.038  0.2405E-13
 -4.028  0.1122E-13
 -4.018  0.5183E-14
 -4.008  0.2368E-14
 -3.998  0.1070E-14
 -3.988  0.4783E-15
 -3.978  0.2115E-15
 -3.968  0.9255E-16
 -3.958  0.4006E-16
 -3.948  0.1715E-16
 -3.938  0.7264E-17
 -3.928  0.3043E-17
 -3.918  0.1261E-17
 -3.908  0.5172E-18
 -3.898  0.2098E-18
 -3.888  0.8419E-19
 -3.878  0.3342E-19
 -3.868  0.1312E-19
 -3.858  0.5098E-20
 -3.848  0.1959E-20
 -3.838  0.7449E-21
 -3.828  0.2801E-21
 -3.818  0.1042E-21
 -3.808  0.3836E-22
 -3.798  0.1397E-22
 -3.788  0.5030E-23
 -3.778  0.1792E-23
 -3.768  0.6318E-24
 -3.758  0.2203E-24
 -3.748  0.7599E-25
 -3.738  0.2593E-25
 -3.728  0.8753E-26
 -3.718  0.2923E-26
 -3.708  0.9657E-27
 -3.698  0.3156E-27
 -3.688  0.1020E-27
 -3.678  0.3263E-28
 -3.668  0.1032E-28
 -3.658  0.3231E-29
 -3.648  0.1000E-29
 -3.638  0.3064E-30
 -3.628  0.9285E-31
 -3.618  0.2783E-31
 -3.608  0.8253E-32
 -3.598  0.2421E-32
 -3.588  0.7025E-33
 -3.578  0.2017E-33
 -3.568  0.5727E-34
 -3.558  0.1609E-34
 -3.548  0.4471E-35
 -3.538  0.1229E-35
 -3.528  0.3343E-36
 -3.518  0.8996E-37
 -3.508  0.2394E-37
 -3.498  0.6304E-38
 -3.488  0.1642E-38
 -3.478  0.4231E-39
 -3.468  0.1079E-39
 -3.458  0.2720E-40
 -3.448  0.6784E-41
 -3.438  0.1674E-41
 -3.428  0.4087E-42
 -3.418  0.9870E-43
 -3.408  0.2358E-43
 -3.398  0.5573E-44
 -3.388  0.1303E-44
 -3.378  0.3013E-45
 -3.368  0.6895E-46
 -3.358  0.1561E-46
 -3.348  0.3494E-47
 -3.338  0.7740E-48
 -3.328  0.1696E-48
 -3.318  0.3676E-49
 -3.308  0.7883E-50
 -3.298  0.1672E-50
 -3.288  0.3509E-51
 -3.278  0.7286E-52
 -3.268  0.1496E-52
 -3.258  0.3040E-53
 -3.248  0.6109E-54
 -3.238  0.1215E-54
 -3.228  0.2389E-55
 -3.218  0.4648E-56
 -3.208  0.8947E-57
 -3.198  0.1704E-57
 -3.188  0.3209E-58
 -3.178  0.5979E-59
 -3.168  0.1102E-59
 -3.158  0.2010E-60
 -3.148  0.3626E-61
 -3.138  0.6471E-62
 -3.128  0.1142E-62
 -3.118  0.1995E-63
 -3.108  0.3447E-64
 -3.098  0.5891E-65
 -3.088  0.9960E-66
 -3.078  0.1666E-66
 -3.068  0.2756E-67
 -3.058  0.4512E-68
 -3.048  0.7306E-69
 -3.038  0.1170E-69
 -3.028  0.1854E-70
 -3.018  0.2907E-71
 -3.008  0.4508E-72
 -2.998  0.6933E-73
 -2.988  0.1168E-73
 -2.978  0.9436E-74
 -2.968  0.5179E-73
 -2.958  0.3345E-72
 -2.948  0.2147E-71
 -2.938  0.1363E-70
 -2.928  0.8562E-70
 -2.918  0.5320E-69
 -2.908  0.3270E-68
 -2.898  0.1988E-67
 -2.888  0.1196E-66
 -2.878  0.7118E-66
 -2.868  0.4190E-65
 -2.858  0.2440E-64
 -2.848  0.1406E-63
 -2.838  0.8012E-63
 -2.828  0.4517E-62
 -2.818  0.2519E-61
 -2.808  0.1390E-60
 -2.798  0.7587E-60
 -2.788  0.4097E-59
 -2.778  0.2188E-58
 -2.768  0.1156E-57
 -2.758  0.6044E-57
 -2.748  0.3125E-56
 -2.738  0.1599E-55
 -2.728  0.8091E-55
 -2.718  0.4050E-54
 -2.708  0.2006E-53
 -2.698  0.9827E-53
 -2.688  0.4763E-52
 -2.678  0.2283E-51
 -2.668  0.1083E-50
 -2.658  0.5081E-50
 -2.648  0.2358E-49
 -2.638  0.1083E-48
 -2.628  0.4919E-48
 -2.618  0.2210E-47
 -2.608  0.9825E-47
 -2.598  0.4321E-46
 -2.588  0.1880E-45
 -2.578  0.8088E-45
 -2.568  0.3443E-44
 -2.558  0.1450E-43
 -2.548  0.6042E-43
 -2.538  0.2490E-42
 -2.528  0.1015E-41
 -2.518  0.4095E-41
 -2.508  0.1634E-40
 -2.498  0.6448E-40
 -2.488  0.2518E-39
 -2.478  0.9726E-39
 -2.468  0.3716E-38
 -2.458  0.1405E-37
 -2.448  0.5254E-37
 -2.438  0.1943E-36
 -2.428  0.7112E-36
 -2.418  0.2575E-35
 -2.408  0.9221E-35
 -2.398  0.3267E-34
 -2.388  0.1145E-33
 -2.378  0.3970E-33
 -2.368  0.1362E-32
 -2.358  0.4620E-32
 -2.348  0.1551E-31
 -2.338  0.5149E-31
 -2.328  0.1691E-30
 -2.318  0.5496E-30
 -2.308  0.1767E-29
 -2.298  0.5619E-29
 -2.288  0.1768E-28
 -2.278  0.5501E-28
 -2.268  0.1693E-27
 -2.258  0.5158E-27
 -2.248  0.1554E-26
 -2.238  0.4631E-26
 -2.228  0.1365E-25
 -2.218  0.3983E-25
 -2.208  0.1149E-24
 -2.198  0.3280E-24
 -2.188  0.9262E-24
 -2.178  0.2587E-23
 -2.168  0.7150E-23
 -2.158  0.1955E-22
 -2.148  0.5286E-22
 -2.138  0.1414E-21
 -2.128  0.3742E-21
 -2.118  0.9797E-21
 -2.108  0.2537E-20
 -2.098  0.6501E-20
 -2.088  0.1648E-19
 -2.078  0.4132E-19
 -2.068  0.1025E-18
 -2.058  0.2515E-18
 -2.048  0.6104E-18
 -2.038  0.1466E-17
 -2.028  0.3482E-17
 -2.018  0.8183E-17
 -2.008  0.1902E-16
 -1.998  0.4375E-16
 -1.988  0.9954E-16
 -1.978  0.2240E-15
 -1.968  0.4988E-15
 -1.958  0.1099E-14
 -1.948  0.2394E-14
 -1.938  0.5160E-14
 -1.928  0.1100E-13
 -1.918  0.2321E-13
 -1.908  0.4844E-13
 -1.898  0.1000E-12
 -1.888  0.2043E-12
 -1.878  0.4127E-12
 -1.868  0.8249E-12
 -1.858  0.1631E-11
 -1.848  0.3191E-11
 -1.838  0.6175E-11
 -1.828  0.1182E-10
 -1.818  0.2239E-10
 -1.808  0.4196E-10
 -1.798  0.7778E-10
 -1.788  0.1426E-09
 -1.778  0.2588E-09
 -1.768  0.4646E-09
 -1.758  0.8250E-09
 -1.748  0.1449E-08
 -1.738  0.2520E-08
 -1.728  0.4333E-08
 -1.718  0.7373E-08
 -1.708  0.1241E-07
 -1.698  0.2067E-07
 -1.688  0.3407E-07
 -1.678  0.5556E-07
 -1.668  0.8964E-07
 -1.658  0.1431E-06
 -1.648  0.2261E-06
 -1.638  0.3535E-06
 -1.628  0.5469E-06
 -1.618  0.8374E-06
 -1.608  0.1269E-05
 -1.598  0.1903E-05
 -1.588  0.2825E-05
 -1.578  0.4150E-05
 -1.568  0.6037E-05
 -1.558  0.8692E-05
 -1.548  0.1239E-04
 -1.538  0.1749E-04
 -1.528  0.2444E-04
 -1.518  0.3383E-04
 -1.508  0.4637E-04
 -1.498  0.6295E-04
 -1.488  0.8467E-04
 -1.478  0.1128E-03
 -1.468  0.1490E-03
 -1.458  0.1949E-03
 -1.448  0.2527E-03
 -1.438  0.3249E-03
 -1.428  0.4140E-03
 -1.418  0.5231E-03
 -1.408  0.6554E-03
 -1.398  0.8145E-03
 -1.388  0.1004E-02
 -1.378  0.1228E-02
 -1.368  0.1490E-02
 -1.358  0.1793E-02
 -1.348  0.2142E-02
 -1.338  0.2539E-02
 -1.328  0.2986E-02
 -1.318  0.3486E-02
 -1.308  0.4039E-02
 -1.298  0.4644E-02
 -1.288  0.5298E-02
 -1.278  0.5998E-02
 -1.268  0.6738E-02
 -1.258  0.7509E-02
 -1.248  0.8302E-02
 -1.238  0.9105E-02
 -1.228  0.9903E-02
 -1.218  0.1068E-01
 -1.208  0.1142E-01
 -1.198  0.1211E-01
 -1.188  0.1273E-01
 -1.178  0.1326E-01
 -1.168  0.1369E-01
 -1.158  0.1400E-01
 -1.148  0.1419E-01
 -1.138  0.1425E-01
 -1.128  0.1417E-01
 -1.118  0.1395E-01
 -1.108  0.1361E-01
 -1.098  0.1314E-01
 -1.088  0.1257E-01
 -1.078  0.1190E-01
 -1.068  0.1115E-01
 -1.058  0.1034E-01
 -1.048  0.9501E-02
 -1.038  0.8637E-02
 -1.028  0.7772E-02
 -1.018  0.6921E-02
 -1.008  0.6101E-02
 -0.998  0.5323E-02
 -0.988  0.4598E-02
 -0.978  0.3932E-02
 -0.968  0.3331E-02
 -0.958  0.2797E-02
 -0.948  0.2330E-02
 -0.938  0.1930E-02
 -0.928  0.1595E-02
 -0.918  0.1322E-02
 -0.908  0.1107E-02
 -0.898  0.9471E-03
 -0.888  0.8399E-03
 -0.878  0.7829E-03
 -0.868  0.7743E-03
 -0.858  0.8132E-03
 -0.848  0.8996E-03
 -0.838  0.1034E-02
 -0.828  0.1217E-02
 -0.818  0.1451E-02
 -0.808  0.1737E-02
 -0.798  0.2076E-02
 -0.788  0.2469E-02
 -0.778  0.2915E-02
 -0.768  0.3415E-02
 -0.758  0.3964E-02
 -0.748  0.4559E-02
 -0.738  0.5195E-02
 -0.728  0.5865E-02
 -0.718  0.6561E-02
 -0.708  0.7273E-02
 -0.698  0.7993E-02
 -0.688  0.8710E-02
 -0.678  0.9415E-02
 -0.668  0.1010E-01
 -0.658  0.1076E-01
 -0.648  0.1140E-01
 -0.638  0.1200E-01
 -0.628  0.1258E-01
 -0.618  0.1314E-01
 -0.608  0.1369E-01
 -0.598  0.1424E-01
 -0.588  0.1481E-01
 -0.578  0.1540E-01
 -0.568  0.1604E-01
 -0.558  0.1674E-01
 -0.548  0.1750E-01
 -0.538  0.1834E-01
 -0.528  0.1926E-01
 -0.518  0.2026E-01
 -0.508  0.2133E-01
 -0.498  0.2244E-01
 -0.488  0.2359E-01
 -0.478  0.2474E-01
 -0.468  0.2587E-01
 -0.458  0.2694E-01
 -0.448  0.2792E-01
 -0.438  0.2876E-01
 -0.428  0.2945E-01
 -0.418  0.2995E-01
 -0.408  0.3025E-01
 -0.398  0.3032E-01
 -0.388  0.3015E-01
 -0.378  0.2977E-01
 -0.368  0.2916E-01
 -0.358  0.2835E-01
 -0.348  0.2736E-01
 -0.338  0.2623E-01
 -0.328  0.2499E-01
 -0.318  0.2368E-01
 -0.308  0.2232E-01
 -0.298  0.2096E-01
 -0.288  0.1963E-01
 -0.278  0.1835E-01
 -0.268  0.1715E-01
 -0.258  0.1605E-01
 -0.248  0.1505E-01
 -0.238  0.1415E-01
 -0.228  0.1336E-01
 -0.218  0.1267E-01
 -0.208  0.1206E-01
 -0.198  0.1153E-01
 -0.188  0.1105E-01
 -0.178  0.1061E-01
 -0.168  0.1019E-01
 -0.158  0.9792E-02
 -0.148  0.9392E-02
 -0.138  0.8987E-02
 -0.128  0.8571E-02
 -0.118  0.8144E-02
 -0.108  0.7709E-02
 -0.098  0.7271E-02
 -0.088  0.6839E-02
 -0.078  0.6423E-02
 -0.068  0.6033E-02
 -0.058  0.5682E-02
 -0.048  0.5382E-02
 -0.038  0.5144E-02
 -0.028  0.4978E-02
 -0.018  0.4892E-02
 -0.008  0.4894E-02
  0.002  0.4986E-02
  0.012  0.5171E-02
  0.022  0.5449E-02
  0.032  0.5817E-02
  0.042  0.6269E-02
  0.052  0.6799E-02
  0.062  0.7396E-02
  0.072  0.8050E-02
  0.082  0.8749E-02
  0.092  0.9478E-02
  0.102  0.1022E-01
  0.112  0.1097E-01
  0.122  0.1171E-01
  0.132  0.1241E-01
  0.142  0.1307E-01
  0.152  0.1368E-01
  0.162  0.1422E-01
  0.172  0.1469E-01
  0.182  0.1506E-01
  0.192  0.1535E-01
  0.202  0.1554E-01
  0.212  0.1564E-01
  0.222  0.1564E-01
  0.232  0.1556E-01
  0.242  0.1539E-01
  0.252  0.1516E-01
  0.262  0.1486E-01
  0.272  0.1451E-01
  0.282  0.1412E-01
  0.292  0.1371E-01
  0.302  0.1329E-01
  0.312  0.1286E-01
  0.322  0.1244E-01
  0.332  0.1203E-01
  0.342  0.1164E-01
  0.352  0.1127E-01
  0.362  0.1091E-01
  0.372  0.1057E-01
  0.382  0.1024E-01
  0.392  0.9912E-02
  0.402  0.9581E-02
  0.412  0.9242E-02
  0.422  0.8888E-02
  0.432  0.8514E-02
  0.442  0.8118E-02
  0.452  0.7699E-02
  0.462  0.7256E-02
  0.472  0.6792E-02
  0.482  0.6310E-02
  0.492  0.5817E-02
  0.502  0.5317E-02
  0.512  0.4818E-02
  0.522  0.4326E-02
  0.532  0.3849E-02
  0.542  0.3391E-02
  0.552  0.2959E-02
  0.562  0.2556E-02
  0.572  0.2187E-02
  0.582  0.1851E-02
  0.592  0.1551E-02
  0.602  0.1287E-02
  0.612  0.1056E-02
  0.622  0.8580E-03
  0.632  0.6897E-03
  0.642  0.5486E-03
  0.652  0.4318E-03
  0.662  0.3363E-03
  0.672  0.2591E-03
  0.682  0.1976E-03
  0.692  0.1491E-03
  0.702  0.1113E-03
  0.712  0.8218E-04
  0.722  0.6005E-04
  0.732  0.4341E-04
  0.742  0.3106E-04
  0.752  0.2198E-04
  0.762  0.1539E-04
  0.772  0.1066E-04
  0.782  0.7309E-05
  0.792  0.4957E-05
  0.802  0.3326E-05
  0.812  0.2208E-05
  0.822  0.1450E-05
  0.832  0.9423E-06
  0.842  0.6059E-06
