 -5.548  0.8714E-07
 -5.538  0.1347E-06
 -5.528  0.2061E-06
 -5.518  0.3118E-06
 -5.508  0.4667E-06
 -5.498  0.6912E-06
 -5.488  0.1013E-05
 -5.478  0.1468E-05
 -5.468  0.2104E-05
 -5.458  0.2985E-05
 -5.448  0.4190E-05
 -5.438  0.5818E-05
 -5.428  0.7992E-05
 -5.418  0.1086E-04
 -5.408  0.1461E-04
 -5.398  0.1944E-04
 -5.388  0.2560E-04
 -5.378  0.3336E-04
 -5.368  0.4302E-04
 -5.358  0.5490E-04
 -5.348  0.6935E-04
 -5.338  0.8672E-04
 -5.328  0.1073E-03
 -5.318  0.1315E-03
 -5.308  0.1596E-03
 -5.298  0.1919E-03
 -5.288  0.2285E-03
 -5.278  0.2696E-03
 -5.268  0.3152E-03
 -5.258  0.3654E-03
 -5.248  0.4201E-03
 -5.238  0.4793E-03
 -5.228  0.5427E-03
 -5.218  0.6102E-03
 -5.208  0.6817E-03
 -5.198  0.7570E-03
 -5.188  0.8363E-03
 -5.178  0.9194E-03
 -5.168  0.1007E-02
 -5.158  0.1098E-02
 -5.148  0.1194E-02
 -5.138  0.1296E-02
 -5.128  0.1402E-02
 -5.118  0.1515E-02
 -5.108  0.1635E-02
 -5.098  0.1761E-02
 -5.088  0.1895E-02
 -5.078  0.2037E-02
 -5.068  0.2189E-02
 -5.058  0.2349E-02
 -5.048  0.2520E-02
 -5.038  0.2704E-02
 -5.028  0.2901E-02
 -5.018  0.3114E-02
 -5.008  0.3347E-02
 -4.998  0.3605E-02
 -4.988  0.3892E-02
 -4.978  0.4214E-02
 -4.968  0.4580E-02
 -4.958  0.4997E-02
 -4.948  0.5473E-02
 -4.938  0.6017E-02
 -4.928  0.6637E-02
 -4.918  0.7341E-02
 -4.908  0.8133E-02
 -4.898  0.9017E-02
 -4.888  0.9993E-02
 -4.878  0.1106E-01
 -4.868  0.1220E-01
 -4.858  0.1341E-01
 -4.848  0.1468E-01
 -4.838  0.1597E-01
 -4.828  0.1726E-01
 -4.818  0.1853E-01
 -4.808  0.1974E-01
 -4.798  0.2086E-01
 -4.788  0.2185E-01
 -4.778  0.2269E-01
 -4.768  0.2334E-01
 -4.758  0.2379E-01
 -4.748  0.2401E-01
 -4.738  0.2399E-01
 -4.728  0.2374E-01
 -4.718  0.2326E-01
 -4.708  0.2255E-01
 -4.698  0.2164E-01
 -4.688  0.2055E-01
 -4.678  0.1932E-01
 -4.668  0.1797E-01
 -4.658  0.1653E-01
 -4.648  0.1506E-01
 -4.638  0.1357E-01
 -4.628  0.1210E-01
 -4.618  0.1067E-01
 -4.608  0.9313E-02
 -4.598  0.8041E-02
 -4.588  0.6869E-02
 -4.578  0.5806E-02
 -4.568  0.4854E-02
 -4.558  0.4016E-02
 -4.548  0.3286E-02
 -4.538  0.2661E-02
 -4.528  0.2131E-02
 -4.518  0.1688E-02
 -4.508  0.1324E-02
 -4.498  0.1026E-02
 -4.488  0.7874E-03
 -4.478  0.5976E-03
 -4.468  0.4487E-03
 -4.458  0.3333E-03
 -4.448  0.2449E-03
 -4.438  0.1780E-03
 -4.428  0.1280E-03
 -4.418  0.9104E-04
 -4.408  0.6407E-04
 -4.398  0.4460E-04
 -4.388  0.3072E-04
 -4.378  0.2093E-04
 -4.368  0.1410E-04
 -4.358  0.9404E-05
 -4.348  0.6203E-05
 -4.338  0.4047E-05
 -4.328  0.2612E-05
 -4.318  0.1668E-05
 -4.308  0.1054E-05
 -4.298  0.6584E-06
 -4.288  0.4070E-06
 -4.278  0.2489E-06
 -4.268  0.1506E-06
 -4.258  0.9012E-07
 -4.248  0.5336E-07
 -4.238  0.3125E-07
 -4.228  0.1811E-07
 -4.218  0.1038E-07
 -4.208  0.5884E-08
 -4.198  0.3300E-08
 -4.188  0.1831E-08
 -4.178  0.1005E-08
 -4.168  0.5459E-09
 -4.158  0.2932E-09
 -4.148  0.1558E-09
 -4.138  0.8192E-10
 -4.128  0.4260E-10
 -4.118  0.2192E-10
 -4.108  0.1115E-10
 -4.098  0.5616E-11
 -4.088  0.2797E-11
 -4.078  0.1378E-11
 -4.068  0.6717E-12
 -4.058  0.3239E-12
 -4.048  0.1545E-12
 -4.038  0.7290E-13
 -4.028  0.3403E-13
 -4.018  0.1571E-13
 -4.008  0.7178E-14
 -3.998  0.3244E-14
 -3.988  0.1450E-14
 -3.978  0.6414E-15
 -3.968  0.2806E-15
 -3.958  0.1214E-15
 -3.948  0.5199E-16
 -3.938  0.2202E-16
 -3.928  0.9227E-17
 -3.918  0.3825E-17
 -3.908  0.1568E-17
 -3.898  0.6361E-18
 -3.888  0.2553E-18
 -3.878  0.1013E-18
 -3.868  0.3979E-19
 -3.858  0.1546E-19
 -3.848  0.5940E-20
 -3.838  0.2258E-20
 -3.828  0.8494E-21
 -3.818  0.3160E-21
 -3.808  0.1163E-21
 -3.798  0.4234E-22
 -3.788  0.1525E-22
 -3.778  0.5434E-23
 -3.768  0.1916E-23
 -3.758  0.6679E-24
 -3.748  0.2304E-24
 -3.738  0.7862E-25
 -3.728  0.2654E-25
 -3.718  0.8863E-26
 -3.708  0.2928E-26
 -3.698  0.9569E-27
 -3.688  0.3094E-27
 -3.678  0.9894E-28
 -3.668  0.3130E-28
 -3.658  0.9797E-29
 -3.648  0.3033E-29
 -3.638  0.9291E-30
 -3.628  0.2815E-30
 -3.618  0.8439E-31
 -3.608  0.2502E-31
 -3.598  0.7340E-32
 -3.588  0.2130E-32
 -3.578  0.6115E-33
 -3.568  0.1737E-33
 -3.558  0.4878E-34
 -3.548  0.1356E-34
 -3.538  0.3727E-35
 -3.528  0.1014E-35
 -3.518  0.2728E-36
 -3.508  0.7260E-37
 -3.498  0.1911E-37
 -3.488  0.4979E-38
 -3.478  0.1283E-38
 -3.468  0.3270E-39
 -3.458  0.8246E-40
 -3.448  0.2057E-40
 -3.438  0.5076E-41
 -3.428  0.1239E-41
 -3.418  0.2993E-42
 -3.408  0.7150E-43
 -3.398  0.1690E-43
 -3.388  0.3951E-44
 -3.378  0.9137E-45
 -3.368  0.2091E-45
 -3.358  0.4732E-46
 -3.348  0.1059E-46
 -3.338  0.2347E-47
 -3.328  0.5142E-48
 -3.318  0.1115E-48
 -3.308  0.2390E-49
 -3.298  0.5071E-50
 -3.288  0.1064E-50
 -3.278  0.2209E-51
 -3.268  0.4537E-52
 -3.258  0.9217E-53
 -3.248  0.1852E-53
 -3.238  0.3683E-54
 -3.228  0.7244E-55
 -3.218  0.1409E-55
 -3.208  0.2713E-56
 -3.198  0.5166E-57
 -3.188  0.9730E-58
 -3.178  0.1813E-58
 -3.168  0.3342E-59
 -3.158  0.6095E-60
 -3.148  0.1099E-60
 -3.138  0.1962E-61
 -3.128  0.3464E-62
 -3.118  0.6050E-63
 -3.108  0.1045E-63
 -3.098  0.1786E-64
 -3.088  0.3020E-65
 -3.078  0.5052E-66
 -3.068  0.8358E-67
 -3.058  0.1368E-67
 -3.048  0.2215E-68
 -3.038  0.3549E-69
 -3.028  0.5623E-70
 -3.018  0.8815E-71
 -3.008  0.1367E-71
 -2.998  0.2098E-72
 -2.988  0.3232E-73
 -2.978  0.8080E-74
 -2.968  0.2237E-73
 -2.958  0.1406E-72
 -2.948  0.9020E-72
 -2.938  0.5727E-71
 -2.928  0.3597E-70
 -2.918  0.2235E-69
 -2.908  0.1374E-68
 -2.898  0.8354E-68
 -2.888  0.5026E-67
 -2.878  0.2991E-66
 -2.868  0.1761E-65
 -2.858  0.1025E-64
 -2.848  0.5907E-64
 -2.838  0.3366E-63
 -2.828  0.1898E-62
 -2.818  0.1059E-61
 -2.808  0.5840E-61
 -2.798  0.3188E-60
 -2.788  0.1721E-59
 -2.778  0.9193E-59
 -2.768  0.4858E-58
 -2.758  0.2539E-57
 -2.748  0.1313E-56
 -2.738  0.6717E-56
 -2.728  0.3399E-55
 -2.718  0.1702E-54
 -2.708  0.8427E-54
 -2.698  0.4129E-53
 -2.688  0.2001E-52
 -2.678  0.9593E-52
 -2.668  0.4550E-51
 -2.658  0.2135E-50
 -2.648  0.9909E-50
 -2.638  0.4550E-49
 -2.628  0.2067E-48
 -2.618  0.9286E-48
 -2.608  0.4128E-47
 -2.598  0.1815E-46
 -2.588  0.7897E-46
 -2.578  0.3398E-45
 -2.568  0.1447E-44
 -2.558  0.6093E-44
 -2.548  0.2538E-43
 -2.538  0.1046E-42
 -2.528  0.4265E-42
 -2.518  0.1720E-41
 -2.508  0.6864E-41
 -2.498  0.2709E-40
 -2.488  0.1058E-39
 -2.478  0.4086E-39
 -2.468  0.1561E-38
 -2.458  0.5902E-38
 -2.448  0.2207E-37
 -2.438  0.8165E-37
 -2.428  0.2988E-36
 -2.418  0.1082E-35
 -2.408  0.3874E-35
 -2.398  0.1373E-34
 -2.388  0.4811E-34
 -2.378  0.1668E-33
 -2.368  0.5721E-33
 -2.358  0.1941E-32
 -2.348  0.6516E-32
 -2.338  0.2164E-31
 -2.328  0.7107E-31
 -2.318  0.2309E-30
 -2.308  0.7424E-30
 -2.298  0.2361E-29
 -2.288  0.7427E-29
 -2.278  0.2311E-28
 -2.268  0.7116E-28
 -2.258  0.2167E-27
 -2.248  0.6530E-27
 -2.238  0.1946E-26
 -2.228  0.5738E-26
 -2.218  0.1674E-25
 -2.208  0.4829E-25
 -2.198  0.1379E-24
 -2.188  0.3893E-24
 -2.178  0.1087E-23
 -2.168  0.3005E-23
 -2.158  0.8216E-23
 -2.148  0.2222E-22
 -2.138  0.5945E-22
 -2.128  0.1573E-21
 -2.118  0.4119E-21
 -2.108  0.1067E-20
 -2.098  0.2734E-20
 -2.088  0.6930E-20
 -2.078  0.1738E-19
 -2.068  0.4311E-19
 -2.058  0.1058E-18
 -2.048  0.2569E-18
 -2.038  0.6170E-18
 -2.028  0.1466E-17
 -2.018  0.3446E-17
 -2.008  0.8014E-17
 -1.998  0.1844E-16
 -1.988  0.4196E-16
 -1.978  0.9447E-16
 -1.968  0.2104E-15
 -1.958  0.4637E-15
 -1.948  0.1011E-14
 -1.938  0.2181E-14
 -1.928  0.4653E-14
 -1.918  0.9824E-14
 -1.908  0.2052E-13
 -1.898  0.4240E-13
 -1.888  0.8669E-13
 -1.878  0.1754E-12
 -1.868  0.3510E-12
 -1.858  0.6951E-12
 -1.848  0.1362E-11
 -1.838  0.2641E-11
 -1.828  0.5067E-11
 -1.818  0.9619E-11
 -1.808  0.1807E-10
 -1.798  0.3359E-10
 -1.788  0.6181E-10
 -1.778  0.1125E-09
 -1.768  0.2028E-09
 -1.758  0.3618E-09
 -1.748  0.6388E-09
 -1.738  0.1117E-08
 -1.728  0.1932E-08
 -1.718  0.3310E-08
 -1.708  0.5614E-08
 -1.698  0.9430E-08
 -1.688  0.1569E-07
 -1.678  0.2584E-07
 -1.668  0.4217E-07
 -1.658  0.6817E-07
 -1.648  0.1092E-06
 -1.638  0.1733E-06
 -1.628  0.2725E-06
 -1.618  0.4248E-06
 -1.608  0.6565E-06
 -1.598  0.1006E-05
 -1.588  0.1528E-05
 -1.578  0.2302E-05
 -1.568  0.3440E-05
 -1.558  0.5099E-05
 -1.548  0.7499E-05
 -1.538  0.1094E-04
 -1.528  0.1584E-04
 -1.518  0.2276E-04
 -1.508  0.3245E-04
 -1.498  0.4592E-04
 -1.488  0.6449E-04
 -1.478  0.8988E-04
 -1.468  0.1243E-03
 -1.458  0.1707E-03
 -1.448  0.2325E-03
 -1.438  0.3142E-03
 -1.428  0.4213E-03
 -1.418  0.5605E-03
 -1.408  0.7396E-03
 -1.398  0.9680E-03
 -1.388  0.1256E-02
 -1.378  0.1617E-02
 -1.368  0.2062E-02
 -1.358  0.2608E-02
 -1.348  0.3269E-02
 -1.338  0.4060E-02
 -1.328  0.4997E-02
 -1.318  0.6092E-02
 -1.308  0.7358E-02
 -1.298  0.8803E-02
 -1.288  0.1043E-01
 -1.278  0.1224E-01
 -1.268  0.1422E-01
 -1.258  0.1636E-01
 -1.248  0.1863E-01
 -1.238  0.2101E-01
 -1.228  0.2345E-01
 -1.218  0.2591E-01
 -1.208  0.2833E-01
 -1.198  0.3066E-01
 -1.188  0.3284E-01
 -1.178  0.3482E-01
 -1.168  0.3652E-01
 -1.158  0.3792E-01
 -1.148  0.3895E-01
 -1.138  0.3960E-01
 -1.128  0.3983E-01
 -1.118  0.3964E-01
 -1.108  0.3904E-01
 -1.098  0.3804E-01
 -1.088  0.3668E-01
 -1.078  0.3499E-01
 -1.068  0.3302E-01
 -1.058  0.3084E-01
 -1.048  0.2849E-01
 -1.038  0.2604E-01
 -1.028  0.2355E-01
 -1.018  0.2107E-01
 -1.008  0.1866E-01
 -0.998  0.1634E-01
 -0.988  0.1416E-01
 -0.978  0.1214E-01
 -0.968  0.1030E-01
 -0.958  0.8645E-02
 -0.948  0.7183E-02
 -0.938  0.5909E-02
 -0.928  0.4815E-02
 -0.918  0.3890E-02
 -0.908  0.3120E-02
 -0.898  0.2490E-02
 -0.888  0.1986E-02
 -0.878  0.1592E-02
 -0.868  0.1294E-02
 -0.858  0.1079E-02
 -0.848  0.9371E-03
 -0.838  0.8579E-03
 -0.828  0.8333E-03
 -0.818  0.8567E-03
 -0.808  0.9226E-03
 -0.798  0.1026E-02
 -0.788  0.1164E-02
 -0.778  0.1333E-02
 -0.768  0.1528E-02
 -0.758  0.1748E-02
 -0.748  0.1988E-02
 -0.738  0.2244E-02
 -0.728  0.2514E-02
 -0.718  0.2792E-02
 -0.708  0.3075E-02
 -0.698  0.3358E-02
 -0.688  0.3638E-02
 -0.678  0.3912E-02
 -0.668  0.4178E-02
 -0.658  0.4434E-02
 -0.648  0.4683E-02
 -0.638  0.4924E-02
 -0.628  0.5163E-02
 -0.618  0.5404E-02
 -0.608  0.5654E-02
 -0.598  0.5921E-02
 -0.588  0.6212E-02
 -0.578  0.6536E-02
 -0.568  0.6900E-02
 -0.558  0.7313E-02
 -0.548  0.7779E-02
 -0.538  0.8301E-02
 -0.528  0.8880E-02
 -0.518  0.9513E-02
 -0.508  0.1019E-01
 -0.498  0.1092E-01
 -0.488  0.1166E-01
 -0.478  0.1243E-01
 -0.468  0.1318E-01
 -0.458  0.1392E-01
 -0.448  0.1461E-01
 -0.438  0.1524E-01
 -0.428  0.1580E-01
 -0.418  0.1626E-01
 -0.408  0.1661E-01
 -0.398  0.1685E-01
 -0.388  0.1697E-01
 -0.378  0.1697E-01
 -0.368  0.1685E-01
 -0.358  0.1662E-01
 -0.348  0.1630E-01
 -0.338  0.1589E-01
 -0.328  0.1542E-01
 -0.318  0.1490E-01
 -0.308  0.1436E-01
 -0.298  0.1380E-01
 -0.288  0.1325E-01
 -0.278  0.1272E-01
 -0.268  0.1223E-01
 -0.258  0.1177E-01
 -0.248  0.1136E-01
 -0.238  0.1100E-01
 -0.228  0.1068E-01
 -0.218  0.1039E-01
 -0.208  0.1014E-01
 -0.198  0.9902E-02
 -0.188  0.9677E-02
 -0.178  0.9453E-02
 -0.168  0.9222E-02
 -0.158  0.8975E-02
 -0.148  0.8710E-02
 -0.138  0.8423E-02
 -0.128  0.8117E-02
 -0.118  0.7795E-02
 -0.108  0.7466E-02
 -0.098  0.7138E-02
 -0.088  0.6823E-02
 -0.078  0.6534E-02
 -0.068  0.6286E-02
 -0.058  0.6091E-02
 -0.048  0.5963E-02
 -0.038  0.5913E-02
 -0.028  0.5950E-02
 -0.018  0.6082E-02
 -0.008  0.6312E-02
  0.002  0.6640E-02
  0.012  0.7062E-02
  0.022  0.7571E-02
  0.032  0.8157E-02
  0.042  0.8804E-02
  0.052  0.9496E-02
  0.062  0.1021E-01
  0.072  0.1094E-01
  0.082  0.1164E-01
  0.092  0.1231E-01
  0.102  0.1292E-01
  0.112  0.1346E-01
  0.122  0.1390E-01
  0.132  0.1425E-01
  0.142  0.1448E-01
  0.152  0.1459E-01
  0.162  0.1459E-01
  0.172  0.1449E-01
  0.182  0.1428E-01
  0.192  0.1399E-01
  0.202  0.1363E-01
  0.212  0.1321E-01
  0.222  0.1276E-01
  0.232  0.1230E-01
  0.242  0.1185E-01
  0.252  0.1142E-01
  0.262  0.1103E-01
  0.272  0.1070E-01
  0.282  0.1043E-01
  0.292  0.1024E-01
  0.302  0.1012E-01
  0.312  0.1007E-01
  0.322  0.1010E-01
  0.332  0.1018E-01
  0.342  0.1032E-01
  0.352  0.1048E-01
  0.362  0.1067E-01
  0.372  0.1085E-01
  0.382  0.1101E-01
  0.392  0.1114E-01
  0.402  0.1121E-01
  0.412  0.1122E-01
  0.422  0.1115E-01
  0.432  0.1101E-01
  0.442  0.1077E-01
  0.452  0.1045E-01
  0.462  0.1005E-01
  0.472  0.9573E-02
  0.482  0.9031E-02
  0.492  0.8437E-02
  0.502  0.7803E-02
  0.512  0.7144E-02
  0.522  0.6474E-02
  0.532  0.5806E-02
  0.542  0.5154E-02
  0.552  0.4527E-02
  0.562  0.3935E-02
  0.572  0.3384E-02
  0.582  0.2880E-02
  0.592  0.2425E-02
  0.602  0.2021E-02
  0.612  0.1666E-02
  0.622  0.1359E-02
  0.632  0.1096E-02
  0.642  0.8754E-03
  0.652  0.6916E-03
  0.662  0.5405E-03
  0.672  0.4180E-03
  0.682  0.3198E-03
  0.692  0.2421E-03
  0.702  0.1813E-03
  0.712  0.1343E-03
  0.722  0.9847E-04
  0.732  0.7142E-04
  0.742  0.5124E-04
  0.752  0.3638E-04
  0.762  0.2555E-04
  0.772  0.1776E-04
  0.782  0.1221E-04
  0.792  0.8303E-05
  0.802  0.5588E-05
  0.812  0.3720E-05
  0.822  0.2450E-05
  0.832  0.1597E-05
  0.842  0.1030E-05
