 -5.548  0.4347E-06
 -5.538  0.6720E-06
 -5.528  0.1028E-05
 -5.518  0.1555E-05
 -5.508  0.2328E-05
 -5.498  0.3447E-05
 -5.488  0.5050E-05
 -5.478  0.7318E-05
 -5.468  0.1049E-04
 -5.458  0.1488E-04
 -5.448  0.2089E-04
 -5.438  0.2900E-04
 -5.428  0.3983E-04
 -5.418  0.5413E-04
 -5.408  0.7278E-04
 -5.398  0.9682E-04
 -5.388  0.1275E-03
 -5.378  0.1660E-03
 -5.368  0.2140E-03
 -5.358  0.2729E-03
 -5.348  0.3445E-03
 -5.338  0.4304E-03
 -5.328  0.5323E-03
 -5.318  0.6516E-03
 -5.308  0.7898E-03
 -5.298  0.9479E-03
 -5.288  0.1127E-02
 -5.278  0.1326E-02
 -5.268  0.1547E-02
 -5.258  0.1789E-02
 -5.248  0.2050E-02
 -5.238  0.2330E-02
 -5.228  0.2626E-02
 -5.218  0.2938E-02
 -5.208  0.3264E-02
 -5.198  0.3603E-02
 -5.188  0.3952E-02
 -5.178  0.4311E-02
 -5.168  0.4680E-02
 -5.158  0.5058E-02
 -5.148  0.5446E-02
 -5.138  0.5845E-02
 -5.128  0.6255E-02
 -5.118  0.6678E-02
 -5.108  0.7115E-02
 -5.098  0.7565E-02
 -5.088  0.8030E-02
 -5.078  0.8509E-02
 -5.068  0.8999E-02
 -5.058  0.9500E-02
 -5.048  0.1001E-01
 -5.038  0.1052E-01
 -5.028  0.1102E-01
 -5.018  0.1152E-01
 -5.008  0.1201E-01
 -4.998  0.1249E-01
 -4.988  0.1295E-01
 -4.978  0.1338E-01
 -4.968  0.1380E-01
 -4.958  0.1419E-01
 -4.948  0.1456E-01
 -4.938  0.1492E-01
 -4.928  0.1526E-01
 -4.918  0.1558E-01
 -4.908  0.1590E-01
 -4.898  0.1622E-01
 -4.888  0.1653E-01
 -4.878  0.1684E-01
 -4.868  0.1715E-01
 -4.858  0.1745E-01
 -4.848  0.1774E-01
 -4.838  0.1802E-01
 -4.828  0.1828E-01
 -4.818  0.1850E-01
 -4.808  0.1867E-01
 -4.798  0.1879E-01
 -4.788  0.1883E-01
 -4.778  0.1880E-01
 -4.768  0.1867E-01
 -4.758  0.1843E-01
 -4.748  0.1809E-01
 -4.738  0.1764E-01
 -4.728  0.1707E-01
 -4.718  0.1640E-01
 -4.708  0.1564E-01
 -4.698  0.1478E-01
 -4.688  0.1386E-01
 -4.678  0.1288E-01
 -4.668  0.1186E-01
 -4.658  0.1082E-01
 -4.648  0.9775E-02
 -4.638  0.8748E-02
 -4.628  0.7754E-02
 -4.618  0.6804E-02
 -4.608  0.5911E-02
 -4.598  0.5084E-02
 -4.588  0.4328E-02
 -4.578  0.3647E-02
 -4.568  0.3041E-02
 -4.558  0.2510E-02
 -4.548  0.2050E-02
 -4.538  0.1657E-02
 -4.528  0.1325E-02
 -4.518  0.1048E-02
 -4.508  0.8209E-03
 -4.498  0.6359E-03
 -4.488  0.4874E-03
 -4.478  0.3696E-03
 -4.468  0.2773E-03
 -4.458  0.2059E-03
 -4.448  0.1512E-03
 -4.438  0.1098E-03
 -4.428  0.7895E-04
 -4.418  0.5614E-04
 -4.408  0.3950E-04
 -4.398  0.2749E-04
 -4.388  0.1893E-04
 -4.378  0.1289E-04
 -4.368  0.8688E-05
 -4.358  0.5791E-05
 -4.348  0.3819E-05
 -4.338  0.2492E-05
 -4.328  0.1608E-05
 -4.318  0.1027E-05
 -4.308  0.6486E-06
 -4.298  0.4053E-06
 -4.288  0.2505E-06
 -4.278  0.1532E-06
 -4.268  0.9267E-07
 -4.258  0.5546E-07
 -4.248  0.3283E-07
 -4.238  0.1923E-07
 -4.228  0.1114E-07
 -4.218  0.6385E-08
 -4.208  0.3620E-08
 -4.198  0.2031E-08
 -4.188  0.1127E-08
 -4.178  0.6185E-09
 -4.168  0.3358E-09
 -4.158  0.1804E-09
 -4.148  0.9587E-10
 -4.138  0.5040E-10
 -4.128  0.2621E-10
 -4.118  0.1348E-10
 -4.108  0.6862E-11
 -4.098  0.3455E-11
 -4.088  0.1721E-11
 -4.078  0.8478E-12
 -4.068  0.4132E-12
 -4.058  0.1992E-12
 -4.048  0.9504E-13
 -4.038  0.4485E-13
 -4.028  0.2093E-13
 -4.018  0.9667E-14
 -4.008  0.4416E-14
 -3.998  0.1996E-14
 -3.988  0.8922E-15
 -3.978  0.3946E-15
 -3.968  0.1726E-15
 -3.958  0.7471E-16
 -3.948  0.3199E-16
 -3.938  0.1355E-16
 -3.928  0.5676E-17
 -3.918  0.2353E-17
 -3.908  0.9647E-18
 -3.898  0.3913E-18
 -3.888  0.1570E-18
 -3.878  0.6233E-19
 -3.868  0.2448E-19
 -3.858  0.9509E-20
 -3.848  0.3654E-20
 -3.838  0.1389E-20
 -3.828  0.5225E-21
 -3.818  0.1944E-21
 -3.808  0.7155E-22
 -3.798  0.2605E-22
 -3.788  0.9383E-23
 -3.778  0.3343E-23
 -3.768  0.1178E-23
 -3.758  0.4109E-24
 -3.748  0.1417E-24
 -3.738  0.4837E-25
 -3.728  0.1633E-25
 -3.718  0.5452E-26
 -3.708  0.1801E-26
 -3.698  0.5887E-27
 -3.688  0.1903E-27
 -3.678  0.6086E-28
 -3.668  0.1926E-28
 -3.658  0.6027E-29
 -3.648  0.1866E-29
 -3.638  0.5716E-30
 -3.628  0.1732E-30
 -3.618  0.5191E-31
 -3.608  0.1539E-31
 -3.598  0.4516E-32
 -3.588  0.1310E-32
 -3.578  0.3762E-33
 -3.568  0.1068E-33
 -3.558  0.3001E-34
 -3.548  0.8340E-35
 -3.538  0.2293E-35
 -3.528  0.6236E-36
 -3.518  0.1678E-36
 -3.508  0.4466E-37
 -3.498  0.1176E-37
 -3.488  0.3063E-38
 -3.478  0.7892E-39
 -3.468  0.2012E-39
 -3.458  0.5073E-40
 -3.448  0.1265E-40
 -3.438  0.3123E-41
 -3.428  0.7623E-42
 -3.418  0.1841E-42
 -3.408  0.4398E-43
 -3.398  0.1039E-43
 -3.388  0.2430E-44
 -3.378  0.5621E-45
 -3.368  0.1286E-45
 -3.358  0.2911E-46
 -3.348  0.6518E-47
 -3.338  0.1444E-47
 -3.328  0.3163E-48
 -3.318  0.6857E-49
 -3.308  0.1470E-49
 -3.298  0.3119E-50
 -3.288  0.6546E-51
 -3.278  0.1359E-51
 -3.268  0.2791E-52
 -3.258  0.5670E-53
 -3.248  0.1140E-53
 -3.238  0.2266E-54
 -3.228  0.4456E-55
 -3.218  0.8670E-56
 -3.208  0.1669E-56
 -3.198  0.3178E-57
 -3.188  0.5986E-58
 -3.178  0.1115E-58
 -3.168  0.2056E-59
 -3.158  0.3749E-60
 -3.148  0.6764E-61
 -3.138  0.1207E-61
 -3.128  0.2131E-62
 -3.118  0.3722E-63
 -3.108  0.6430E-64
 -3.098  0.1099E-64
 -3.088  0.1858E-65
 -3.078  0.3108E-66
 -3.068  0.5142E-67
 -3.058  0.8416E-68
 -3.048  0.1363E-68
 -3.038  0.2183E-69
 -3.028  0.3459E-70
 -3.018  0.5423E-71
 -3.008  0.8410E-72
 -2.998  0.1294E-72
 -2.988  0.2236E-73
 -2.978  0.2136E-73
 -2.968  0.1212E-72
 -2.958  0.7839E-72
 -2.948  0.5031E-71
 -2.938  0.3194E-70
 -2.928  0.2006E-69
 -2.918  0.1247E-68
 -2.908  0.7663E-68
 -2.898  0.4660E-67
 -2.888  0.2803E-66
 -2.878  0.1668E-65
 -2.868  0.9820E-65
 -2.858  0.5719E-64
 -2.848  0.3295E-63
 -2.838  0.1878E-62
 -2.828  0.1059E-61
 -2.818  0.5904E-61
 -2.808  0.3257E-60
 -2.798  0.1778E-59
 -2.788  0.9600E-59
 -2.778  0.5128E-58
 -2.768  0.2710E-57
 -2.758  0.1416E-56
 -2.748  0.7324E-56
 -2.738  0.3747E-55
 -2.728  0.1896E-54
 -2.718  0.9491E-54
 -2.708  0.4700E-53
 -2.698  0.2303E-52
 -2.688  0.1116E-51
 -2.678  0.5351E-51
 -2.668  0.2538E-50
 -2.658  0.1191E-49
 -2.648  0.5527E-49
 -2.638  0.2538E-48
 -2.628  0.1153E-47
 -2.618  0.5180E-47
 -2.608  0.2302E-46
 -2.598  0.1012E-45
 -2.588  0.4404E-45
 -2.578  0.1895E-44
 -2.568  0.8069E-44
 -2.558  0.3398E-43
 -2.548  0.1416E-42
 -2.538  0.5835E-42
 -2.528  0.2379E-41
 -2.518  0.9595E-41
 -2.508  0.3828E-40
 -2.498  0.1511E-39
 -2.488  0.5900E-39
 -2.478  0.2279E-38
 -2.468  0.8709E-38
 -2.458  0.3292E-37
 -2.448  0.1231E-36
 -2.438  0.4554E-36
 -2.428  0.1667E-35
 -2.418  0.6034E-35
 -2.408  0.2161E-34
 -2.398  0.7656E-34
 -2.388  0.2683E-33
 -2.378  0.9303E-33
 -2.368  0.3191E-32
 -2.358  0.1083E-31
 -2.348  0.3634E-31
 -2.338  0.1207E-30
 -2.328  0.3964E-30
 -2.318  0.1288E-29
 -2.308  0.4140E-29
 -2.298  0.1317E-28
 -2.288  0.4142E-28
 -2.278  0.1289E-27
 -2.268  0.3968E-27
 -2.258  0.1209E-26
 -2.248  0.3641E-26
 -2.238  0.1085E-25
 -2.228  0.3200E-25
 -2.218  0.9333E-25
 -2.208  0.2693E-24
 -2.198  0.7687E-24
 -2.188  0.2170E-23
 -2.178  0.6063E-23
 -2.168  0.1675E-22
 -2.158  0.4580E-22
 -2.148  0.1239E-21
 -2.138  0.3313E-21
 -2.128  0.8769E-21
 -2.118  0.2296E-20
 -2.108  0.5946E-20
 -2.098  0.1523E-19
 -2.088  0.3861E-19
 -2.078  0.9681E-19
 -2.068  0.2401E-18
 -2.058  0.5892E-18
 -2.048  0.1430E-17
 -2.038  0.3434E-17
 -2.028  0.8158E-17
 -2.018  0.1917E-16
 -2.008  0.4457E-16
 -1.998  0.1025E-15
 -1.988  0.2332E-15
 -1.978  0.5248E-15
 -1.968  0.1168E-14
 -1.958  0.2573E-14
 -1.948  0.5607E-14
 -1.938  0.1209E-13
 -1.928  0.2577E-13
 -1.918  0.5436E-13
 -1.908  0.1134E-12
 -1.898  0.2342E-12
 -1.888  0.4782E-12
 -1.878  0.9661E-12
 -1.868  0.1931E-11
 -1.858  0.3817E-11
 -1.848  0.7466E-11
 -1.838  0.1445E-10
 -1.828  0.2765E-10
 -1.818  0.5236E-10
 -1.808  0.9809E-10
 -1.798  0.1818E-09
 -1.788  0.3333E-09
 -1.778  0.6045E-09
 -1.768  0.1085E-08
 -1.758  0.1925E-08
 -1.748  0.3381E-08
 -1.738  0.5874E-08
 -1.728  0.1010E-07
 -1.718  0.1717E-07
 -1.708  0.2888E-07
 -1.698  0.4806E-07
 -1.688  0.7913E-07
 -1.678  0.1289E-06
 -1.668  0.2078E-06
 -1.658  0.3313E-06
 -1.648  0.5227E-06
 -1.638  0.8159E-06
 -1.628  0.1260E-05
 -1.618  0.1926E-05
 -1.608  0.2912E-05
 -1.598  0.4357E-05
 -1.588  0.6451E-05
 -1.578  0.9452E-05
 -1.568  0.1371E-04
 -1.558  0.1967E-04
 -1.548  0.2793E-04
 -1.538  0.3926E-04
 -1.528  0.5461E-04
 -1.518  0.7521E-04
 -1.508  0.1025E-03
 -1.498  0.1384E-03
 -1.488  0.1849E-03
 -1.478  0.2446E-03
 -1.468  0.3205E-03
 -1.458  0.4159E-03
 -1.448  0.5345E-03
 -1.438  0.6805E-03
 -1.428  0.8584E-03
 -1.418  0.1073E-02
 -1.408  0.1329E-02
 -1.398  0.1631E-02
 -1.388  0.1985E-02
 -1.378  0.2394E-02
 -1.368  0.2865E-02
 -1.358  0.3399E-02
 -1.348  0.4000E-02
 -1.338  0.4670E-02
 -1.328  0.5409E-02
 -1.318  0.6218E-02
 -1.308  0.7093E-02
 -1.298  0.8030E-02
 -1.288  0.9025E-02
 -1.278  0.1007E-01
 -1.268  0.1115E-01
 -1.258  0.1225E-01
 -1.248  0.1337E-01
 -1.238  0.1448E-01
 -1.228  0.1557E-01
 -1.218  0.1662E-01
 -1.208  0.1760E-01
 -1.198  0.1849E-01
 -1.188  0.1928E-01
 -1.178  0.1994E-01
 -1.168  0.2045E-01
 -1.158  0.2080E-01
 -1.148  0.2098E-01
 -1.138  0.2099E-01
 -1.128  0.2080E-01
 -1.118  0.2044E-01
 -1.108  0.1990E-01
 -1.098  0.1920E-01
 -1.088  0.1835E-01
 -1.078  0.1737E-01
 -1.068  0.1629E-01
 -1.058  0.1513E-01
 -1.048  0.1391E-01
 -1.038  0.1267E-01
 -1.028  0.1143E-01
 -1.018  0.1020E-01
 -1.008  0.9015E-02
 -0.998  0.7889E-02
 -0.988  0.6836E-02
 -0.978  0.5867E-02
 -0.968  0.4989E-02
 -0.958  0.4206E-02
 -0.948  0.3520E-02
 -0.938  0.2932E-02
 -0.928  0.2437E-02
 -0.918  0.2033E-02
 -0.908  0.1717E-02
 -0.898  0.1484E-02
 -0.888  0.1330E-02
 -0.878  0.1254E-02
 -0.868  0.1253E-02
 -0.858  0.1326E-02
 -0.848  0.1473E-02
 -0.838  0.1695E-02
 -0.828  0.1994E-02
 -0.818  0.2372E-02
 -0.808  0.2829E-02
 -0.798  0.3368E-02
 -0.788  0.3988E-02
 -0.778  0.4688E-02
 -0.768  0.5463E-02
 -0.758  0.6309E-02
 -0.748  0.7216E-02
 -0.738  0.8176E-02
 -0.728  0.9175E-02
 -0.718  0.1020E-01
 -0.708  0.1123E-01
 -0.698  0.1226E-01
 -0.688  0.1327E-01
 -0.678  0.1424E-01
 -0.668  0.1516E-01
 -0.658  0.1603E-01
 -0.648  0.1685E-01
 -0.638  0.1760E-01
 -0.628  0.1831E-01
 -0.618  0.1897E-01
 -0.608  0.1960E-01
 -0.598  0.2023E-01
 -0.588  0.2086E-01
 -0.578  0.2152E-01
 -0.568  0.2223E-01
 -0.558  0.2300E-01
 -0.548  0.2385E-01
 -0.538  0.2477E-01
 -0.528  0.2578E-01
 -0.518  0.2685E-01
 -0.508  0.2797E-01
 -0.498  0.2912E-01
 -0.488  0.3026E-01
 -0.478  0.3136E-01
 -0.468  0.3238E-01
 -0.458  0.3328E-01
 -0.448  0.3402E-01
 -0.438  0.3456E-01
 -0.428  0.3488E-01
 -0.418  0.3494E-01
 -0.408  0.3474E-01
 -0.398  0.3426E-01
 -0.388  0.3352E-01
 -0.378  0.3252E-01
 -0.368  0.3130E-01
 -0.358  0.2988E-01
 -0.348  0.2829E-01
 -0.338  0.2659E-01
 -0.328  0.2480E-01
 -0.318  0.2298E-01
 -0.308  0.2117E-01
 -0.298  0.1940E-01
 -0.288  0.1771E-01
 -0.278  0.1611E-01
 -0.268  0.1464E-01
 -0.258  0.1331E-01
 -0.248  0.1211E-01
 -0.238  0.1106E-01
 -0.228  0.1014E-01
 -0.218  0.9350E-02
 -0.208  0.8674E-02
 -0.198  0.8097E-02
 -0.188  0.7603E-02
 -0.178  0.7176E-02
 -0.168  0.6800E-02
 -0.158  0.6463E-02
 -0.148  0.6153E-02
 -0.138  0.5862E-02
 -0.128  0.5586E-02
 -0.118  0.5321E-02
 -0.108  0.5069E-02
 -0.098  0.4833E-02
 -0.088  0.4618E-02
 -0.078  0.4432E-02
 -0.068  0.4284E-02
 -0.058  0.4182E-02
 -0.048  0.4136E-02
 -0.038  0.4156E-02
 -0.028  0.4248E-02
 -0.018  0.4420E-02
 -0.008  0.4676E-02
  0.002  0.5020E-02
  0.012  0.5453E-02
  0.022  0.5972E-02
  0.032  0.6573E-02
  0.042  0.7251E-02
  0.052  0.7996E-02
  0.062  0.8797E-02
  0.072  0.9641E-02
  0.082  0.1051E-01
  0.092  0.1140E-01
  0.102  0.1228E-01
  0.112  0.1314E-01
  0.122  0.1396E-01
  0.132  0.1473E-01
  0.142  0.1543E-01
  0.152  0.1604E-01
  0.162  0.1656E-01
  0.172  0.1698E-01
  0.182  0.1728E-01
  0.192  0.1746E-01
  0.202  0.1753E-01
  0.212  0.1749E-01
  0.222  0.1733E-01
  0.232  0.1707E-01
  0.242  0.1672E-01
  0.252  0.1628E-01
  0.262  0.1578E-01
  0.272  0.1523E-01
  0.282  0.1464E-01
  0.292  0.1403E-01
  0.302  0.1341E-01
  0.312  0.1279E-01
  0.322  0.1220E-01
  0.332  0.1163E-01
  0.342  0.1108E-01
  0.352  0.1057E-01
  0.362  0.1010E-01
  0.372  0.9655E-02
  0.382  0.9239E-02
  0.392  0.8845E-02
  0.402  0.8468E-02
  0.412  0.8100E-02
  0.422  0.7735E-02
  0.432  0.7368E-02
  0.442  0.6995E-02
  0.452  0.6611E-02
  0.462  0.6216E-02
  0.472  0.5809E-02
  0.482  0.5393E-02
  0.492  0.4970E-02
  0.502  0.4545E-02
  0.512  0.4122E-02
  0.522  0.3705E-02
  0.532  0.3301E-02
  0.542  0.2913E-02
  0.552  0.2547E-02
  0.562  0.2205E-02
  0.572  0.1890E-02
  0.582  0.1603E-02
  0.592  0.1347E-02
  0.602  0.1120E-02
  0.612  0.9213E-03
  0.622  0.7502E-03
  0.632  0.6045E-03
  0.642  0.4821E-03
  0.652  0.3804E-03
  0.662  0.2970E-03
  0.672  0.2294E-03
  0.682  0.1754E-03
  0.692  0.1326E-03
  0.702  0.9926E-04
  0.712  0.7349E-04
  0.722  0.5383E-04
  0.732  0.3902E-04
  0.742  0.2798E-04
  0.752  0.1985E-04
  0.762  0.1393E-04
  0.772  0.9677E-05
  0.782  0.6649E-05
  0.792  0.4520E-05
  0.802  0.3040E-05
  0.812  0.2023E-05
  0.822  0.1332E-05
  0.832  0.8674E-06
  0.842  0.5590E-06
