 -5.548  0.9134E-08
 -5.538  0.1412E-07
 -5.528  0.2161E-07
 -5.518  0.3270E-07
 -5.508  0.4896E-07
 -5.498  0.7252E-07
 -5.488  0.1063E-06
 -5.478  0.1541E-06
 -5.468  0.2211E-06
 -5.458  0.3138E-06
 -5.448  0.4407E-06
 -5.438  0.6124E-06
 -5.428  0.8420E-06
 -5.418  0.1146E-05
 -5.408  0.1543E-05
 -5.398  0.2057E-05
 -5.388  0.2713E-05
 -5.378  0.3543E-05
 -5.368  0.4580E-05
 -5.358  0.5863E-05
 -5.348  0.7432E-05
 -5.338  0.9331E-05
 -5.328  0.1161E-04
 -5.318  0.1430E-04
 -5.308  0.1748E-04
 -5.298  0.2117E-04
 -5.288  0.2543E-04
 -5.278  0.3031E-04
 -5.268  0.3586E-04
 -5.258  0.4214E-04
 -5.248  0.4919E-04
 -5.238  0.5709E-04
 -5.228  0.6589E-04
 -5.218  0.7567E-04
 -5.208  0.8652E-04
 -5.198  0.9854E-04
 -5.188  0.1118E-03
 -5.178  0.1264E-03
 -5.168  0.1426E-03
 -5.158  0.1602E-03
 -5.148  0.1796E-03
 -5.138  0.2006E-03
 -5.128  0.2234E-03
 -5.118  0.2479E-03
 -5.108  0.2740E-03
 -5.098  0.3016E-03
 -5.088  0.3305E-03
 -5.078  0.3603E-03
 -5.068  0.3907E-03
 -5.058  0.4212E-03
 -5.048  0.4514E-03
 -5.038  0.4808E-03
 -5.028  0.5088E-03
 -5.018  0.5350E-03
 -5.008  0.5587E-03
 -4.998  0.5798E-03
 -4.988  0.5976E-03
 -4.978  0.6122E-03
 -4.968  0.6232E-03
 -4.958  0.6306E-03
 -4.948  0.6346E-03
 -4.938  0.6353E-03
 -4.928  0.6329E-03
 -4.918  0.6277E-03
 -4.908  0.6202E-03
 -4.898  0.6107E-03
 -4.888  0.5996E-03
 -4.878  0.5872E-03
 -4.868  0.5741E-03
 -4.858  0.5603E-03
 -4.848  0.5462E-03
 -4.838  0.5319E-03
 -4.828  0.5175E-03
 -4.818  0.5030E-03
 -4.808  0.4884E-03
 -4.798  0.4737E-03
 -4.788  0.4586E-03
 -4.778  0.4431E-03
 -4.768  0.4271E-03
 -4.758  0.4104E-03
 -4.748  0.3929E-03
 -4.738  0.3745E-03
 -4.728  0.3553E-03
 -4.718  0.3353E-03
 -4.708  0.3145E-03
 -4.698  0.2931E-03
 -4.688  0.2713E-03
 -4.678  0.2493E-03
 -4.668  0.2273E-03
 -4.658  0.2056E-03
 -4.648  0.1843E-03
 -4.638  0.1639E-03
 -4.628  0.1444E-03
 -4.618  0.1261E-03
 -4.608  0.1090E-03
 -4.598  0.9341E-04
 -4.588  0.7925E-04
 -4.578  0.6657E-04
 -4.568  0.5537E-04
 -4.558  0.4559E-04
 -4.548  0.3716E-04
 -4.538  0.2998E-04
 -4.528  0.2394E-04
 -4.518  0.1892E-04
 -4.508  0.1479E-04
 -4.498  0.1145E-04
 -4.488  0.8768E-05
 -4.478  0.6644E-05
 -4.468  0.4981E-05
 -4.458  0.3695E-05
 -4.448  0.2712E-05
 -4.438  0.1970E-05
 -4.428  0.1415E-05
 -4.418  0.1006E-05
 -4.408  0.7076E-06
 -4.398  0.4923E-06
 -4.388  0.3389E-06
 -4.378  0.2308E-06
 -4.368  0.1555E-06
 -4.358  0.1036E-06
 -4.348  0.6834E-07
 -4.338  0.4458E-07
 -4.328  0.2877E-07
 -4.318  0.1837E-07
 -4.308  0.1160E-07
 -4.298  0.7248E-08
 -4.288  0.4480E-08
 -4.278  0.2739E-08
 -4.268  0.1657E-08
 -4.258  0.9916E-09
 -4.248  0.5870E-09
 -4.238  0.3438E-09
 -4.228  0.1992E-09
 -4.218  0.1142E-09
 -4.208  0.6472E-10
 -4.198  0.3630E-10
 -4.188  0.2014E-10
 -4.178  0.1106E-10
 -4.168  0.6004E-11
 -4.158  0.3225E-11
 -4.148  0.1714E-11
 -4.138  0.9009E-12
 -4.128  0.4685E-12
 -4.118  0.2410E-12
 -4.108  0.1227E-12
 -4.098  0.6176E-13
 -4.088  0.3076E-13
 -4.078  0.1516E-13
 -4.068  0.7387E-14
 -4.058  0.3562E-14
 -4.048  0.1699E-14
 -4.038  0.8016E-15
 -4.028  0.3742E-15
 -4.018  0.1728E-15
 -4.008  0.7894E-16
 -3.998  0.3567E-16
 -3.988  0.1595E-16
 -3.978  0.7053E-17
 -3.968  0.3086E-17
 -3.958  0.1335E-17
 -3.948  0.5717E-18
 -3.938  0.2422E-18
 -3.928  0.1015E-18
 -3.918  0.4206E-19
 -3.908  0.1724E-19
 -3.898  0.6995E-20
 -3.888  0.2807E-20
 -3.878  0.1114E-20
 -3.868  0.4375E-21
 -3.858  0.1700E-21
 -3.848  0.6532E-22
 -3.838  0.2483E-22
 -3.828  0.9339E-23
 -3.818  0.3475E-23
 -3.808  0.1279E-23
 -3.798  0.4656E-24
 -3.788  0.1677E-24
 -3.778  0.5975E-25
 -3.768  0.2106E-25
 -3.758  0.7344E-26
 -3.748  0.2533E-26
 -3.738  0.8645E-27
 -3.728  0.2918E-27
 -3.718  0.9745E-28
 -3.708  0.3219E-28
 -3.698  0.1052E-28
 -3.688  0.3401E-29
 -3.678  0.1088E-29
 -3.668  0.3442E-30
 -3.658  0.1077E-30
 -3.648  0.3335E-31
 -3.638  0.1022E-31
 -3.628  0.3095E-32
 -3.618  0.9279E-33
 -3.608  0.2751E-33
 -3.598  0.8071E-34
 -3.588  0.2342E-34
 -3.578  0.6723E-35
 -3.568  0.1909E-35
 -3.558  0.5364E-36
 -3.548  0.1491E-36
 -3.538  0.4098E-37
 -3.528  0.1115E-37
 -3.518  0.2999E-38
 -3.508  0.7982E-39
 -3.498  0.2102E-39
 -3.488  0.5474E-40
 -3.478  0.1411E-40
 -3.468  0.3595E-41
 -3.458  0.9067E-42
 -3.448  0.2262E-42
 -3.438  0.5581E-43
 -3.428  0.1362E-43
 -3.418  0.3290E-44
 -3.408  0.7861E-45
 -3.398  0.1858E-45
 -3.388  0.4343E-46
 -3.378  0.1005E-46
 -3.368  0.2298E-47
 -3.358  0.5202E-48
 -3.348  0.1165E-48
 -3.338  0.2580E-49
 -3.328  0.5654E-50
 -3.318  0.1226E-50
 -3.308  0.2628E-51
 -3.298  0.5575E-52
 -3.288  0.1170E-52
 -3.278  0.2429E-53
 -3.268  0.4988E-54
 -3.258  0.1013E-54
 -3.248  0.2037E-55
 -3.238  0.4049E-56
 -3.228  0.7964E-57
 -3.218  0.1550E-57
 -3.208  0.2983E-58
 -3.198  0.5679E-59
 -3.188  0.1070E-59
 -3.178  0.1993E-60
 -3.168  0.3674E-61
 -3.158  0.6701E-62
 -3.148  0.1209E-62
 -3.138  0.2157E-63
 -3.128  0.3808E-64
 -3.118  0.6651E-65
 -3.108  0.1149E-65
 -3.098  0.1964E-66
 -3.088  0.3320E-67
 -3.078  0.5554E-68
 -3.068  0.9189E-69
 -3.058  0.1504E-69
 -3.048  0.2435E-70
 -3.038  0.3901E-71
 -3.028  0.6182E-72
 -3.018  0.9691E-73
 -3.008  0.1503E-73
 -2.998  0.2321E-74
 -2.988  0.4534E-75
 -2.978  0.7387E-75
 -2.968  0.4508E-74
 -2.958  0.2920E-73
 -2.948  0.1874E-72
 -2.938  0.1190E-71
 -2.928  0.7473E-71
 -2.918  0.4644E-70
 -2.908  0.2854E-69
 -2.898  0.1736E-68
 -2.888  0.1044E-67
 -2.878  0.6214E-67
 -2.868  0.3658E-66
 -2.858  0.2130E-65
 -2.848  0.1227E-64
 -2.838  0.6994E-64
 -2.828  0.3943E-63
 -2.818  0.2199E-62
 -2.808  0.1213E-61
 -2.798  0.6623E-61
 -2.788  0.3576E-60
 -2.778  0.1910E-59
 -2.768  0.1009E-58
 -2.758  0.5276E-58
 -2.748  0.2728E-57
 -2.738  0.1396E-56
 -2.728  0.7062E-56
 -2.718  0.3536E-55
 -2.708  0.1751E-54
 -2.698  0.8578E-54
 -2.688  0.4157E-53
 -2.678  0.1993E-52
 -2.668  0.9453E-52
 -2.658  0.4435E-51
 -2.648  0.2059E-50
 -2.638  0.9453E-50
 -2.628  0.4294E-49
 -2.618  0.1929E-48
 -2.608  0.8577E-48
 -2.598  0.3771E-47
 -2.588  0.1641E-46
 -2.578  0.7060E-46
 -2.568  0.3006E-45
 -2.558  0.1266E-44
 -2.548  0.5274E-44
 -2.538  0.2174E-43
 -2.528  0.8862E-43
 -2.518  0.3574E-42
 -2.508  0.1426E-41
 -2.498  0.5629E-41
 -2.488  0.2198E-40
 -2.478  0.8490E-40
 -2.468  0.3244E-39
 -2.458  0.1226E-38
 -2.448  0.4586E-38
 -2.438  0.1696E-37
 -2.428  0.6208E-37
 -2.418  0.2248E-36
 -2.408  0.8049E-36
 -2.398  0.2852E-35
 -2.388  0.9995E-35
 -2.378  0.3465E-34
 -2.368  0.1189E-33
 -2.358  0.4033E-33
 -2.348  0.1354E-32
 -2.338  0.4495E-32
 -2.328  0.1476E-31
 -2.318  0.4798E-31
 -2.308  0.1542E-30
 -2.298  0.4904E-30
 -2.288  0.1543E-29
 -2.278  0.4802E-29
 -2.268  0.1478E-28
 -2.258  0.4502E-28
 -2.248  0.1356E-27
 -2.238  0.4043E-27
 -2.228  0.1192E-26
 -2.218  0.3477E-26
 -2.208  0.1003E-25
 -2.198  0.2863E-25
 -2.188  0.8085E-25
 -2.178  0.2258E-24
 -2.168  0.6241E-24
 -2.158  0.1706E-23
 -2.148  0.4614E-23
 -2.138  0.1234E-22
 -2.128  0.3267E-22
 -2.118  0.8552E-22
 -2.108  0.2215E-21
 -2.098  0.5675E-21
 -2.088  0.1438E-20
 -2.078  0.3606E-20
 -2.068  0.8945E-20
 -2.058  0.2195E-19
 -2.048  0.5328E-19
 -2.038  0.1279E-18
 -2.028  0.3039E-18
 -2.018  0.7142E-18
 -2.008  0.1660E-17
 -1.998  0.3818E-17
 -1.988  0.8687E-17
 -1.978  0.1955E-16
 -1.968  0.4353E-16
 -1.958  0.9588E-16
 -1.948  0.2089E-15
 -1.938  0.4503E-15
 -1.928  0.9603E-15
 -1.918  0.2026E-14
 -1.908  0.4227E-14
 -1.898  0.8727E-14
 -1.888  0.1782E-13
 -1.878  0.3601E-13
 -1.868  0.7197E-13
 -1.858  0.1423E-12
 -1.848  0.2784E-12
 -1.838  0.5387E-12
 -1.828  0.1031E-11
 -1.818  0.1953E-11
 -1.808  0.3659E-11
 -1.798  0.6782E-11
 -1.788  0.1244E-10
 -1.778  0.2256E-10
 -1.768  0.4049E-10
 -1.758  0.7189E-10
 -1.748  0.1263E-09
 -1.738  0.2195E-09
 -1.728  0.3773E-09
 -1.718  0.6419E-09
 -1.708  0.1080E-08
 -1.698  0.1799E-08
 -1.688  0.2963E-08
 -1.678  0.4830E-08
 -1.668  0.7790E-08
 -1.658  0.1243E-07
 -1.648  0.1963E-07
 -1.638  0.3067E-07
 -1.628  0.4742E-07
 -1.618  0.7255E-07
 -1.608  0.1098E-06
 -1.598  0.1646E-06
 -1.588  0.2441E-06
 -1.578  0.3582E-06
 -1.568  0.5204E-06
 -1.558  0.7484E-06
 -1.548  0.1065E-05
 -1.538  0.1501E-05
 -1.528  0.2095E-05
 -1.518  0.2894E-05
 -1.508  0.3958E-05
 -1.498  0.5363E-05
 -1.488  0.7196E-05
 -1.478  0.9564E-05
 -1.468  0.1259E-04
 -1.458  0.1643E-04
 -1.448  0.2124E-04
 -1.438  0.2721E-04
 -1.428  0.3456E-04
 -1.418  0.4351E-04
 -1.408  0.5431E-04
 -1.398  0.6722E-04
 -1.388  0.8252E-04
 -1.378  0.1005E-03
 -1.368  0.1214E-03
 -1.358  0.1455E-03
 -1.348  0.1730E-03
 -1.338  0.2042E-03
 -1.328  0.2392E-03
 -1.318  0.2780E-03
 -1.308  0.3207E-03
 -1.298  0.3673E-03
 -1.288  0.4175E-03
 -1.278  0.4709E-03
 -1.268  0.5272E-03
 -1.258  0.5857E-03
 -1.248  0.6457E-03
 -1.238  0.7063E-03
 -1.228  0.7665E-03
 -1.218  0.8251E-03
 -1.208  0.8809E-03
 -1.198  0.9326E-03
 -1.188  0.9791E-03
 -1.178  0.1019E-02
 -1.168  0.1051E-02
 -1.158  0.1075E-02
 -1.148  0.1089E-02
 -1.138  0.1094E-02
 -1.128  0.1088E-02
 -1.118  0.1072E-02
 -1.108  0.1046E-02
 -1.098  0.1011E-02
 -1.088  0.9682E-03
 -1.078  0.9178E-03
 -1.068  0.8613E-03
 -1.058  0.8003E-03
 -1.048  0.7362E-03
 -1.038  0.6704E-03
 -1.028  0.6043E-03
 -1.018  0.5392E-03
 -1.008  0.4763E-03
 -0.998  0.4165E-03
 -0.988  0.3607E-03
 -0.978  0.3094E-03
 -0.968  0.2631E-03
 -0.958  0.2220E-03
 -0.948  0.1863E-03
 -0.938  0.1559E-03
 -0.928  0.1309E-03
 -0.918  0.1109E-03
 -0.908  0.9607E-04
 -0.898  0.8615E-04
 -0.888  0.8109E-04
 -0.878  0.8091E-04
 -0.868  0.8565E-04
 -0.858  0.9545E-04
 -0.848  0.1105E-03
 -0.838  0.1311E-03
 -0.828  0.1574E-03
 -0.818  0.1899E-03
 -0.808  0.2287E-03
 -0.798  0.2741E-03
 -0.788  0.3262E-03
 -0.778  0.3849E-03
 -0.768  0.4500E-03
 -0.758  0.5212E-03
 -0.748  0.5978E-03
 -0.738  0.6791E-03
 -0.728  0.7640E-03
 -0.718  0.8513E-03
 -0.708  0.9396E-03
 -0.698  0.1028E-02
 -0.688  0.1114E-02
 -0.678  0.1197E-02
 -0.668  0.1276E-02
 -0.658  0.1350E-02
 -0.648  0.1418E-02
 -0.638  0.1479E-02
 -0.628  0.1535E-02
 -0.618  0.1585E-02
 -0.608  0.1630E-02
 -0.598  0.1672E-02
 -0.588  0.1712E-02
 -0.578  0.1751E-02
 -0.568  0.1791E-02
 -0.558  0.1834E-02
 -0.548  0.1881E-02
 -0.538  0.1934E-02
 -0.528  0.1992E-02
 -0.518  0.2055E-02
 -0.508  0.2124E-02
 -0.498  0.2196E-02
 -0.488  0.2271E-02
 -0.478  0.2346E-02
 -0.468  0.2418E-02
 -0.458  0.2484E-02
 -0.448  0.2543E-02
 -0.438  0.2590E-02
 -0.428  0.2622E-02
 -0.418  0.2639E-02
 -0.408  0.2638E-02
 -0.398  0.2618E-02
 -0.388  0.2578E-02
 -0.378  0.2519E-02
 -0.368  0.2442E-02
 -0.358  0.2348E-02
 -0.348  0.2240E-02
 -0.338  0.2120E-02
 -0.328  0.1990E-02
 -0.318  0.1855E-02
 -0.308  0.1717E-02
 -0.298  0.1579E-02
 -0.288  0.1444E-02
 -0.278  0.1313E-02
 -0.268  0.1190E-02
 -0.258  0.1075E-02
 -0.248  0.9694E-03
 -0.238  0.8738E-03
 -0.228  0.7883E-03
 -0.218  0.7127E-03
 -0.208  0.6465E-03
 -0.198  0.5889E-03
 -0.188  0.5390E-03
 -0.178  0.4958E-03
 -0.168  0.4585E-03
 -0.158  0.4260E-03
 -0.148  0.3977E-03
 -0.138  0.3729E-03
 -0.128  0.3511E-03
 -0.118  0.3321E-03
 -0.108  0.3158E-03
 -0.098  0.3025E-03
 -0.088  0.2923E-03
 -0.078  0.2857E-03
 -0.068  0.2834E-03
 -0.058  0.2859E-03
 -0.048  0.2939E-03
 -0.038  0.3081E-03
 -0.028  0.3291E-03
 -0.018  0.3576E-03
 -0.008  0.3939E-03
  0.002  0.4384E-03
  0.012  0.4914E-03
  0.022  0.5527E-03
  0.032  0.6221E-03
  0.042  0.6994E-03
  0.052  0.7837E-03
  0.062  0.8744E-03
  0.072  0.9703E-03
  0.082  0.1070E-02
  0.092  0.1173E-02
  0.102  0.1276E-02
  0.112  0.1379E-02
  0.122  0.1480E-02
  0.132  0.1577E-02
  0.142  0.1668E-02
  0.152  0.1752E-02
  0.162  0.1827E-02
  0.172  0.1893E-02
  0.182  0.1947E-02
  0.192  0.1991E-02
  0.202  0.2023E-02
  0.212  0.2043E-02
  0.222  0.2052E-02
  0.232  0.2050E-02
  0.242  0.2039E-02
  0.252  0.2020E-02
  0.262  0.1995E-02
  0.272  0.1964E-02
  0.282  0.1931E-02
  0.292  0.1896E-02
  0.302  0.1861E-02
  0.312  0.1826E-02
  0.322  0.1794E-02
  0.332  0.1764E-02
  0.342  0.1736E-02
  0.352  0.1710E-02
  0.362  0.1686E-02
  0.372  0.1662E-02
  0.382  0.1637E-02
  0.392  0.1611E-02
  0.402  0.1581E-02
  0.412  0.1547E-02
  0.422  0.1507E-02
  0.432  0.1460E-02
  0.442  0.1407E-02
  0.452  0.1347E-02
  0.462  0.1280E-02
  0.472  0.1207E-02
  0.482  0.1129E-02
  0.492  0.1047E-02
  0.502  0.9623E-03
  0.512  0.8761E-03
  0.522  0.7901E-03
  0.532  0.7057E-03
  0.542  0.6240E-03
  0.552  0.5463E-03
  0.562  0.4735E-03
  0.572  0.4061E-03
  0.582  0.3448E-03
  0.592  0.2897E-03
  0.602  0.2409E-03
  0.612  0.1982E-03
  0.622  0.1613E-03
  0.632  0.1300E-03
  0.642  0.1036E-03
  0.652  0.8171E-04
  0.662  0.6377E-04
  0.672  0.4924E-04
  0.682  0.3762E-04
  0.692  0.2843E-04
  0.702  0.2126E-04
  0.712  0.1573E-04
  0.722  0.1152E-04
  0.732  0.8342E-05
  0.742  0.5978E-05
  0.752  0.4238E-05
  0.762  0.2973E-05
  0.772  0.2063E-05
  0.782  0.1417E-05
  0.792  0.9624E-06
  0.802  0.6468E-06
  0.812  0.4301E-06
  0.822  0.2830E-06
  0.832  0.1842E-06
  0.842  0.1186E-06
