 -5.548  0.2371E-07
 -5.538  0.3665E-07
 -5.528  0.5607E-07
 -5.518  0.8485E-07
 -5.508  0.1270E-06
 -5.498  0.1882E-06
 -5.488  0.2757E-06
 -5.478  0.3997E-06
 -5.468  0.5733E-06
 -5.458  0.8137E-06
 -5.448  0.1142E-05
 -5.438  0.1587E-05
 -5.428  0.2182E-05
 -5.418  0.2968E-05
 -5.408  0.3996E-05
 -5.398  0.5323E-05
 -5.388  0.7019E-05
 -5.378  0.9159E-05
 -5.368  0.1183E-04
 -5.358  0.1513E-04
 -5.348  0.1916E-04
 -5.338  0.2403E-04
 -5.328  0.2985E-04
 -5.318  0.3673E-04
 -5.308  0.4478E-04
 -5.298  0.5413E-04
 -5.288  0.6486E-04
 -5.278  0.7709E-04
 -5.268  0.9091E-04
 -5.258  0.1064E-03
 -5.248  0.1237E-03
 -5.238  0.1429E-03
 -5.228  0.1641E-03
 -5.218  0.1875E-03
 -5.208  0.2131E-03
 -5.198  0.2413E-03
 -5.188  0.2721E-03
 -5.178  0.3059E-03
 -5.168  0.3428E-03
 -5.158  0.3834E-03
 -5.148  0.4277E-03
 -5.138  0.4764E-03
 -5.128  0.5297E-03
 -5.118  0.5882E-03
 -5.108  0.6524E-03
 -5.098  0.7231E-03
 -5.088  0.8012E-03
 -5.078  0.8879E-03
 -5.068  0.9849E-03
 -5.058  0.1095E-02
 -5.048  0.1220E-02
 -5.038  0.1365E-02
 -5.028  0.1534E-02
 -5.018  0.1735E-02
 -5.008  0.1975E-02
 -4.998  0.2263E-02
 -4.988  0.2612E-02
 -4.978  0.3034E-02
 -4.968  0.3543E-02
 -4.958  0.4154E-02
 -4.948  0.4884E-02
 -4.938  0.5749E-02
 -4.928  0.6762E-02
 -4.918  0.7936E-02
 -4.908  0.9282E-02
 -4.898  0.1080E-01
 -4.888  0.1250E-01
 -4.878  0.1437E-01
 -4.868  0.1639E-01
 -4.858  0.1854E-01
 -4.848  0.2080E-01
 -4.838  0.2311E-01
 -4.828  0.2545E-01
 -4.818  0.2775E-01
 -4.808  0.2996E-01
 -4.798  0.3202E-01
 -4.788  0.3388E-01
 -4.778  0.3548E-01
 -4.768  0.3676E-01
 -4.758  0.3770E-01
 -4.748  0.3825E-01
 -4.738  0.3841E-01
 -4.728  0.3816E-01
 -4.718  0.3750E-01
 -4.708  0.3647E-01
 -4.698  0.3509E-01
 -4.688  0.3340E-01
 -4.678  0.3145E-01
 -4.668  0.2930E-01
 -4.658  0.2701E-01
 -4.648  0.2463E-01
 -4.638  0.2222E-01
 -4.628  0.1983E-01
 -4.618  0.1750E-01
 -4.608  0.1529E-01
 -4.598  0.1321E-01
 -4.588  0.1129E-01
 -4.578  0.9545E-02
 -4.568  0.7984E-02
 -4.558  0.6607E-02
 -4.548  0.5409E-02
 -4.538  0.4380E-02
 -4.528  0.3509E-02
 -4.518  0.2781E-02
 -4.508  0.2180E-02
 -4.498  0.1691E-02
 -4.488  0.1298E-02
 -4.478  0.9849E-03
 -4.468  0.7395E-03
 -4.458  0.5493E-03
 -4.448  0.4037E-03
 -4.438  0.2934E-03
 -4.428  0.2110E-03
 -4.418  0.1501E-03
 -4.408  0.1056E-03
 -4.398  0.7355E-04
 -4.388  0.5065E-04
 -4.378  0.3451E-04
 -4.368  0.2326E-04
 -4.358  0.1551E-04
 -4.348  0.1023E-04
 -4.338  0.6675E-05
 -4.328  0.4308E-05
 -4.318  0.2751E-05
 -4.308  0.1738E-05
 -4.298  0.1086E-05
 -4.288  0.6714E-06
 -4.278  0.4106E-06
 -4.268  0.2484E-06
 -4.258  0.1486E-06
 -4.248  0.8801E-07
 -4.238  0.5154E-07
 -4.228  0.2986E-07
 -4.218  0.1712E-07
 -4.208  0.9705E-08
 -4.198  0.5444E-08
 -4.188  0.3021E-08
 -4.178  0.1658E-08
 -4.168  0.9004E-09
 -4.158  0.4837E-09
 -4.148  0.2570E-09
 -4.138  0.1351E-09
 -4.128  0.7027E-10
 -4.118  0.3615E-10
 -4.108  0.1840E-10
 -4.098  0.9263E-11
 -4.088  0.4614E-11
 -4.078  0.2273E-11
 -4.068  0.1108E-11
 -4.058  0.5342E-12
 -4.048  0.2548E-12
 -4.038  0.1202E-12
 -4.028  0.5613E-13
 -4.018  0.2592E-13
 -4.008  0.1184E-13
 -3.998  0.5351E-14
 -3.988  0.2392E-14
 -3.978  0.1058E-14
 -3.968  0.4628E-15
 -3.958  0.2003E-15
 -3.948  0.8576E-16
 -3.938  0.3632E-16
 -3.928  0.1522E-16
 -3.918  0.6309E-17
 -3.908  0.2587E-17
 -3.898  0.1049E-17
 -3.888  0.4210E-18
 -3.878  0.1671E-18
 -3.868  0.6563E-19
 -3.858  0.2550E-19
 -3.848  0.9799E-20
 -3.838  0.3725E-20
 -3.828  0.1401E-20
 -3.818  0.5212E-21
 -3.808  0.1918E-21
 -3.798  0.6985E-22
 -3.788  0.2516E-22
 -3.778  0.8964E-23
 -3.768  0.3160E-23
 -3.758  0.1102E-23
 -3.748  0.3800E-24
 -3.738  0.1297E-24
 -3.728  0.4378E-25
 -3.718  0.1462E-25
 -3.708  0.4830E-26
 -3.698  0.1578E-26
 -3.688  0.5103E-27
 -3.678  0.1632E-27
 -3.668  0.5163E-28
 -3.658  0.1616E-28
 -3.648  0.5004E-29
 -3.638  0.1533E-29
 -3.628  0.4644E-30
 -3.618  0.1392E-30
 -3.608  0.4127E-31
 -3.598  0.1211E-31
 -3.588  0.3513E-32
 -3.578  0.1009E-32
 -3.568  0.2864E-33
 -3.558  0.8047E-34
 -3.548  0.2236E-34
 -3.538  0.6148E-35
 -3.528  0.1672E-35
 -3.518  0.4499E-36
 -3.508  0.1197E-36
 -3.498  0.3153E-37
 -3.488  0.8212E-38
 -3.478  0.2116E-38
 -3.468  0.5394E-39
 -3.458  0.1360E-39
 -3.448  0.3393E-40
 -3.438  0.8373E-41
 -3.428  0.2044E-41
 -3.418  0.4936E-42
 -3.408  0.1179E-42
 -3.398  0.2787E-43
 -3.388  0.6516E-44
 -3.378  0.1507E-44
 -3.368  0.3448E-45
 -3.358  0.7805E-46
 -3.348  0.1748E-46
 -3.338  0.3871E-47
 -3.328  0.8482E-48
 -3.318  0.1839E-48
 -3.308  0.3943E-49
 -3.298  0.8364E-50
 -3.288  0.1755E-50
 -3.278  0.3644E-51
 -3.268  0.7483E-52
 -3.258  0.1520E-52
 -3.248  0.3056E-53
 -3.238  0.6075E-54
 -3.228  0.1195E-54
 -3.218  0.2325E-55
 -3.208  0.4475E-56
 -3.198  0.8520E-57
 -3.188  0.1605E-57
 -3.178  0.2991E-58
 -3.168  0.5513E-59
 -3.158  0.1005E-59
 -3.148  0.1814E-60
 -3.138  0.3236E-61
 -3.128  0.5714E-62
 -3.118  0.9979E-63
 -3.108  0.1724E-63
 -3.098  0.2946E-64
 -3.088  0.4982E-65
 -3.078  0.8332E-66
 -3.068  0.1379E-66
 -3.058  0.2257E-67
 -3.048  0.3654E-68
 -3.038  0.5853E-69
 -3.028  0.9275E-70
 -3.018  0.1454E-70
 -3.008  0.2255E-71
 -2.998  0.3460E-72
 -2.988  0.5298E-73
 -2.978  0.1112E-73
 -2.968  0.2244E-73
 -2.958  0.1382E-72
 -2.948  0.8859E-72
 -2.938  0.5625E-71
 -2.928  0.3533E-70
 -2.918  0.2195E-69
 -2.908  0.1349E-68
 -2.898  0.8206E-68
 -2.888  0.4936E-67
 -2.878  0.2937E-66
 -2.868  0.1729E-65
 -2.858  0.1007E-64
 -2.848  0.5802E-64
 -2.838  0.3306E-63
 -2.828  0.1864E-62
 -2.818  0.1040E-61
 -2.808  0.5736E-61
 -2.798  0.3131E-60
 -2.788  0.1691E-59
 -2.778  0.9030E-59
 -2.768  0.4771E-58
 -2.758  0.2494E-57
 -2.748  0.1290E-56
 -2.738  0.6598E-56
 -2.728  0.3339E-55
 -2.718  0.1671E-54
 -2.708  0.8277E-54
 -2.698  0.4055E-53
 -2.688  0.1965E-52
 -2.678  0.9423E-52
 -2.668  0.4469E-51
 -2.658  0.2097E-50
 -2.648  0.9733E-50
 -2.638  0.4469E-49
 -2.628  0.2030E-48
 -2.618  0.9121E-48
 -2.608  0.4055E-47
 -2.598  0.1783E-46
 -2.588  0.7756E-46
 -2.578  0.3338E-45
 -2.568  0.1421E-44
 -2.558  0.5984E-44
 -2.548  0.2493E-43
 -2.538  0.1028E-42
 -2.528  0.4189E-42
 -2.518  0.1690E-41
 -2.508  0.6742E-41
 -2.498  0.2661E-40
 -2.488  0.1039E-39
 -2.478  0.4014E-39
 -2.468  0.1534E-38
 -2.458  0.5798E-38
 -2.448  0.2168E-37
 -2.438  0.8020E-37
 -2.428  0.2935E-36
 -2.418  0.1063E-35
 -2.408  0.3805E-35
 -2.398  0.1348E-34
 -2.388  0.4725E-34
 -2.378  0.1638E-33
 -2.368  0.5619E-33
 -2.358  0.1907E-32
 -2.348  0.6400E-32
 -2.338  0.2125E-31
 -2.328  0.6980E-31
 -2.318  0.2268E-30
 -2.308  0.7292E-30
 -2.298  0.2319E-29
 -2.288  0.7295E-29
 -2.278  0.2270E-28
 -2.268  0.6989E-28
 -2.258  0.2129E-27
 -2.248  0.6413E-27
 -2.238  0.1912E-26
 -2.228  0.5636E-26
 -2.218  0.1644E-25
 -2.208  0.4744E-25
 -2.198  0.1354E-24
 -2.188  0.3824E-24
 -2.178  0.1068E-23
 -2.168  0.2952E-23
 -2.158  0.8070E-23
 -2.148  0.2182E-22
 -2.138  0.5839E-22
 -2.128  0.1545E-21
 -2.118  0.4046E-21
 -2.108  0.1048E-20
 -2.098  0.2686E-20
 -2.088  0.6808E-20
 -2.078  0.1707E-19
 -2.068  0.4235E-19
 -2.058  0.1039E-18
 -2.048  0.2523E-18
 -2.038  0.6061E-18
 -2.028  0.1440E-17
 -2.018  0.3385E-17
 -2.008  0.7872E-17
 -1.998  0.1811E-16
 -1.988  0.4122E-16
 -1.978  0.9280E-16
 -1.968  0.2067E-15
 -1.958  0.4556E-15
 -1.948  0.9932E-15
 -1.938  0.2142E-14
 -1.928  0.4571E-14
 -1.918  0.9651E-14
 -1.908  0.2016E-13
 -1.898  0.4166E-13
 -1.888  0.8518E-13
 -1.878  0.1723E-12
 -1.868  0.3449E-12
 -1.858  0.6831E-12
 -1.848  0.1338E-11
 -1.838  0.2595E-11
 -1.828  0.4979E-11
 -1.818  0.9453E-11
 -1.808  0.1776E-10
 -1.798  0.3302E-10
 -1.788  0.6076E-10
 -1.778  0.1106E-09
 -1.768  0.1994E-09
 -1.758  0.3557E-09
 -1.748  0.6282E-09
 -1.738  0.1098E-08
 -1.728  0.1900E-08
 -1.718  0.3256E-08
 -1.708  0.5523E-08
 -1.698  0.9278E-08
 -1.688  0.1543E-07
 -1.678  0.2543E-07
 -1.668  0.4150E-07
 -1.658  0.6710E-07
 -1.648  0.1075E-06
 -1.638  0.1706E-06
 -1.628  0.2684E-06
 -1.618  0.4184E-06
 -1.608  0.6467E-06
 -1.598  0.9908E-06
 -1.588  0.1505E-05
 -1.578  0.2268E-05
 -1.568  0.3390E-05
 -1.558  0.5025E-05
 -1.548  0.7390E-05
 -1.538  0.1078E-04
 -1.528  0.1561E-04
 -1.518  0.2243E-04
 -1.508  0.3197E-04
 -1.498  0.4524E-04
 -1.488  0.6352E-04
 -1.478  0.8852E-04
 -1.468  0.1224E-03
 -1.458  0.1680E-03
 -1.448  0.2287E-03
 -1.438  0.3091E-03
 -1.428  0.4143E-03
 -1.418  0.5509E-03
 -1.408  0.7266E-03
 -1.398  0.9504E-03
 -1.388  0.1233E-02
 -1.378  0.1586E-02
 -1.368  0.2022E-02
 -1.358  0.2555E-02
 -1.348  0.3200E-02
 -1.338  0.3972E-02
 -1.328  0.4885E-02
 -1.318  0.5952E-02
 -1.308  0.7184E-02
 -1.298  0.8589E-02
 -1.288  0.1017E-01
 -1.278  0.1192E-01
 -1.268  0.1384E-01
 -1.258  0.1591E-01
 -1.248  0.1811E-01
 -1.238  0.2040E-01
 -1.228  0.2275E-01
 -1.218  0.2512E-01
 -1.208  0.2745E-01
 -1.198  0.2968E-01
 -1.188  0.3177E-01
 -1.178  0.3365E-01
 -1.168  0.3528E-01
 -1.158  0.3659E-01
 -1.148  0.3756E-01
 -1.138  0.3815E-01
 -1.128  0.3835E-01
 -1.118  0.3814E-01
 -1.108  0.3753E-01
 -1.098  0.3654E-01
 -1.088  0.3520E-01
 -1.078  0.3355E-01
 -1.068  0.3164E-01
 -1.058  0.2952E-01
 -1.048  0.2725E-01
 -1.038  0.2489E-01
 -1.028  0.2249E-01
 -1.018  0.2010E-01
 -1.008  0.1778E-01
 -0.998  0.1556E-01
 -0.988  0.1347E-01
 -0.978  0.1154E-01
 -0.968  0.9776E-02
 -0.958  0.8197E-02
 -0.948  0.6801E-02
 -0.938  0.5583E-02
 -0.928  0.4537E-02
 -0.918  0.3651E-02
 -0.908  0.2910E-02
 -0.898  0.2300E-02
 -0.888  0.1805E-02
 -0.878  0.1411E-02
 -0.868  0.1103E-02
 -0.858  0.8677E-03
 -0.848  0.6938E-03
 -0.838  0.5711E-03
 -0.828  0.4909E-03
 -0.818  0.4460E-03
 -0.808  0.4305E-03
 -0.798  0.4397E-03
 -0.788  0.4695E-03
 -0.778  0.5171E-03
 -0.768  0.5797E-03
 -0.758  0.6554E-03
 -0.748  0.7423E-03
 -0.738  0.8390E-03
 -0.728  0.9442E-03
 -0.718  0.1057E-02
 -0.708  0.1176E-02
 -0.698  0.1301E-02
 -0.688  0.1432E-02
 -0.678  0.1569E-02
 -0.668  0.1714E-02
 -0.658  0.1867E-02
 -0.648  0.2031E-02
 -0.638  0.2210E-02
 -0.628  0.2406E-02
 -0.618  0.2624E-02
 -0.608  0.2870E-02
 -0.598  0.3147E-02
 -0.588  0.3460E-02
 -0.578  0.3815E-02
 -0.568  0.4215E-02
 -0.558  0.4663E-02
 -0.548  0.5159E-02
 -0.538  0.5703E-02
 -0.528  0.6292E-02
 -0.518  0.6921E-02
 -0.508  0.7583E-02
 -0.498  0.8268E-02
 -0.488  0.8963E-02
 -0.478  0.9657E-02
 -0.468  0.1033E-01
 -0.458  0.1098E-01
 -0.448  0.1157E-01
 -0.438  0.1211E-01
 -0.428  0.1257E-01
 -0.418  0.1294E-01
 -0.408  0.1322E-01
 -0.398  0.1339E-01
 -0.388  0.1347E-01
 -0.378  0.1344E-01
 -0.368  0.1332E-01
 -0.358  0.1311E-01
 -0.348  0.1283E-01
 -0.338  0.1248E-01
 -0.328  0.1209E-01
 -0.318  0.1167E-01
 -0.308  0.1123E-01
 -0.298  0.1080E-01
 -0.288  0.1038E-01
 -0.278  0.9986E-02
 -0.268  0.9625E-02
 -0.258  0.9304E-02
 -0.248  0.9025E-02
 -0.238  0.8786E-02
 -0.228  0.8584E-02
 -0.218  0.8413E-02
 -0.208  0.8266E-02
 -0.198  0.8135E-02
 -0.188  0.8010E-02
 -0.178  0.7885E-02
 -0.168  0.7752E-02
 -0.158  0.7608E-02
 -0.148  0.7450E-02
 -0.138  0.7280E-02
 -0.128  0.7101E-02
 -0.118  0.6920E-02
 -0.108  0.6749E-02
 -0.098  0.6598E-02
 -0.088  0.6483E-02
 -0.078  0.6420E-02
 -0.068  0.6424E-02
 -0.058  0.6513E-02
 -0.048  0.6700E-02
 -0.038  0.7000E-02
 -0.028  0.7421E-02
 -0.018  0.7971E-02
 -0.008  0.8651E-02
  0.002  0.9458E-02
  0.012  0.1038E-01
  0.022  0.1142E-01
  0.032  0.1253E-01
  0.042  0.1372E-01
  0.052  0.1493E-01
  0.062  0.1615E-01
  0.072  0.1734E-01
  0.082  0.1847E-01
  0.092  0.1950E-01
  0.102  0.2041E-01
  0.112  0.2116E-01
  0.122  0.2173E-01
  0.132  0.2212E-01
  0.142  0.2230E-01
  0.152  0.2228E-01
  0.162  0.2207E-01
  0.172  0.2167E-01
  0.182  0.2112E-01
  0.192  0.2043E-01
  0.202  0.1964E-01
  0.212  0.1877E-01
  0.222  0.1788E-01
  0.232  0.1698E-01
  0.242  0.1612E-01
  0.252  0.1533E-01
  0.262  0.1463E-01
  0.272  0.1404E-01
  0.282  0.1358E-01
  0.292  0.1326E-01
  0.302  0.1308E-01
  0.312  0.1303E-01
  0.322  0.1311E-01
  0.332  0.1330E-01
  0.342  0.1357E-01
  0.352  0.1390E-01
  0.362  0.1427E-01
  0.372  0.1464E-01
  0.382  0.1498E-01
  0.392  0.1527E-01
  0.402  0.1548E-01
  0.412  0.1559E-01
  0.422  0.1559E-01
  0.432  0.1546E-01
  0.442  0.1520E-01
  0.452  0.1480E-01
  0.462  0.1428E-01
  0.472  0.1365E-01
  0.482  0.1291E-01
  0.492  0.1209E-01
  0.502  0.1121E-01
  0.512  0.1028E-01
  0.522  0.9337E-02
  0.532  0.8389E-02
  0.542  0.7458E-02
  0.552  0.6561E-02
  0.562  0.5711E-02
  0.572  0.4919E-02
  0.582  0.4191E-02
  0.592  0.3534E-02
  0.602  0.2948E-02
  0.612  0.2433E-02
  0.622  0.1987E-02
  0.632  0.1605E-02
  0.642  0.1283E-02
  0.652  0.1015E-02
  0.662  0.7938E-03
  0.672  0.6145E-03
  0.682  0.4706E-03
  0.692  0.3566E-03
  0.702  0.2673E-03
  0.712  0.1983E-03
  0.722  0.1455E-03
  0.732  0.1056E-03
  0.742  0.7585E-04
  0.752  0.5390E-04
  0.762  0.3789E-04
  0.772  0.2635E-04
  0.782  0.1813E-04
  0.792  0.1235E-04
  0.802  0.8315E-05
  0.812  0.5541E-05
  0.822  0.3653E-05
  0.832  0.2382E-05
  0.842  0.1537E-05
