 -5.548  0.1127E-06
 -5.538  0.1743E-06
 -5.528  0.2665E-06
 -5.518  0.4033E-06
 -5.508  0.6036E-06
 -5.498  0.8937E-06
 -5.488  0.1309E-05
 -5.478  0.1897E-05
 -5.468  0.2720E-05
 -5.458  0.3858E-05
 -5.448  0.5413E-05
 -5.438  0.7514E-05
 -5.428  0.1032E-04
 -5.418  0.1402E-04
 -5.408  0.1885E-04
 -5.398  0.2507E-04
 -5.388  0.3298E-04
 -5.378  0.4295E-04
 -5.368  0.5533E-04
 -5.358  0.7053E-04
 -5.348  0.8897E-04
 -5.338  0.1111E-03
 -5.328  0.1372E-03
 -5.318  0.1678E-03
 -5.308  0.2031E-03
 -5.298  0.2434E-03
 -5.288  0.2888E-03
 -5.278  0.3394E-03
 -5.268  0.3950E-03
 -5.258  0.4553E-03
 -5.248  0.5202E-03
 -5.238  0.5890E-03
 -5.228  0.6613E-03
 -5.218  0.7365E-03
 -5.208  0.8139E-03
 -5.198  0.8930E-03
 -5.188  0.9733E-03
 -5.178  0.1054E-02
 -5.168  0.1136E-02
 -5.158  0.1218E-02
 -5.148  0.1302E-02
 -5.138  0.1386E-02
 -5.128  0.1472E-02
 -5.118  0.1560E-02
 -5.108  0.1652E-02
 -5.098  0.1747E-02
 -5.088  0.1848E-02
 -5.078  0.1954E-02
 -5.068  0.2067E-02
 -5.058  0.2187E-02
 -5.048  0.2314E-02
 -5.038  0.2449E-02
 -5.028  0.2590E-02
 -5.018  0.2738E-02
 -5.008  0.2891E-02
 -4.998  0.3049E-02
 -4.988  0.3211E-02
 -4.978  0.3373E-02
 -4.968  0.3536E-02
 -4.958  0.3697E-02
 -4.948  0.3854E-02
 -4.938  0.4006E-02
 -4.928  0.4151E-02
 -4.918  0.4286E-02
 -4.908  0.4410E-02
 -4.898  0.4521E-02
 -4.888  0.4619E-02
 -4.878  0.4701E-02
 -4.868  0.4766E-02
 -4.858  0.4815E-02
 -4.848  0.4845E-02
 -4.838  0.4856E-02
 -4.828  0.4847E-02
 -4.818  0.4819E-02
 -4.808  0.4772E-02
 -4.798  0.4704E-02
 -4.788  0.4616E-02
 -4.778  0.4509E-02
 -4.768  0.4382E-02
 -4.758  0.4237E-02
 -4.748  0.4075E-02
 -4.738  0.3896E-02
 -4.728  0.3703E-02
 -4.718  0.3497E-02
 -4.708  0.3280E-02
 -4.698  0.3055E-02
 -4.688  0.2825E-02
 -4.678  0.2592E-02
 -4.668  0.2360E-02
 -4.658  0.2131E-02
 -4.648  0.1908E-02
 -4.638  0.1694E-02
 -4.628  0.1490E-02
 -4.618  0.1299E-02
 -4.608  0.1122E-02
 -4.598  0.9599E-03
 -4.588  0.8135E-03
 -4.578  0.6826E-03
 -4.568  0.5672E-03
 -4.558  0.4667E-03
 -4.548  0.3801E-03
 -4.538  0.3064E-03
 -4.528  0.2445E-03
 -4.518  0.1931E-03
 -4.508  0.1509E-03
 -4.498  0.1168E-03
 -4.488  0.8938E-04
 -4.478  0.6771E-04
 -4.468  0.5075E-04
 -4.458  0.3764E-04
 -4.448  0.2762E-04
 -4.438  0.2005E-04
 -4.428  0.1441E-04
 -4.418  0.1024E-04
 -4.408  0.7200E-05
 -4.398  0.5009E-05
 -4.388  0.3448E-05
 -4.378  0.2348E-05
 -4.368  0.1582E-05
 -4.358  0.1054E-05
 -4.348  0.6951E-06
 -4.338  0.4534E-06
 -4.328  0.2926E-06
 -4.318  0.1868E-06
 -4.308  0.1180E-06
 -4.298  0.7370E-07
 -4.288  0.4556E-07
 -4.278  0.2786E-07
 -4.268  0.1685E-07
 -4.258  0.1008E-07
 -4.248  0.5969E-08
 -4.238  0.3496E-08
 -4.228  0.2025E-08
 -4.218  0.1161E-08
 -4.208  0.6581E-09
 -4.198  0.3691E-09
 -4.188  0.2048E-09
 -4.178  0.1124E-09
 -4.168  0.6104E-10
 -4.158  0.3279E-10
 -4.148  0.1742E-10
 -4.138  0.9160E-11
 -4.128  0.4764E-11
 -4.118  0.2451E-11
 -4.108  0.1247E-11
 -4.098  0.6279E-12
 -4.088  0.3127E-12
 -4.078  0.1541E-12
 -4.068  0.7510E-13
 -4.058  0.3621E-13
 -4.048  0.1727E-13
 -4.038  0.8151E-14
 -4.028  0.3805E-14
 -4.018  0.1757E-14
 -4.008  0.8026E-15
 -3.998  0.3627E-15
 -3.988  0.1621E-15
 -3.978  0.7171E-16
 -3.968  0.3137E-16
 -3.958  0.1358E-16
 -3.948  0.5813E-17
 -3.938  0.2462E-17
 -3.928  0.1032E-17
 -3.918  0.4276E-18
 -3.908  0.1753E-18
 -3.898  0.7112E-19
 -3.888  0.2854E-19
 -3.878  0.1133E-19
 -3.868  0.4449E-20
 -3.858  0.1728E-20
 -3.848  0.6642E-21
 -3.838  0.2525E-21
 -3.828  0.9496E-22
 -3.818  0.3533E-22
 -3.808  0.1300E-22
 -3.798  0.4734E-23
 -3.788  0.1705E-23
 -3.778  0.6076E-24
 -3.768  0.2142E-24
 -3.758  0.7468E-25
 -3.748  0.2576E-25
 -3.738  0.8790E-26
 -3.728  0.2967E-26
 -3.718  0.9909E-27
 -3.708  0.3274E-27
 -3.698  0.1070E-27
 -3.688  0.3459E-28
 -3.678  0.1106E-28
 -3.668  0.3500E-29
 -3.658  0.1095E-29
 -3.648  0.3391E-30
 -3.638  0.1039E-30
 -3.628  0.3148E-31
 -3.618  0.9435E-32
 -3.608  0.2798E-32
 -3.598  0.8207E-33
 -3.588  0.2381E-33
 -3.578  0.6836E-34
 -3.568  0.1941E-34
 -3.558  0.5454E-35
 -3.548  0.1516E-35
 -3.538  0.4167E-36
 -3.528  0.1133E-36
 -3.518  0.3049E-37
 -3.508  0.8116E-38
 -3.498  0.2137E-38
 -3.488  0.5566E-39
 -3.478  0.1434E-39
 -3.468  0.3656E-40
 -3.458  0.9219E-41
 -3.448  0.2300E-41
 -3.438  0.5675E-42
 -3.428  0.1385E-42
 -3.418  0.3346E-43
 -3.408  0.7993E-44
 -3.398  0.1889E-44
 -3.388  0.4417E-45
 -3.378  0.1022E-45
 -3.368  0.2337E-46
 -3.358  0.5290E-47
 -3.348  0.1184E-47
 -3.338  0.2624E-48
 -3.328  0.5749E-49
 -3.318  0.1246E-49
 -3.308  0.2672E-50
 -3.298  0.5669E-51
 -3.288  0.1190E-51
 -3.278  0.2470E-52
 -3.268  0.5072E-53
 -3.258  0.1030E-53
 -3.248  0.2071E-54
 -3.238  0.4118E-55
 -3.228  0.8098E-56
 -3.218  0.1576E-56
 -3.208  0.3033E-57
 -3.198  0.5775E-58
 -3.188  0.1088E-58
 -3.178  0.2027E-59
 -3.168  0.3737E-60
 -3.158  0.6814E-61
 -3.148  0.1229E-61
 -3.138  0.2194E-62
 -3.128  0.3873E-63
 -3.118  0.6763E-64
 -3.108  0.1168E-64
 -3.098  0.1997E-65
 -3.088  0.3377E-66
 -3.078  0.5648E-67
 -3.068  0.9344E-68
 -3.058  0.1530E-68
 -3.048  0.2477E-69
 -3.038  0.3967E-70
 -3.028  0.6286E-71
 -3.018  0.9855E-72
 -3.008  0.1528E-72
 -2.998  0.2349E-73
 -2.988  0.3862E-74
 -2.978  0.2548E-74
 -2.968  0.1328E-73
 -2.958  0.8569E-73
 -2.948  0.5499E-72
 -2.938  0.3491E-71
 -2.928  0.2193E-70
 -2.918  0.1363E-69
 -2.908  0.8376E-69
 -2.898  0.5093E-68
 -2.888  0.3064E-67
 -2.878  0.1823E-66
 -2.868  0.1073E-65
 -2.858  0.6251E-65
 -2.848  0.3601E-64
 -2.838  0.2052E-63
 -2.828  0.1157E-62
 -2.818  0.6453E-62
 -2.808  0.3561E-61
 -2.798  0.1943E-60
 -2.788  0.1049E-59
 -2.778  0.5605E-59
 -2.768  0.2962E-58
 -2.758  0.1548E-57
 -2.748  0.8006E-57
 -2.738  0.4095E-56
 -2.728  0.2072E-55
 -2.718  0.1037E-54
 -2.708  0.5138E-54
 -2.698  0.2517E-53
 -2.688  0.1220E-52
 -2.678  0.5849E-52
 -2.668  0.2774E-51
 -2.658  0.1302E-50
 -2.648  0.6041E-50
 -2.638  0.2774E-49
 -2.628  0.1260E-48
 -2.618  0.5662E-48
 -2.608  0.2517E-47
 -2.598  0.1107E-46
 -2.588  0.4814E-46
 -2.578  0.2072E-45
 -2.568  0.8820E-45
 -2.558  0.3715E-44
 -2.548  0.1548E-43
 -2.538  0.6378E-43
 -2.528  0.2600E-42
 -2.518  0.1049E-41
 -2.508  0.4185E-41
 -2.498  0.1652E-40
 -2.488  0.6449E-40
 -2.478  0.2491E-39
 -2.468  0.9520E-39
 -2.458  0.3599E-38
 -2.448  0.1346E-37
 -2.438  0.4978E-37
 -2.428  0.1822E-36
 -2.418  0.6595E-36
 -2.408  0.2362E-35
 -2.398  0.8368E-35
 -2.388  0.2933E-34
 -2.378  0.1017E-33
 -2.368  0.3488E-33
 -2.358  0.1183E-32
 -2.348  0.3972E-32
 -2.338  0.1319E-31
 -2.328  0.4332E-31
 -2.318  0.1408E-30
 -2.308  0.4526E-30
 -2.298  0.1439E-29
 -2.288  0.4527E-29
 -2.278  0.1409E-28
 -2.268  0.4338E-28
 -2.258  0.1321E-27
 -2.248  0.3980E-27
 -2.238  0.1186E-26
 -2.228  0.3498E-26
 -2.218  0.1020E-25
 -2.208  0.2944E-25
 -2.198  0.8402E-25
 -2.188  0.2373E-24
 -2.178  0.6627E-24
 -2.168  0.1831E-23
 -2.158  0.5006E-23
 -2.148  0.1354E-22
 -2.138  0.3622E-22
 -2.128  0.9586E-22
 -2.118  0.2510E-21
 -2.108  0.6500E-21
 -2.098  0.1665E-20
 -2.088  0.4221E-20
 -2.078  0.1058E-19
 -2.068  0.2625E-19
 -2.058  0.6441E-19
 -2.048  0.1564E-18
 -2.038  0.3755E-18
 -2.028  0.8919E-18
 -2.018  0.2096E-17
 -2.008  0.4873E-17
 -1.998  0.1121E-16
 -1.988  0.2550E-16
 -1.978  0.5738E-16
 -1.968  0.1278E-15
 -1.958  0.2814E-15
 -1.948  0.6132E-15
 -1.938  0.1322E-14
 -1.928  0.2819E-14
 -1.918  0.5946E-14
 -1.908  0.1241E-13
 -1.898  0.2562E-13
 -1.888  0.5232E-13
 -1.878  0.1057E-12
 -1.868  0.2113E-12
 -1.858  0.4178E-12
 -1.848  0.8173E-12
 -1.838  0.1582E-11
 -1.828  0.3028E-11
 -1.818  0.5736E-11
 -1.808  0.1075E-10
 -1.798  0.1992E-10
 -1.788  0.3654E-10
 -1.778  0.6630E-10
 -1.768  0.1190E-09
 -1.758  0.2113E-09
 -1.748  0.3713E-09
 -1.738  0.6455E-09
 -1.728  0.1110E-08
 -1.718  0.1889E-08
 -1.708  0.3180E-08
 -1.698  0.5297E-08
 -1.688  0.8731E-08
 -1.678  0.1424E-07
 -1.668  0.2298E-07
 -1.658  0.3669E-07
 -1.648  0.5798E-07
 -1.638  0.9066E-07
 -1.628  0.1403E-06
 -1.618  0.2149E-06
 -1.608  0.3257E-06
 -1.598  0.4886E-06
 -1.588  0.7256E-06
 -1.578  0.1067E-05
 -1.568  0.1552E-05
 -1.558  0.2236E-05
 -1.548  0.3190E-05
 -1.538  0.4507E-05
 -1.528  0.6305E-05
 -1.518  0.8735E-05
 -1.508  0.1199E-04
 -1.498  0.1630E-04
 -1.488  0.2195E-04
 -1.478  0.2930E-04
 -1.468  0.3876E-04
 -1.458  0.5083E-04
 -1.448  0.6607E-04
 -1.438  0.8514E-04
 -1.428  0.1088E-03
 -1.418  0.1379E-03
 -1.408  0.1734E-03
 -1.398  0.2163E-03
 -1.388  0.2677E-03
 -1.378  0.3287E-03
 -1.368  0.4006E-03
 -1.358  0.4845E-03
 -1.348  0.5817E-03
 -1.338  0.6931E-03
 -1.328  0.8198E-03
 -1.318  0.9625E-03
 -1.308  0.1122E-02
 -1.298  0.1297E-02
 -1.288  0.1489E-02
 -1.278  0.1697E-02
 -1.268  0.1918E-02
 -1.258  0.2151E-02
 -1.248  0.2393E-02
 -1.238  0.2641E-02
 -1.228  0.2890E-02
 -1.218  0.3137E-02
 -1.208  0.3375E-02
 -1.198  0.3600E-02
 -1.188  0.3806E-02
 -1.178  0.3988E-02
 -1.168  0.4141E-02
 -1.158  0.4259E-02
 -1.148  0.4340E-02
 -1.138  0.4381E-02
 -1.128  0.4379E-02
 -1.118  0.4335E-02
 -1.108  0.4250E-02
 -1.098  0.4125E-02
 -1.088  0.3964E-02
 -1.078  0.3771E-02
 -1.068  0.3551E-02
 -1.058  0.3310E-02
 -1.048  0.3054E-02
 -1.038  0.2789E-02
 -1.028  0.2521E-02
 -1.018  0.2255E-02
 -1.008  0.1997E-02
 -0.998  0.1750E-02
 -0.988  0.1518E-02
 -0.978  0.1303E-02
 -0.968  0.1109E-02
 -0.958  0.9346E-03
 -0.948  0.7816E-03
 -0.938  0.6496E-03
 -0.928  0.5383E-03
 -0.918  0.4467E-03
 -0.908  0.3740E-03
 -0.898  0.3193E-03
 -0.888  0.2817E-03
 -0.878  0.2604E-03
 -0.868  0.2549E-03
 -0.858  0.2648E-03
 -0.848  0.2902E-03
 -0.838  0.3311E-03
 -0.828  0.3879E-03
 -0.818  0.4610E-03
 -0.808  0.5508E-03
 -0.798  0.6577E-03
 -0.788  0.7820E-03
 -0.778  0.9237E-03
 -0.768  0.1083E-02
 -0.758  0.1258E-02
 -0.748  0.1448E-02
 -0.738  0.1653E-02
 -0.728  0.1869E-02
 -0.718  0.2094E-02
 -0.708  0.2326E-02
 -0.698  0.2563E-02
 -0.688  0.2801E-02
 -0.678  0.3038E-02
 -0.668  0.3271E-02
 -0.658  0.3500E-02
 -0.648  0.3724E-02
 -0.638  0.3943E-02
 -0.628  0.4157E-02
 -0.618  0.4370E-02
 -0.608  0.4583E-02
 -0.598  0.4801E-02
 -0.588  0.5027E-02
 -0.578  0.5264E-02
 -0.568  0.5519E-02
 -0.558  0.5792E-02
 -0.548  0.6087E-02
 -0.538  0.6404E-02
 -0.528  0.6743E-02
 -0.518  0.7100E-02
 -0.508  0.7473E-02
 -0.498  0.7853E-02
 -0.488  0.8233E-02
 -0.478  0.8604E-02
 -0.468  0.8954E-02
 -0.458  0.9272E-02
 -0.448  0.9548E-02
 -0.438  0.9771E-02
 -0.428  0.9931E-02
 -0.418  0.1002E-01
 -0.408  0.1004E-01
 -0.398  0.9973E-02
 -0.388  0.9831E-02
 -0.378  0.9614E-02
 -0.368  0.9326E-02
 -0.358  0.8975E-02
 -0.348  0.8570E-02
 -0.338  0.8123E-02
 -0.328  0.7644E-02
 -0.318  0.7147E-02
 -0.308  0.6643E-02
 -0.298  0.6144E-02
 -0.288  0.5660E-02
 -0.278  0.5198E-02
 -0.268  0.4766E-02
 -0.258  0.4369E-02
 -0.248  0.4010E-02
 -0.238  0.3689E-02
 -0.228  0.3406E-02
 -0.218  0.3159E-02
 -0.208  0.2944E-02
 -0.198  0.2759E-02
 -0.188  0.2597E-02
 -0.178  0.2456E-02
 -0.168  0.2330E-02
 -0.158  0.2216E-02
 -0.148  0.2111E-02
 -0.138  0.2013E-02
 -0.128  0.1920E-02
 -0.118  0.1832E-02
 -0.108  0.1750E-02
 -0.098  0.1675E-02
 -0.088  0.1609E-02
 -0.078  0.1556E-02
 -0.068  0.1519E-02
 -0.058  0.1500E-02
 -0.048  0.1505E-02
 -0.038  0.1536E-02
 -0.028  0.1597E-02
 -0.018  0.1689E-02
 -0.008  0.1817E-02
  0.002  0.1980E-02
  0.012  0.2180E-02
  0.022  0.2416E-02
  0.032  0.2687E-02
  0.042  0.2990E-02
  0.052  0.3324E-02
  0.062  0.3683E-02
  0.072  0.4062E-02
  0.082  0.4457E-02
  0.092  0.4860E-02
  0.102  0.5264E-02
  0.112  0.5663E-02
  0.122  0.6048E-02
  0.132  0.6413E-02
  0.142  0.6751E-02
  0.152  0.7054E-02
  0.162  0.7317E-02
  0.172  0.7535E-02
  0.182  0.7703E-02
  0.192  0.7818E-02
  0.202  0.7879E-02
  0.212  0.7886E-02
  0.222  0.7839E-02
  0.232  0.7742E-02
  0.242  0.7598E-02
  0.252  0.7412E-02
  0.262  0.7190E-02
  0.272  0.6939E-02
  0.282  0.6666E-02
  0.292  0.6378E-02
  0.302  0.6082E-02
  0.312  0.5783E-02
  0.322  0.5489E-02
  0.332  0.5203E-02
  0.342  0.4929E-02
  0.352  0.4670E-02
  0.362  0.4425E-02
  0.372  0.4196E-02
  0.382  0.3982E-02
  0.392  0.3779E-02
  0.402  0.3588E-02
  0.412  0.3404E-02
  0.422  0.3226E-02
  0.432  0.3050E-02
  0.442  0.2876E-02
  0.452  0.2702E-02
  0.462  0.2526E-02
  0.472  0.2349E-02
  0.482  0.2171E-02
  0.492  0.1992E-02
  0.502  0.1815E-02
  0.512  0.1641E-02
  0.522  0.1470E-02
  0.532  0.1306E-02
  0.542  0.1150E-02
  0.552  0.1003E-02
  0.562  0.8662E-03
  0.572  0.7409E-03
  0.582  0.6275E-03
  0.592  0.5261E-03
  0.602  0.4366E-03
  0.612  0.3586E-03
  0.622  0.2915E-03
  0.632  0.2345E-03
  0.642  0.1867E-03
  0.652  0.1471E-03
  0.662  0.1147E-03
  0.672  0.8848E-04
  0.682  0.6754E-04
  0.692  0.5101E-04
  0.702  0.3812E-04
  0.712  0.2818E-04
  0.722  0.2062E-04
  0.732  0.1492E-04
  0.742  0.1069E-04
  0.752  0.7571E-05
  0.762  0.5308E-05
  0.772  0.3681E-05
  0.782  0.2526E-05
  0.792  0.1715E-05
  0.802  0.1152E-05
  0.812  0.7656E-06
  0.822  0.5034E-06
  0.832  0.3275E-06
  0.842  0.2108E-06
