 -5.548  0.1689E-09
 -5.538  0.2611E-09
 -5.528  0.3993E-09
 -5.518  0.6042E-09
 -5.508  0.9045E-09
 -5.498  0.1339E-08
 -5.488  0.1962E-08
 -5.478  0.2844E-08
 -5.468  0.4079E-08
 -5.458  0.5786E-08
 -5.448  0.8121E-08
 -5.438  0.1128E-07
 -5.428  0.1549E-07
 -5.418  0.2106E-07
 -5.408  0.2833E-07
 -5.398  0.3771E-07
 -5.388  0.4966E-07
 -5.378  0.6473E-07
 -5.368  0.8349E-07
 -5.358  0.1066E-06
 -5.348  0.1347E-06
 -5.338  0.1685E-06
 -5.328  0.2086E-06
 -5.318  0.2558E-06
 -5.308  0.3106E-06
 -5.298  0.3736E-06
 -5.288  0.4452E-06
 -5.278  0.5258E-06
 -5.268  0.6155E-06
 -5.258  0.7144E-06
 -5.248  0.8225E-06
 -5.238  0.9397E-06
 -5.228  0.1066E-05
 -5.218  0.1200E-05
 -5.208  0.1344E-05
 -5.198  0.1495E-05
 -5.188  0.1655E-05
 -5.178  0.1823E-05
 -5.168  0.1999E-05
 -5.158  0.2184E-05
 -5.148  0.2377E-05
 -5.138  0.2579E-05
 -5.128  0.2789E-05
 -5.118  0.3008E-05
 -5.108  0.3233E-05
 -5.098  0.3465E-05
 -5.088  0.3701E-05
 -5.078  0.3938E-05
 -5.068  0.4174E-05
 -5.058  0.4405E-05
 -5.048  0.4627E-05
 -5.038  0.4836E-05
 -5.028  0.5027E-05
 -5.018  0.5196E-05
 -5.008  0.5339E-05
 -4.998  0.5454E-05
 -4.988  0.5536E-05
 -4.978  0.5586E-05
 -4.968  0.5603E-05
 -4.958  0.5588E-05
 -4.948  0.5543E-05
 -4.938  0.5470E-05
 -4.928  0.5374E-05
 -4.918  0.5259E-05
 -4.908  0.5130E-05
 -4.898  0.4992E-05
 -4.888  0.4850E-05
 -4.878  0.4709E-05
 -4.868  0.4571E-05
 -4.858  0.4441E-05
 -4.848  0.4319E-05
 -4.838  0.4207E-05
 -4.828  0.4105E-05
 -4.818  0.4012E-05
 -4.808  0.3926E-05
 -4.798  0.3845E-05
 -4.788  0.3765E-05
 -4.778  0.3683E-05
 -4.768  0.3597E-05
 -4.758  0.3504E-05
 -4.748  0.3401E-05
 -4.738  0.3286E-05
 -4.728  0.3159E-05
 -4.718  0.3018E-05
 -4.708  0.2864E-05
 -4.698  0.2699E-05
 -4.688  0.2523E-05
 -4.678  0.2340E-05
 -4.668  0.2151E-05
 -4.658  0.1960E-05
 -4.648  0.1770E-05
 -4.638  0.1583E-05
 -4.628  0.1402E-05
 -4.618  0.1230E-05
 -4.608  0.1069E-05
 -4.598  0.9191E-06
 -4.588  0.7824E-06
 -4.578  0.6592E-06
 -4.568  0.5497E-06
 -4.558  0.4537E-06
 -4.548  0.3706E-06
 -4.538  0.2995E-06
 -4.528  0.2395E-06
 -4.518  0.1895E-06
 -4.508  0.1484E-06
 -4.498  0.1150E-06
 -4.488  0.8813E-07
 -4.478  0.6683E-07
 -4.468  0.5015E-07
 -4.458  0.3722E-07
 -4.448  0.2734E-07
 -4.438  0.1986E-07
 -4.428  0.1428E-07
 -4.418  0.1015E-07
 -4.408  0.7143E-08
 -4.398  0.4971E-08
 -4.388  0.3423E-08
 -4.378  0.2332E-08
 -4.368  0.1571E-08
 -4.358  0.1047E-08
 -4.348  0.6907E-09
 -4.338  0.4507E-09
 -4.328  0.2909E-09
 -4.318  0.1857E-09
 -4.308  0.1173E-09
 -4.298  0.7330E-10
 -4.288  0.4531E-10
 -4.278  0.2771E-10
 -4.268  0.1676E-10
 -4.258  0.1003E-10
 -4.248  0.5938E-11
 -4.238  0.3478E-11
 -4.228  0.2015E-11
 -4.218  0.1155E-11
 -4.208  0.6548E-12
 -4.198  0.3673E-12
 -4.188  0.2038E-12
 -4.178  0.1119E-12
 -4.168  0.6074E-13
 -4.158  0.3263E-13
 -4.148  0.1734E-13
 -4.138  0.9115E-14
 -4.128  0.4740E-14
 -4.118  0.2439E-14
 -4.108  0.1241E-14
 -4.098  0.6249E-15
 -4.088  0.3112E-15
 -4.078  0.1533E-15
 -4.068  0.7474E-16
 -4.058  0.3604E-16
 -4.048  0.1719E-16
 -4.038  0.8112E-17
 -4.028  0.3787E-17
 -4.018  0.1749E-17
 -4.008  0.7988E-18
 -3.998  0.3610E-18
 -3.988  0.1614E-18
 -3.978  0.7137E-19
 -3.968  0.3122E-19
 -3.958  0.1351E-19
 -3.948  0.5786E-20
 -3.938  0.2451E-20
 -3.928  0.1027E-20
 -3.918  0.4256E-21
 -3.908  0.1745E-21
 -3.898  0.7078E-22
 -3.888  0.2840E-22
 -3.878  0.1128E-22
 -3.868  0.4428E-23
 -3.858  0.1720E-23
 -3.848  0.6610E-24
 -3.838  0.2513E-24
 -3.828  0.9451E-25
 -3.818  0.3516E-25
 -3.808  0.1294E-25
 -3.798  0.4712E-26
 -3.788  0.1697E-26
 -3.778  0.6047E-27
 -3.768  0.2132E-27
 -3.758  0.7433E-28
 -3.748  0.2564E-28
 -3.738  0.8749E-29
 -3.728  0.2953E-29
 -3.718  0.9863E-30
 -3.708  0.3258E-30
 -3.698  0.1065E-30
 -3.688  0.3443E-31
 -3.678  0.1101E-31
 -3.668  0.3483E-32
 -3.658  0.1090E-32
 -3.648  0.3376E-33
 -3.638  0.1034E-33
 -3.628  0.3133E-34
 -3.618  0.9391E-35
 -3.608  0.2785E-35
 -3.598  0.8169E-36
 -3.588  0.2370E-36
 -3.578  0.6805E-37
 -3.568  0.1932E-37
 -3.558  0.5429E-38
 -3.548  0.1509E-38
 -3.538  0.4148E-39
 -3.528  0.1128E-39
 -3.518  0.3035E-40
 -3.508  0.8079E-41
 -3.498  0.2127E-41
 -3.488  0.5541E-42
 -3.478  0.1428E-42
 -3.468  0.3639E-43
 -3.458  0.9177E-44
 -3.448  0.2289E-44
 -3.438  0.5649E-45
 -3.428  0.1379E-45
 -3.418  0.3331E-46
 -3.408  0.7957E-47
 -3.398  0.1881E-47
 -3.388  0.4397E-48
 -3.378  0.1017E-48
 -3.368  0.2327E-49
 -3.358  0.5266E-50
 -3.348  0.1179E-50
 -3.338  0.2612E-51
 -3.328  0.5723E-52
 -3.318  0.1241E-52
 -3.308  0.2660E-53
 -3.298  0.5643E-54
 -3.288  0.1184E-54
 -3.278  0.2459E-55
 -3.268  0.5049E-56
 -3.258  0.1026E-56
 -3.248  0.2062E-57
 -3.238  0.4099E-58
 -3.228  0.8062E-59
 -3.218  0.1569E-59
 -3.208  0.3019E-60
 -3.198  0.5749E-61
 -3.188  0.1083E-61
 -3.178  0.2018E-62
 -3.168  0.3720E-63
 -3.158  0.6783E-64
 -3.148  0.1224E-64
 -3.138  0.2184E-65
 -3.128  0.3855E-66
 -3.118  0.6733E-67
 -3.108  0.1163E-67
 -3.098  0.1988E-68
 -3.088  0.3362E-69
 -3.078  0.5622E-70
 -3.068  0.9303E-71
 -3.058  0.1523E-71
 -3.048  0.2466E-72
 -3.038  0.3950E-73
 -3.028  0.6259E-74
 -3.018  0.9811E-75
 -3.008  0.1523E-75
 -2.998  0.2465E-76
 -2.988  0.1229E-76
 -2.978  0.5852E-76
 -2.968  0.3804E-75
 -2.958  0.2467E-74
 -2.948  0.1584E-73
 -2.938  0.1006E-72
 -2.928  0.6316E-72
 -2.918  0.3925E-71
 -2.908  0.2412E-70
 -2.898  0.1467E-69
 -2.888  0.8824E-69
 -2.878  0.5251E-68
 -2.868  0.3091E-67
 -2.858  0.1800E-66
 -2.848  0.1037E-65
 -2.838  0.5911E-65
 -2.828  0.3332E-64
 -2.818  0.1859E-63
 -2.808  0.1025E-62
 -2.798  0.5597E-62
 -2.788  0.3022E-61
 -2.778  0.1614E-60
 -2.768  0.8530E-60
 -2.758  0.4459E-59
 -2.748  0.2306E-58
 -2.738  0.1179E-57
 -2.728  0.5969E-57
 -2.718  0.2988E-56
 -2.708  0.1480E-55
 -2.698  0.7249E-55
 -2.688  0.3513E-54
 -2.678  0.1684E-53
 -2.668  0.7989E-53
 -2.658  0.3749E-52
 -2.648  0.1740E-51
 -2.638  0.7989E-51
 -2.628  0.3629E-50
 -2.618  0.1631E-49
 -2.608  0.7248E-49
 -2.598  0.3187E-48
 -2.588  0.1387E-47
 -2.578  0.5967E-47
 -2.568  0.2540E-46
 -2.558  0.1070E-45
 -2.548  0.4457E-45
 -2.538  0.1837E-44
 -2.528  0.7489E-44
 -2.518  0.3021E-43
 -2.508  0.1205E-42
 -2.498  0.4757E-42
 -2.488  0.1857E-41
 -2.478  0.7175E-41
 -2.468  0.2742E-40
 -2.458  0.1036E-39
 -2.448  0.3876E-39
 -2.438  0.1434E-38
 -2.428  0.5247E-38
 -2.418  0.1899E-37
 -2.408  0.6803E-37
 -2.398  0.2410E-36
 -2.388  0.8447E-36
 -2.378  0.2929E-35
 -2.368  0.1004E-34
 -2.358  0.3408E-34
 -2.348  0.1144E-33
 -2.338  0.3799E-33
 -2.328  0.1248E-32
 -2.318  0.4055E-32
 -2.308  0.1303E-31
 -2.298  0.4145E-31
 -2.288  0.1304E-30
 -2.278  0.4058E-30
 -2.268  0.1249E-29
 -2.258  0.3805E-29
 -2.248  0.1146E-28
 -2.238  0.3416E-28
 -2.228  0.1007E-27
 -2.218  0.2938E-27
 -2.208  0.8477E-27
 -2.198  0.2420E-26
 -2.188  0.6833E-26
 -2.178  0.1909E-25
 -2.168  0.5274E-25
 -2.158  0.1442E-24
 -2.148  0.3899E-24
 -2.138  0.1043E-23
 -2.128  0.2760E-23
 -2.118  0.7227E-23
 -2.108  0.1872E-22
 -2.098  0.4796E-22
 -2.088  0.1215E-21
 -2.078  0.3048E-21
 -2.068  0.7559E-21
 -2.058  0.1855E-20
 -2.048  0.4502E-20
 -2.038  0.1081E-19
 -2.028  0.2568E-19
 -2.018  0.6035E-19
 -2.008  0.1403E-18
 -1.998  0.3226E-18
 -1.988  0.7340E-18
 -1.978  0.1652E-17
 -1.968  0.3678E-17
 -1.958  0.8101E-17
 -1.948  0.1765E-16
 -1.938  0.3804E-16
 -1.928  0.8112E-16
 -1.918  0.1711E-15
 -1.908  0.3571E-15
 -1.898  0.7371E-15
 -1.888  0.1505E-14
 -1.878  0.3041E-14
 -1.868  0.6077E-14
 -1.858  0.1202E-13
 -1.848  0.2350E-13
 -1.838  0.4547E-13
 -1.828  0.8703E-13
 -1.818  0.1648E-12
 -1.808  0.3087E-12
 -1.798  0.5721E-12
 -1.788  0.1049E-11
 -1.778  0.1902E-11
 -1.768  0.3413E-11
 -1.758  0.6058E-11
 -1.748  0.1064E-10
 -1.738  0.1848E-10
 -1.728  0.3176E-10
 -1.718  0.5400E-10
 -1.708  0.9083E-10
 -1.698  0.1512E-09
 -1.688  0.2489E-09
 -1.678  0.4053E-09
 -1.668  0.6532E-09
 -1.658  0.1041E-08
 -1.648  0.1643E-08
 -1.638  0.2564E-08
 -1.628  0.3959E-08
 -1.618  0.6048E-08
 -1.608  0.9142E-08
 -1.598  0.1367E-07
 -1.588  0.2024E-07
 -1.578  0.2964E-07
 -1.568  0.4295E-07
 -1.558  0.6160E-07
 -1.548  0.8742E-07
 -1.538  0.1228E-06
 -1.528  0.1707E-06
 -1.518  0.2349E-06
 -1.508  0.3198E-06
 -1.498  0.4312E-06
 -1.488  0.5754E-06
 -1.478  0.7603E-06
 -1.468  0.9945E-06
 -1.458  0.1288E-05
 -1.448  0.1653E-05
 -1.438  0.2099E-05
 -1.428  0.2642E-05
 -1.418  0.3293E-05
 -1.408  0.4067E-05
 -1.398  0.4978E-05
 -1.388  0.6037E-05
 -1.378  0.7257E-05
 -1.368  0.8647E-05
 -1.358  0.1022E-04
 -1.348  0.1197E-04
 -1.338  0.1391E-04
 -1.328  0.1603E-04
 -1.318  0.1832E-04
 -1.308  0.2078E-04
 -1.298  0.2339E-04
 -1.288  0.2613E-04
 -1.278  0.2897E-04
 -1.268  0.3187E-04
 -1.258  0.3481E-04
 -1.248  0.3773E-04
 -1.238  0.4060E-04
 -1.228  0.4337E-04
 -1.218  0.4597E-04
 -1.208  0.4837E-04
 -1.198  0.5050E-04
 -1.188  0.5232E-04
 -1.178  0.5379E-04
 -1.168  0.5485E-04
 -1.158  0.5549E-04
 -1.148  0.5567E-04
 -1.138  0.5539E-04
 -1.128  0.5464E-04
 -1.118  0.5343E-04
 -1.108  0.5179E-04
 -1.098  0.4975E-04
 -1.088  0.4736E-04
 -1.078  0.4467E-04
 -1.068  0.4174E-04
 -1.058  0.3863E-04
 -1.048  0.3541E-04
 -1.038  0.3215E-04
 -1.028  0.2891E-04
 -1.018  0.2574E-04
 -1.008  0.2269E-04
 -0.998  0.1982E-04
 -0.988  0.1715E-04
 -0.978  0.1471E-04
 -0.968  0.1251E-04
 -0.958  0.1058E-04
 -0.948  0.8904E-05
 -0.938  0.7498E-05
 -0.928  0.6355E-05
 -0.918  0.5474E-05
 -0.908  0.4853E-05
 -0.898  0.4490E-05
 -0.888  0.4390E-05
 -0.878  0.4558E-05
 -0.868  0.5006E-05
 -0.858  0.5749E-05
 -0.848  0.6807E-05
 -0.838  0.8202E-05
 -0.828  0.9958E-05
 -0.818  0.1210E-04
 -0.808  0.1465E-04
 -0.798  0.1763E-04
 -0.788  0.2104E-04
 -0.778  0.2490E-04
 -0.768  0.2919E-04
 -0.758  0.3389E-04
 -0.748  0.3896E-04
 -0.738  0.4436E-04
 -0.728  0.5002E-04
 -0.718  0.5586E-04
 -0.708  0.6178E-04
 -0.698  0.6769E-04
 -0.688  0.7349E-04
 -0.678  0.7908E-04
 -0.668  0.8436E-04
 -0.658  0.8925E-04
 -0.648  0.9367E-04
 -0.638  0.9760E-04
 -0.628  0.1010E-03
 -0.618  0.1039E-03
 -0.608  0.1063E-03
 -0.598  0.1082E-03
 -0.588  0.1098E-03
 -0.578  0.1112E-03
 -0.568  0.1123E-03
 -0.558  0.1135E-03
 -0.548  0.1147E-03
 -0.538  0.1160E-03
 -0.528  0.1176E-03
 -0.518  0.1194E-03
 -0.508  0.1215E-03
 -0.498  0.1240E-03
 -0.488  0.1266E-03
 -0.478  0.1295E-03
 -0.468  0.1324E-03
 -0.458  0.1352E-03
 -0.448  0.1379E-03
 -0.438  0.1402E-03
 -0.428  0.1421E-03
 -0.418  0.1433E-03
 -0.408  0.1438E-03
 -0.398  0.1435E-03
 -0.388  0.1424E-03
 -0.378  0.1403E-03
 -0.368  0.1373E-03
 -0.358  0.1335E-03
 -0.348  0.1289E-03
 -0.338  0.1237E-03
 -0.328  0.1178E-03
 -0.318  0.1116E-03
 -0.308  0.1051E-03
 -0.298  0.9844E-04
 -0.288  0.9181E-04
 -0.278  0.8531E-04
 -0.268  0.7905E-04
 -0.258  0.7313E-04
 -0.248  0.6760E-04
 -0.238  0.6250E-04
 -0.228  0.5787E-04
 -0.218  0.5369E-04
 -0.208  0.4996E-04
 -0.198  0.4664E-04
 -0.188  0.4369E-04
 -0.178  0.4108E-04
 -0.168  0.3876E-04
 -0.158  0.3670E-04
 -0.148  0.3487E-04
 -0.138  0.3327E-04
 -0.128  0.3189E-04
 -0.118  0.3075E-04
 -0.108  0.2989E-04
 -0.098  0.2935E-04
 -0.088  0.2921E-04
 -0.078  0.2953E-04
 -0.068  0.3041E-04
 -0.058  0.3195E-04
 -0.048  0.3423E-04
 -0.038  0.3737E-04
 -0.028  0.4145E-04
 -0.018  0.4657E-04
 -0.008  0.5279E-04
  0.002  0.6017E-04
  0.012  0.6877E-04
  0.022  0.7858E-04
  0.032  0.8959E-04
  0.042  0.1018E-03
  0.052  0.1151E-03
  0.062  0.1294E-03
  0.072  0.1445E-03
  0.082  0.1604E-03
  0.092  0.1768E-03
  0.102  0.1936E-03
  0.112  0.2104E-03
  0.122  0.2272E-03
  0.132  0.2435E-03
  0.142  0.2593E-03
  0.152  0.2744E-03
  0.162  0.2884E-03
  0.172  0.3014E-03
  0.182  0.3132E-03
  0.192  0.3237E-03
  0.202  0.3329E-03
  0.212  0.3410E-03
  0.222  0.3480E-03
  0.232  0.3542E-03
  0.242  0.3596E-03
  0.252  0.3646E-03
  0.262  0.3694E-03
  0.272  0.3742E-03
  0.282  0.3793E-03
  0.292  0.3849E-03
  0.302  0.3910E-03
  0.312  0.3976E-03
  0.322  0.4047E-03
  0.332  0.4122E-03
  0.342  0.4197E-03
  0.352  0.4270E-03
  0.362  0.4336E-03
  0.372  0.4392E-03
  0.382  0.4433E-03
  0.392  0.4453E-03
  0.402  0.4450E-03
  0.412  0.4420E-03
  0.422  0.4360E-03
  0.432  0.4270E-03
  0.442  0.4148E-03
  0.452  0.3996E-03
  0.462  0.3816E-03
  0.472  0.3611E-03
  0.482  0.3385E-03
  0.492  0.3143E-03
  0.502  0.2889E-03
  0.512  0.2630E-03
  0.522  0.2370E-03
  0.532  0.2115E-03
  0.542  0.1867E-03
  0.552  0.1631E-03
  0.562  0.1411E-03
  0.572  0.1207E-03
  0.582  0.1022E-03
  0.592  0.8568E-04
  0.602  0.7104E-04
  0.612  0.5829E-04
  0.622  0.4732E-04
  0.632  0.3801E-04
  0.642  0.3020E-04
  0.652  0.2375E-04
  0.662  0.1848E-04
  0.672  0.1422E-04
  0.682  0.1083E-04
  0.692  0.8161E-05
  0.702  0.6084E-05
  0.712  0.4488E-05
  0.722  0.3275E-05
  0.732  0.2364E-05
  0.742  0.1689E-05
  0.752  0.1194E-05
  0.762  0.8347E-06
  0.772  0.5775E-06
  0.782  0.3953E-06
  0.792  0.2677E-06
  0.802  0.1793E-06
  0.812  0.1189E-06
  0.822  0.7797E-07
  0.832  0.5059E-07
  0.842  0.3248E-07
