 -5.548  0.4335E-06
 -5.538  0.6702E-06
 -5.528  0.1025E-05
 -5.518  0.1551E-05
 -5.508  0.2321E-05
 -5.498  0.3438E-05
 -5.488  0.5036E-05
 -5.478  0.7298E-05
 -5.468  0.1046E-04
 -5.458  0.1484E-04
 -5.448  0.2083E-04
 -5.438  0.2892E-04
 -5.428  0.3972E-04
 -5.418  0.5397E-04
 -5.408  0.7257E-04
 -5.398  0.9654E-04
 -5.388  0.1271E-03
 -5.378  0.1655E-03
 -5.368  0.2133E-03
 -5.358  0.2721E-03
 -5.348  0.3434E-03
 -5.338  0.4291E-03
 -5.328  0.5306E-03
 -5.318  0.6495E-03
 -5.308  0.7871E-03
 -5.298  0.9445E-03
 -5.288  0.1122E-02
 -5.278  0.1321E-02
 -5.268  0.1541E-02
 -5.258  0.1781E-02
 -5.248  0.2040E-02
 -5.238  0.2318E-02
 -5.228  0.2612E-02
 -5.218  0.2921E-02
 -5.208  0.3244E-02
 -5.198  0.3578E-02
 -5.188  0.3923E-02
 -5.178  0.4276E-02
 -5.168  0.4639E-02
 -5.158  0.5010E-02
 -5.148  0.5390E-02
 -5.138  0.5780E-02
 -5.128  0.6181E-02
 -5.118  0.6593E-02
 -5.108  0.7019E-02
 -5.098  0.7459E-02
 -5.088  0.7912E-02
 -5.078  0.8379E-02
 -5.068  0.8859E-02
 -5.058  0.9349E-02
 -5.048  0.9846E-02
 -5.038  0.1035E-01
 -5.028  0.1085E-01
 -5.018  0.1135E-01
 -5.008  0.1184E-01
 -4.998  0.1232E-01
 -4.988  0.1278E-01
 -4.978  0.1323E-01
 -4.968  0.1366E-01
 -4.958  0.1407E-01
 -4.948  0.1446E-01
 -4.938  0.1485E-01
 -4.928  0.1522E-01
 -4.918  0.1558E-01
 -4.908  0.1594E-01
 -4.898  0.1629E-01
 -4.888  0.1665E-01
 -4.878  0.1701E-01
 -4.868  0.1737E-01
 -4.858  0.1772E-01
 -4.848  0.1807E-01
 -4.838  0.1840E-01
 -4.828  0.1870E-01
 -4.818  0.1897E-01
 -4.808  0.1919E-01
 -4.798  0.1935E-01
 -4.788  0.1943E-01
 -4.778  0.1942E-01
 -4.768  0.1931E-01
 -4.758  0.1910E-01
 -4.748  0.1877E-01
 -4.738  0.1831E-01
 -4.728  0.1775E-01
 -4.718  0.1707E-01
 -4.708  0.1628E-01
 -4.698  0.1540E-01
 -4.688  0.1444E-01
 -4.678  0.1343E-01
 -4.668  0.1237E-01
 -4.658  0.1129E-01
 -4.648  0.1020E-01
 -4.638  0.9136E-02
 -4.628  0.8099E-02
 -4.618  0.7109E-02
 -4.608  0.6178E-02
 -4.598  0.5314E-02
 -4.588  0.4525E-02
 -4.578  0.3813E-02
 -4.568  0.3180E-02
 -4.558  0.2625E-02
 -4.548  0.2144E-02
 -4.538  0.1733E-02
 -4.528  0.1386E-02
 -4.518  0.1097E-02
 -4.508  0.8587E-03
 -4.498  0.6652E-03
 -4.488  0.5099E-03
 -4.478  0.3867E-03
 -4.468  0.2901E-03
 -4.458  0.2154E-03
 -4.448  0.1582E-03
 -4.438  0.1149E-03
 -4.428  0.8261E-04
 -4.418  0.5874E-04
 -4.408  0.4133E-04
 -4.398  0.2876E-04
 -4.388  0.1980E-04
 -4.378  0.1349E-04
 -4.368  0.9090E-05
 -4.358  0.6060E-05
 -4.348  0.3996E-05
 -4.338  0.2607E-05
 -4.328  0.1683E-05
 -4.318  0.1074E-05
 -4.308  0.6787E-06
 -4.298  0.4241E-06
 -4.288  0.2621E-06
 -4.278  0.1603E-06
 -4.268  0.9697E-07
 -4.258  0.5803E-07
 -4.248  0.3436E-07
 -4.238  0.2012E-07
 -4.228  0.1166E-07
 -4.218  0.6681E-08
 -4.208  0.3788E-08
 -4.198  0.2125E-08
 -4.188  0.1179E-08
 -4.178  0.6472E-09
 -4.168  0.3514E-09
 -4.158  0.1888E-09
 -4.148  0.1003E-09
 -4.138  0.5274E-10
 -4.128  0.2743E-10
 -4.118  0.1411E-10
 -4.108  0.7181E-11
 -4.098  0.3615E-11
 -4.088  0.1801E-11
 -4.078  0.8872E-12
 -4.068  0.4324E-12
 -4.058  0.2085E-12
 -4.048  0.9945E-13
 -4.038  0.4693E-13
 -4.028  0.2191E-13
 -4.018  0.1012E-13
 -4.008  0.4621E-14
 -3.998  0.2088E-14
 -3.988  0.9336E-15
 -3.978  0.4129E-15
 -3.968  0.1806E-15
 -3.958  0.7818E-16
 -3.948  0.3347E-16
 -3.938  0.1418E-16
 -3.928  0.5940E-17
 -3.918  0.2462E-17
 -3.908  0.1010E-17
 -3.898  0.4095E-18
 -3.888  0.1643E-18
 -3.878  0.6523E-19
 -3.868  0.2561E-19
 -3.858  0.9951E-20
 -3.848  0.3824E-20
 -3.838  0.1454E-20
 -3.828  0.5468E-21
 -3.818  0.2034E-21
 -3.808  0.7487E-22
 -3.798  0.2726E-22
 -3.788  0.9818E-23
 -3.778  0.3498E-23
 -3.768  0.1233E-23
 -3.758  0.4300E-24
 -3.748  0.1483E-24
 -3.738  0.5061E-25
 -3.728  0.1708E-25
 -3.718  0.5705E-26
 -3.708  0.1885E-26
 -3.698  0.6160E-27
 -3.688  0.1991E-27
 -3.678  0.6369E-28
 -3.668  0.2015E-28
 -3.658  0.6307E-29
 -3.648  0.1953E-29
 -3.638  0.5981E-30
 -3.628  0.1812E-30
 -3.618  0.5432E-31
 -3.608  0.1611E-31
 -3.598  0.4725E-32
 -3.588  0.1371E-32
 -3.578  0.3936E-33
 -3.568  0.1118E-33
 -3.558  0.3140E-34
 -3.548  0.8728E-35
 -3.538  0.2399E-35
 -3.528  0.6526E-36
 -3.518  0.1756E-36
 -3.508  0.4673E-37
 -3.498  0.1230E-37
 -3.488  0.3205E-38
 -3.478  0.8258E-39
 -3.468  0.2105E-39
 -3.458  0.5308E-40
 -3.448  0.1324E-40
 -3.438  0.3268E-41
 -3.428  0.7977E-42
 -3.418  0.1926E-42
 -3.408  0.4602E-43
 -3.398  0.1088E-43
 -3.388  0.2543E-44
 -3.378  0.5882E-45
 -3.368  0.1346E-45
 -3.358  0.3046E-46
 -3.348  0.6820E-47
 -3.338  0.1511E-47
 -3.328  0.3310E-48
 -3.318  0.7176E-49
 -3.308  0.1539E-49
 -3.298  0.3264E-50
 -3.288  0.6850E-51
 -3.278  0.1422E-51
 -3.268  0.2920E-52
 -3.258  0.5933E-53
 -3.248  0.1192E-53
 -3.238  0.2371E-54
 -3.228  0.4663E-55
 -3.218  0.9073E-56
 -3.208  0.1746E-56
 -3.198  0.3325E-57
 -3.188  0.6263E-58
 -3.178  0.1167E-58
 -3.168  0.2151E-59
 -3.158  0.3923E-60
 -3.148  0.7078E-61
 -3.138  0.1263E-61
 -3.128  0.2230E-62
 -3.118  0.3894E-63
 -3.108  0.6728E-64
 -3.098  0.1150E-64
 -3.088  0.1944E-65
 -3.078  0.3252E-66
 -3.068  0.5380E-67
 -3.058  0.8807E-68
 -3.048  0.1426E-68
 -3.038  0.2284E-69
 -3.028  0.3620E-70
 -3.018  0.5674E-71
 -3.008  0.8800E-72
 -2.998  0.1354E-72
 -2.988  0.2356E-73
 -2.978  0.2347E-73
 -2.968  0.1342E-72
 -2.958  0.8678E-72
 -2.948  0.5570E-71
 -2.938  0.3536E-70
 -2.928  0.2221E-69
 -2.918  0.1380E-68
 -2.908  0.8484E-68
 -2.898  0.5159E-67
 -2.888  0.3103E-66
 -2.878  0.1847E-65
 -2.868  0.1087E-64
 -2.858  0.6331E-64
 -2.848  0.3647E-63
 -2.838  0.2079E-62
 -2.828  0.1172E-61
 -2.818  0.6536E-61
 -2.808  0.3606E-60
 -2.798  0.1968E-59
 -2.788  0.1063E-58
 -2.778  0.5677E-58
 -2.768  0.3000E-57
 -2.758  0.1568E-56
 -2.748  0.8108E-56
 -2.738  0.4148E-55
 -2.728  0.2099E-54
 -2.718  0.1051E-53
 -2.708  0.5204E-53
 -2.698  0.2549E-52
 -2.688  0.1236E-51
 -2.678  0.5924E-51
 -2.668  0.2810E-50
 -2.658  0.1318E-49
 -2.648  0.6119E-49
 -2.638  0.2810E-48
 -2.628  0.1276E-47
 -2.618  0.5734E-47
 -2.608  0.2549E-46
 -2.598  0.1121E-45
 -2.588  0.4876E-45
 -2.578  0.2098E-44
 -2.568  0.8933E-44
 -2.558  0.3762E-43
 -2.548  0.1567E-42
 -2.538  0.6460E-42
 -2.528  0.2634E-41
 -2.518  0.1062E-40
 -2.508  0.4238E-40
 -2.498  0.1673E-39
 -2.488  0.6532E-39
 -2.478  0.2523E-38
 -2.468  0.9642E-38
 -2.458  0.3645E-37
 -2.448  0.1363E-36
 -2.438  0.5042E-36
 -2.428  0.1845E-35
 -2.418  0.6680E-35
 -2.408  0.2392E-34
 -2.398  0.8476E-34
 -2.388  0.2971E-33
 -2.378  0.1030E-32
 -2.368  0.3533E-32
 -2.358  0.1199E-31
 -2.348  0.4023E-31
 -2.338  0.1336E-30
 -2.328  0.4388E-30
 -2.318  0.1426E-29
 -2.308  0.4584E-29
 -2.298  0.1458E-28
 -2.288  0.4586E-28
 -2.278  0.1427E-27
 -2.268  0.4393E-27
 -2.258  0.1338E-26
 -2.248  0.4031E-26
 -2.238  0.1201E-25
 -2.228  0.3542E-25
 -2.218  0.1033E-24
 -2.208  0.2981E-24
 -2.198  0.8510E-24
 -2.188  0.2403E-23
 -2.178  0.6712E-23
 -2.168  0.1855E-22
 -2.158  0.5070E-22
 -2.148  0.1371E-21
 -2.138  0.3668E-21
 -2.128  0.9708E-21
 -2.118  0.2542E-20
 -2.108  0.6583E-20
 -2.098  0.1686E-19
 -2.088  0.4274E-19
 -2.078  0.1072E-18
 -2.068  0.2658E-18
 -2.058  0.6523E-18
 -2.048  0.1583E-17
 -2.038  0.3802E-17
 -2.028  0.9032E-17
 -2.018  0.2122E-16
 -2.008  0.4934E-16
 -1.998  0.1135E-15
 -1.988  0.2581E-15
 -1.978  0.5810E-15
 -1.968  0.1293E-14
 -1.958  0.2849E-14
 -1.948  0.6207E-14
 -1.938  0.1338E-13
 -1.928  0.2853E-13
 -1.918  0.6018E-13
 -1.908  0.1256E-12
 -1.898  0.2592E-12
 -1.888  0.5294E-12
 -1.878  0.1069E-11
 -1.868  0.2137E-11
 -1.858  0.4226E-11
 -1.848  0.8264E-11
 -1.838  0.1599E-10
 -1.828  0.3061E-10
 -1.818  0.5796E-10
 -1.808  0.1086E-09
 -1.798  0.2012E-09
 -1.788  0.3689E-09
 -1.778  0.6690E-09
 -1.768  0.1200E-08
 -1.758  0.2131E-08
 -1.748  0.3741E-08
 -1.738  0.6499E-08
 -1.728  0.1117E-07
 -1.718  0.1899E-07
 -1.708  0.3195E-07
 -1.698  0.5316E-07
 -1.688  0.8753E-07
 -1.678  0.1426E-06
 -1.668  0.2298E-06
 -1.658  0.3663E-06
 -1.648  0.5779E-06
 -1.638  0.9019E-06
 -1.628  0.1393E-05
 -1.618  0.2128E-05
 -1.608  0.3217E-05
 -1.598  0.4812E-05
 -1.588  0.7123E-05
 -1.578  0.1043E-04
 -1.568  0.1512E-04
 -1.558  0.2169E-04
 -1.548  0.3079E-04
 -1.538  0.4325E-04
 -1.528  0.6014E-04
 -1.518  0.8277E-04
 -1.508  0.1128E-03
 -1.498  0.1521E-03
 -1.488  0.2030E-03
 -1.478  0.2684E-03
 -1.468  0.3513E-03
 -1.458  0.4553E-03
 -1.448  0.5844E-03
 -1.438  0.7431E-03
 -1.428  0.9359E-03
 -1.418  0.1168E-02
 -1.408  0.1444E-02
 -1.398  0.1769E-02
 -1.388  0.2149E-02
 -1.378  0.2587E-02
 -1.368  0.3088E-02
 -1.358  0.3655E-02
 -1.348  0.4290E-02
 -1.338  0.4996E-02
 -1.328  0.5771E-02
 -1.318  0.6614E-02
 -1.308  0.7523E-02
 -1.298  0.8492E-02
 -1.288  0.9514E-02
 -1.278  0.1058E-01
 -1.268  0.1168E-01
 -1.258  0.1280E-01
 -1.248  0.1392E-01
 -1.238  0.1504E-01
 -1.228  0.1612E-01
 -1.218  0.1715E-01
 -1.208  0.1811E-01
 -1.198  0.1898E-01
 -1.188  0.1974E-01
 -1.178  0.2037E-01
 -1.168  0.2085E-01
 -1.158  0.2116E-01
 -1.148  0.2131E-01
 -1.138  0.2127E-01
 -1.128  0.2106E-01
 -1.118  0.2066E-01
 -1.108  0.2009E-01
 -1.098  0.1936E-01
 -1.088  0.1848E-01
 -1.078  0.1748E-01
 -1.068  0.1638E-01
 -1.058  0.1520E-01
 -1.048  0.1397E-01
 -1.038  0.1272E-01
 -1.028  0.1146E-01
 -1.018  0.1023E-01
 -1.008  0.9040E-02
 -0.998  0.7909E-02
 -0.988  0.6853E-02
 -0.978  0.5881E-02
 -0.968  0.5001E-02
 -0.958  0.4217E-02
 -0.948  0.3530E-02
 -0.938  0.2941E-02
 -0.928  0.2447E-02
 -0.918  0.2044E-02
 -0.908  0.1730E-02
 -0.898  0.1499E-02
 -0.888  0.1349E-02
 -0.878  0.1277E-02
 -0.868  0.1282E-02
 -0.858  0.1362E-02
 -0.848  0.1518E-02
 -0.838  0.1752E-02
 -0.828  0.2064E-02
 -0.818  0.2457E-02
 -0.808  0.2933E-02
 -0.798  0.3493E-02
 -0.788  0.4136E-02
 -0.778  0.4861E-02
 -0.768  0.5665E-02
 -0.758  0.6541E-02
 -0.748  0.7481E-02
 -0.738  0.8474E-02
 -0.728  0.9508E-02
 -0.718  0.1057E-01
 -0.708  0.1163E-01
 -0.698  0.1269E-01
 -0.688  0.1373E-01
 -0.678  0.1473E-01
 -0.668  0.1568E-01
 -0.658  0.1658E-01
 -0.648  0.1741E-01
 -0.638  0.1817E-01
 -0.628  0.1889E-01
 -0.618  0.1955E-01
 -0.608  0.2019E-01
 -0.598  0.2080E-01
 -0.588  0.2143E-01
 -0.578  0.2207E-01
 -0.568  0.2276E-01
 -0.558  0.2351E-01
 -0.548  0.2433E-01
 -0.538  0.2522E-01
 -0.528  0.2618E-01
 -0.518  0.2721E-01
 -0.508  0.2829E-01
 -0.498  0.2939E-01
 -0.488  0.3047E-01
 -0.478  0.3151E-01
 -0.468  0.3247E-01
 -0.458  0.3330E-01
 -0.448  0.3397E-01
 -0.438  0.3444E-01
 -0.428  0.3468E-01
 -0.418  0.3466E-01
 -0.408  0.3438E-01
 -0.398  0.3384E-01
 -0.388  0.3303E-01
 -0.378  0.3197E-01
 -0.368  0.3069E-01
 -0.358  0.2922E-01
 -0.348  0.2759E-01
 -0.338  0.2586E-01
 -0.328  0.2405E-01
 -0.318  0.2221E-01
 -0.308  0.2039E-01
 -0.298  0.1862E-01
 -0.288  0.1693E-01
 -0.278  0.1535E-01
 -0.268  0.1389E-01
 -0.258  0.1256E-01
 -0.248  0.1139E-01
 -0.238  0.1035E-01
 -0.228  0.9452E-02
 -0.218  0.8681E-02
 -0.208  0.8024E-02
 -0.198  0.7466E-02
 -0.188  0.6992E-02
 -0.178  0.6585E-02
 -0.168  0.6230E-02
 -0.158  0.5914E-02
 -0.148  0.5628E-02
 -0.138  0.5361E-02
 -0.128  0.5111E-02
 -0.118  0.4873E-02
 -0.108  0.4649E-02
 -0.098  0.4443E-02
 -0.088  0.4258E-02
 -0.078  0.4102E-02
 -0.068  0.3983E-02
 -0.058  0.3911E-02
 -0.048  0.3893E-02
 -0.038  0.3938E-02
 -0.028  0.4054E-02
 -0.018  0.4248E-02
 -0.008  0.4524E-02
  0.002  0.4884E-02
  0.012  0.5330E-02
  0.022  0.5860E-02
  0.032  0.6470E-02
  0.042  0.7153E-02
  0.052  0.7901E-02
  0.062  0.8702E-02
  0.072  0.9544E-02
  0.082  0.1041E-01
  0.092  0.1129E-01
  0.102  0.1217E-01
  0.112  0.1302E-01
  0.122  0.1383E-01
  0.132  0.1459E-01
  0.142  0.1528E-01
  0.152  0.1588E-01
  0.162  0.1639E-01
  0.172  0.1679E-01
  0.182  0.1709E-01
  0.192  0.1726E-01
  0.202  0.1732E-01
  0.212  0.1727E-01
  0.222  0.1710E-01
  0.232  0.1684E-01
  0.242  0.1648E-01
  0.252  0.1604E-01
  0.262  0.1553E-01
  0.272  0.1497E-01
  0.282  0.1438E-01
  0.292  0.1377E-01
  0.302  0.1314E-01
  0.312  0.1253E-01
  0.322  0.1193E-01
  0.332  0.1135E-01
  0.342  0.1081E-01
  0.352  0.1030E-01
  0.362  0.9822E-02
  0.372  0.9379E-02
  0.382  0.8964E-02
  0.392  0.8572E-02
  0.402  0.8198E-02
  0.412  0.7835E-02
  0.422  0.7477E-02
  0.432  0.7118E-02
  0.442  0.6753E-02
  0.452  0.6381E-02
  0.462  0.5998E-02
  0.472  0.5605E-02
  0.482  0.5203E-02
  0.492  0.4795E-02
  0.502  0.4385E-02
  0.512  0.3976E-02
  0.522  0.3575E-02
  0.532  0.3186E-02
  0.542  0.2812E-02
  0.552  0.2459E-02
  0.562  0.2129E-02
  0.572  0.1825E-02
  0.582  0.1549E-02
  0.592  0.1302E-02
  0.602  0.1082E-02
  0.612  0.8909E-03
  0.622  0.7257E-03
  0.632  0.5850E-03
  0.642  0.4666E-03
  0.652  0.3683E-03
  0.662  0.2876E-03
  0.672  0.2223E-03
  0.682  0.1699E-03
  0.692  0.1286E-03
  0.702  0.9624E-04
  0.712  0.7127E-04
  0.722  0.5222E-04
  0.732  0.3786E-04
  0.742  0.2716E-04
  0.752  0.1927E-04
  0.762  0.1353E-04
  0.772  0.9401E-05
  0.782  0.6461E-05
  0.792  0.4393E-05
  0.802  0.2956E-05
  0.812  0.1967E-05
  0.822  0.1295E-05
  0.832  0.8440E-06
  0.842  0.5440E-06
