 -5.548  0.3305E-08
 -5.538  0.5111E-08
 -5.528  0.7819E-08
 -5.518  0.1183E-07
 -5.508  0.1772E-07
 -5.498  0.2625E-07
 -5.488  0.3847E-07
 -5.478  0.5579E-07
 -5.468  0.8005E-07
 -5.458  0.1136E-06
 -5.448  0.1596E-06
 -5.438  0.2219E-06
 -5.428  0.3052E-06
 -5.418  0.4154E-06
 -5.408  0.5597E-06
 -5.398  0.7463E-06
 -5.388  0.9850E-06
 -5.378  0.1287E-05
 -5.368  0.1665E-05
 -5.358  0.2134E-05
 -5.348  0.2708E-05
 -5.338  0.3404E-05
 -5.328  0.4240E-05
 -5.318  0.5234E-05
 -5.308  0.6407E-05
 -5.298  0.7778E-05
 -5.288  0.9368E-05
 -5.278  0.1120E-04
 -5.268  0.1330E-04
 -5.258  0.1568E-04
 -5.248  0.1838E-04
 -5.238  0.2143E-04
 -5.228  0.2486E-04
 -5.218  0.2870E-04
 -5.208  0.3301E-04
 -5.198  0.3782E-04
 -5.188  0.4318E-04
 -5.178  0.4914E-04
 -5.168  0.5575E-04
 -5.158  0.6306E-04
 -5.148  0.7109E-04
 -5.138  0.7988E-04
 -5.128  0.8943E-04
 -5.118  0.9972E-04
 -5.108  0.1107E-03
 -5.098  0.1223E-03
 -5.088  0.1345E-03
 -5.078  0.1470E-03
 -5.068  0.1597E-03
 -5.058  0.1725E-03
 -5.048  0.1850E-03
 -5.038  0.1971E-03
 -5.028  0.2086E-03
 -5.018  0.2192E-03
 -5.008  0.2287E-03
 -4.998  0.2370E-03
 -4.988  0.2438E-03
 -4.978  0.2491E-03
 -4.968  0.2529E-03
 -4.958  0.2551E-03
 -4.948  0.2558E-03
 -4.938  0.2551E-03
 -4.928  0.2531E-03
 -4.918  0.2499E-03
 -4.908  0.2458E-03
 -4.898  0.2409E-03
 -4.888  0.2355E-03
 -4.878  0.2296E-03
 -4.868  0.2234E-03
 -4.858  0.2172E-03
 -4.848  0.2109E-03
 -4.838  0.2047E-03
 -4.828  0.1985E-03
 -4.818  0.1925E-03
 -4.808  0.1866E-03
 -4.798  0.1807E-03
 -4.788  0.1748E-03
 -4.778  0.1689E-03
 -4.768  0.1628E-03
 -4.758  0.1564E-03
 -4.748  0.1499E-03
 -4.738  0.1430E-03
 -4.728  0.1358E-03
 -4.718  0.1283E-03
 -4.708  0.1204E-03
 -4.698  0.1124E-03
 -4.688  0.1041E-03
 -4.678  0.9579E-04
 -4.668  0.8742E-04
 -4.658  0.7914E-04
 -4.648  0.7104E-04
 -4.638  0.6321E-04
 -4.628  0.5573E-04
 -4.618  0.4869E-04
 -4.608  0.4214E-04
 -4.598  0.3612E-04
 -4.588  0.3066E-04
 -4.578  0.2577E-04
 -4.568  0.2144E-04
 -4.558  0.1766E-04
 -4.548  0.1440E-04
 -4.538  0.1162E-04
 -4.528  0.9281E-05
 -4.518  0.7336E-05
 -4.508  0.5738E-05
 -4.498  0.4441E-05
 -4.488  0.3401E-05
 -4.478  0.2578E-05
 -4.468  0.1933E-05
 -4.458  0.1434E-05
 -4.448  0.1053E-05
 -4.438  0.7646E-06
 -4.428  0.5494E-06
 -4.418  0.3906E-06
 -4.408  0.2747E-06
 -4.398  0.1911E-06
 -4.388  0.1316E-06
 -4.378  0.8961E-07
 -4.368  0.6037E-07
 -4.358  0.4024E-07
 -4.348  0.2654E-07
 -4.338  0.1731E-07
 -4.328  0.1117E-07
 -4.318  0.7132E-08
 -4.308  0.4505E-08
 -4.298  0.2815E-08
 -4.288  0.1740E-08
 -4.278  0.1064E-08
 -4.268  0.6435E-09
 -4.258  0.3851E-09
 -4.248  0.2280E-09
 -4.238  0.1335E-09
 -4.228  0.7735E-10
 -4.218  0.4433E-10
 -4.208  0.2514E-10
 -4.198  0.1410E-10
 -4.188  0.7823E-11
 -4.178  0.4294E-11
 -4.168  0.2332E-11
 -4.158  0.1252E-11
 -4.148  0.6656E-12
 -4.138  0.3499E-12
 -4.128  0.1820E-12
 -4.118  0.9361E-13
 -4.108  0.4764E-13
 -4.098  0.2399E-13
 -4.088  0.1195E-13
 -4.078  0.5886E-14
 -4.068  0.2869E-14
 -4.058  0.1383E-14
 -4.048  0.6598E-15
 -4.038  0.3113E-15
 -4.028  0.1453E-15
 -4.018  0.6711E-16
 -4.008  0.3066E-16
 -3.998  0.1385E-16
 -3.988  0.6193E-17
 -3.978  0.2739E-17
 -3.968  0.1198E-17
 -3.958  0.5186E-18
 -3.948  0.2220E-18
 -3.938  0.9405E-19
 -3.928  0.3940E-19
 -3.918  0.1633E-19
 -3.908  0.6697E-20
 -3.898  0.2717E-20
 -3.888  0.1090E-20
 -3.878  0.4327E-21
 -3.868  0.1699E-21
 -3.858  0.6601E-22
 -3.848  0.2537E-22
 -3.838  0.9644E-23
 -3.828  0.3627E-23
 -3.818  0.1349E-23
 -3.808  0.4967E-24
 -3.798  0.1808E-24
 -3.788  0.6513E-25
 -3.778  0.2321E-25
 -3.768  0.8180E-26
 -3.758  0.2852E-26
 -3.748  0.9839E-27
 -3.738  0.3357E-27
 -3.728  0.1133E-27
 -3.718  0.3785E-28
 -3.708  0.1250E-28
 -3.698  0.4086E-29
 -3.688  0.1321E-29
 -3.678  0.4225E-30
 -3.668  0.1337E-30
 -3.658  0.4184E-31
 -3.648  0.1295E-31
 -3.638  0.3968E-32
 -3.628  0.1202E-32
 -3.618  0.3604E-33
 -3.608  0.1069E-33
 -3.598  0.3134E-34
 -3.588  0.9096E-35
 -3.578  0.2611E-35
 -3.568  0.7415E-36
 -3.558  0.2083E-36
 -3.548  0.5789E-37
 -3.538  0.1592E-37
 -3.528  0.4329E-38
 -3.518  0.1165E-38
 -3.508  0.3100E-39
 -3.498  0.8162E-40
 -3.488  0.2126E-40
 -3.478  0.5478E-41
 -3.468  0.1396E-41
 -3.458  0.3521E-42
 -3.448  0.8784E-43
 -3.438  0.2168E-43
 -3.428  0.5291E-44
 -3.418  0.1278E-44
 -3.408  0.3053E-45
 -3.398  0.7215E-46
 -3.388  0.1687E-46
 -3.378  0.3901E-47
 -3.368  0.8926E-48
 -3.358  0.2020E-48
 -3.348  0.4524E-49
 -3.338  0.1002E-49
 -3.328  0.2196E-50
 -3.318  0.4760E-51
 -3.308  0.1021E-51
 -3.298  0.2165E-52
 -3.288  0.4544E-53
 -3.278  0.9432E-54
 -3.268  0.1937E-54
 -3.258  0.3935E-55
 -3.248  0.7909E-56
 -3.238  0.1573E-56
 -3.228  0.3093E-57
 -3.218  0.6018E-58
 -3.208  0.1158E-58
 -3.198  0.2206E-59
 -3.188  0.4154E-60
 -3.178  0.7741E-61
 -3.168  0.1427E-61
 -3.158  0.2602E-62
 -3.148  0.4694E-63
 -3.138  0.8378E-64
 -3.128  0.1479E-64
 -3.118  0.2583E-65
 -3.108  0.4463E-66
 -3.098  0.7627E-67
 -3.088  0.1290E-67
 -3.078  0.2157E-68
 -3.068  0.3569E-69
 -3.058  0.5841E-70
 -3.048  0.9458E-71
 -3.038  0.1515E-71
 -3.028  0.2401E-72
 -3.018  0.3764E-73
 -3.008  0.5838E-74
 -2.998  0.9053E-75
 -2.988  0.2025E-75
 -2.978  0.4620E-75
 -2.968  0.2899E-74
 -2.958  0.1879E-73
 -2.948  0.1206E-72
 -2.938  0.7658E-72
 -2.928  0.4810E-71
 -2.918  0.2989E-70
 -2.908  0.1837E-69
 -2.898  0.1117E-68
 -2.888  0.6720E-68
 -2.878  0.3999E-67
 -2.868  0.2354E-66
 -2.858  0.1371E-65
 -2.848  0.7898E-65
 -2.838  0.4501E-64
 -2.828  0.2538E-63
 -2.818  0.1415E-62
 -2.808  0.7809E-62
 -2.798  0.4262E-61
 -2.788  0.2302E-60
 -2.778  0.1229E-59
 -2.768  0.6496E-59
 -2.758  0.3396E-58
 -2.748  0.1756E-57
 -2.738  0.8982E-57
 -2.728  0.4545E-56
 -2.718  0.2275E-55
 -2.708  0.1127E-54
 -2.698  0.5521E-54
 -2.688  0.2676E-53
 -2.678  0.1283E-52
 -2.668  0.6084E-52
 -2.658  0.2855E-51
 -2.648  0.1325E-50
 -2.638  0.6084E-50
 -2.628  0.2763E-49
 -2.618  0.1242E-48
 -2.608  0.5520E-48
 -2.598  0.2427E-47
 -2.588  0.1056E-46
 -2.578  0.4544E-46
 -2.568  0.1934E-45
 -2.558  0.8147E-45
 -2.548  0.3394E-44
 -2.538  0.1399E-43
 -2.528  0.5703E-43
 -2.518  0.2300E-42
 -2.508  0.9178E-42
 -2.498  0.3623E-41
 -2.488  0.1415E-40
 -2.478  0.5464E-40
 -2.468  0.2088E-39
 -2.458  0.7893E-39
 -2.448  0.2951E-38
 -2.438  0.1092E-37
 -2.428  0.3996E-37
 -2.418  0.1447E-36
 -2.408  0.5181E-36
 -2.398  0.1835E-35
 -2.388  0.6433E-35
 -2.378  0.2230E-34
 -2.368  0.7650E-34
 -2.358  0.2596E-33
 -2.348  0.8712E-33
 -2.338  0.2893E-32
 -2.328  0.9502E-32
 -2.318  0.3088E-31
 -2.308  0.9926E-31
 -2.298  0.3157E-30
 -2.288  0.9930E-30
 -2.278  0.3090E-29
 -2.268  0.9514E-29
 -2.258  0.2897E-28
 -2.248  0.8730E-28
 -2.238  0.2602E-27
 -2.228  0.7671E-27
 -2.218  0.2237E-26
 -2.208  0.6456E-26
 -2.198  0.1843E-25
 -2.188  0.5204E-25
 -2.178  0.1454E-24
 -2.168  0.4017E-24
 -2.158  0.1098E-23
 -2.148  0.2969E-23
 -2.138  0.7944E-23
 -2.128  0.2102E-22
 -2.118  0.5504E-22
 -2.108  0.1425E-21
 -2.098  0.3652E-21
 -2.088  0.9257E-21
 -2.078  0.2321E-20
 -2.068  0.5757E-20
 -2.058  0.1413E-19
 -2.048  0.3429E-19
 -2.038  0.8234E-19
 -2.028  0.1956E-18
 -2.018  0.4596E-18
 -2.008  0.1069E-17
 -1.998  0.2457E-17
 -1.988  0.5591E-17
 -1.978  0.1258E-16
 -1.968  0.2801E-16
 -1.958  0.6170E-16
 -1.948  0.1344E-15
 -1.938  0.2898E-15
 -1.928  0.6179E-15
 -1.918  0.1304E-14
 -1.908  0.2720E-14
 -1.898  0.5616E-14
 -1.888  0.1147E-13
 -1.878  0.2317E-13
 -1.868  0.4631E-13
 -1.858  0.9156E-13
 -1.848  0.1791E-12
 -1.838  0.3466E-12
 -1.828  0.6634E-12
 -1.818  0.1256E-11
 -1.808  0.2354E-11
 -1.798  0.4362E-11
 -1.788  0.7999E-11
 -1.778  0.1451E-10
 -1.768  0.2604E-10
 -1.758  0.4623E-10
 -1.748  0.8120E-10
 -1.738  0.1411E-09
 -1.728  0.2426E-09
 -1.718  0.4125E-09
 -1.708  0.6942E-09
 -1.698  0.1156E-08
 -1.688  0.1903E-08
 -1.678  0.3102E-08
 -1.668  0.5002E-08
 -1.658  0.7979E-08
 -1.648  0.1260E-07
 -1.638  0.1967E-07
 -1.628  0.3040E-07
 -1.618  0.4650E-07
 -1.608  0.7037E-07
 -1.598  0.1054E-06
 -1.588  0.1562E-06
 -1.578  0.2291E-06
 -1.568  0.3325E-06
 -1.558  0.4778E-06
 -1.548  0.6795E-06
 -1.538  0.9566E-06
 -1.528  0.1333E-05
 -1.518  0.1840E-05
 -1.508  0.2513E-05
 -1.498  0.3400E-05
 -1.488  0.4554E-05
 -1.478  0.6043E-05
 -1.468  0.7941E-05
 -1.458  0.1034E-04
 -1.448  0.1333E-04
 -1.438  0.1704E-04
 -1.428  0.2159E-04
 -1.418  0.2710E-04
 -1.408  0.3372E-04
 -1.398  0.4161E-04
 -1.388  0.5090E-04
 -1.378  0.6176E-04
 -1.368  0.7433E-04
 -1.358  0.8873E-04
 -1.348  0.1051E-03
 -1.338  0.1235E-03
 -1.328  0.1440E-03
 -1.318  0.1667E-03
 -1.308  0.1915E-03
 -1.298  0.2183E-03
 -1.288  0.2470E-03
 -1.278  0.2774E-03
 -1.268  0.3093E-03
 -1.258  0.3422E-03
 -1.248  0.3757E-03
 -1.238  0.4093E-03
 -1.228  0.4425E-03
 -1.218  0.4746E-03
 -1.208  0.5050E-03
 -1.198  0.5330E-03
 -1.188  0.5579E-03
 -1.178  0.5790E-03
 -1.168  0.5958E-03
 -1.158  0.6078E-03
 -1.148  0.6145E-03
 -1.138  0.6157E-03
 -1.128  0.6114E-03
 -1.118  0.6014E-03
 -1.108  0.5861E-03
 -1.098  0.5658E-03
 -1.088  0.5409E-03
 -1.078  0.5121E-03
 -1.068  0.4802E-03
 -1.058  0.4458E-03
 -1.048  0.4097E-03
 -1.038  0.3728E-03
 -1.028  0.3359E-03
 -1.018  0.2996E-03
 -1.008  0.2645E-03
 -0.998  0.2312E-03
 -0.988  0.2002E-03
 -0.978  0.1717E-03
 -0.968  0.1461E-03
 -0.958  0.1233E-03
 -0.948  0.1036E-03
 -0.938  0.8684E-04
 -0.928  0.7309E-04
 -0.918  0.6226E-04
 -0.908  0.5430E-04
 -0.898  0.4917E-04
 -0.888  0.4684E-04
 -0.878  0.4734E-04
 -0.868  0.5073E-04
 -0.858  0.5710E-04
 -0.848  0.6660E-04
 -0.838  0.7941E-04
 -0.828  0.9571E-04
 -0.818  0.1157E-03
 -0.808  0.1395E-03
 -0.798  0.1674E-03
 -0.788  0.1993E-03
 -0.778  0.2353E-03
 -0.768  0.2752E-03
 -0.758  0.3189E-03
 -0.748  0.3658E-03
 -0.738  0.4157E-03
 -0.728  0.4677E-03
 -0.718  0.5212E-03
 -0.708  0.5753E-03
 -0.698  0.6291E-03
 -0.688  0.6818E-03
 -0.678  0.7325E-03
 -0.668  0.7804E-03
 -0.658  0.8248E-03
 -0.648  0.8653E-03
 -0.638  0.9016E-03
 -0.628  0.9338E-03
 -0.618  0.9620E-03
 -0.608  0.9867E-03
 -0.598  0.1009E-02
 -0.588  0.1029E-02
 -0.578  0.1047E-02
 -0.568  0.1066E-02
 -0.558  0.1086E-02
 -0.548  0.1108E-02
 -0.538  0.1132E-02
 -0.528  0.1159E-02
 -0.518  0.1190E-02
 -0.508  0.1223E-02
 -0.498  0.1259E-02
 -0.488  0.1296E-02
 -0.478  0.1334E-02
 -0.468  0.1371E-02
 -0.458  0.1405E-02
 -0.448  0.1436E-02
 -0.438  0.1460E-02
 -0.428  0.1478E-02
 -0.418  0.1487E-02
 -0.408  0.1486E-02
 -0.398  0.1476E-02
 -0.388  0.1454E-02
 -0.378  0.1423E-02
 -0.368  0.1381E-02
 -0.358  0.1330E-02
 -0.348  0.1271E-02
 -0.338  0.1205E-02
 -0.328  0.1134E-02
 -0.318  0.1059E-02
 -0.308  0.9825E-03
 -0.298  0.9057E-03
 -0.288  0.8301E-03
 -0.278  0.7571E-03
 -0.268  0.6878E-03
 -0.258  0.6230E-03
 -0.248  0.5632E-03
 -0.238  0.5090E-03
 -0.228  0.4603E-03
 -0.218  0.4171E-03
 -0.208  0.3791E-03
 -0.198  0.3459E-03
 -0.188  0.3171E-03
 -0.178  0.2921E-03
 -0.168  0.2704E-03
 -0.158  0.2516E-03
 -0.148  0.2351E-03
 -0.138  0.2207E-03
 -0.128  0.2082E-03
 -0.118  0.1975E-03
 -0.108  0.1884E-03
 -0.098  0.1813E-03
 -0.088  0.1763E-03
 -0.078  0.1736E-03
 -0.068  0.1737E-03
 -0.058  0.1770E-03
 -0.048  0.1838E-03
 -0.038  0.1948E-03
 -0.028  0.2102E-03
 -0.018  0.2304E-03
 -0.008  0.2558E-03
  0.002  0.2866E-03
  0.012  0.3228E-03
  0.022  0.3646E-03
  0.032  0.4116E-03
  0.042  0.4638E-03
  0.052  0.5206E-03
  0.062  0.5816E-03
  0.072  0.6460E-03
  0.082  0.7131E-03
  0.092  0.7819E-03
  0.102  0.8515E-03
  0.112  0.9207E-03
  0.122  0.9885E-03
  0.132  0.1054E-02
  0.142  0.1115E-02
  0.152  0.1173E-02
  0.162  0.1224E-02
  0.172  0.1270E-02
  0.182  0.1308E-02
  0.192  0.1340E-02
  0.202  0.1364E-02
  0.212  0.1381E-02
  0.222  0.1392E-02
  0.232  0.1396E-02
  0.242  0.1395E-02
  0.252  0.1389E-02
  0.262  0.1380E-02
  0.272  0.1368E-02
  0.282  0.1355E-02
  0.292  0.1342E-02
  0.302  0.1330E-02
  0.312  0.1318E-02
  0.322  0.1308E-02
  0.332  0.1300E-02
  0.342  0.1293E-02
  0.352  0.1287E-02
  0.362  0.1281E-02
  0.372  0.1275E-02
  0.382  0.1267E-02
  0.392  0.1256E-02
  0.402  0.1240E-02
  0.412  0.1220E-02
  0.422  0.1195E-02
  0.432  0.1163E-02
  0.442  0.1124E-02
  0.452  0.1079E-02
  0.462  0.1028E-02
  0.472  0.9713E-03
  0.482  0.9098E-03
  0.492  0.8445E-03
  0.502  0.7766E-03
  0.512  0.7074E-03
  0.522  0.6382E-03
  0.532  0.5700E-03
  0.542  0.5041E-03
  0.552  0.4413E-03
  0.562  0.3823E-03
  0.572  0.3279E-03
  0.582  0.2782E-03
  0.592  0.2337E-03
  0.602  0.1942E-03
  0.612  0.1597E-03
  0.622  0.1300E-03
  0.632  0.1046E-03
  0.642  0.8336E-04
  0.652  0.6571E-04
  0.662  0.5125E-04
  0.672  0.3955E-04
  0.682  0.3020E-04
  0.692  0.2281E-04
  0.702  0.1705E-04
  0.712  0.1261E-04
  0.722  0.9225E-05
  0.732  0.6677E-05
  0.742  0.4782E-05
  0.752  0.3389E-05
  0.762  0.2376E-05
  0.772  0.1648E-05
  0.782  0.1131E-05
  0.792  0.7676E-06
  0.802  0.5156E-06
  0.812  0.3427E-06
  0.822  0.2253E-06
  0.832  0.1466E-06
  0.842  0.9432E-07
