 -5.548  0.4666E-06
 -5.538  0.7213E-06
 -5.528  0.1103E-05
 -5.518  0.1669E-05
 -5.508  0.2499E-05
 -5.498  0.3700E-05
 -5.488  0.5420E-05
 -5.478  0.7856E-05
 -5.468  0.1126E-04
 -5.458  0.1598E-04
 -5.448  0.2242E-04
 -5.438  0.3113E-04
 -5.428  0.4276E-04
 -5.418  0.5811E-04
 -5.408  0.7814E-04
 -5.398  0.1040E-03
 -5.388  0.1368E-03
 -5.378  0.1783E-03
 -5.368  0.2298E-03
 -5.358  0.2931E-03
 -5.348  0.3701E-03
 -5.338  0.4624E-03
 -5.328  0.5719E-03
 -5.318  0.7003E-03
 -5.308  0.8490E-03
 -5.298  0.1019E-02
 -5.288  0.1212E-02
 -5.278  0.1427E-02
 -5.268  0.1665E-02
 -5.258  0.1926E-02
 -5.248  0.2209E-02
 -5.238  0.2512E-02
 -5.228  0.2834E-02
 -5.218  0.3174E-02
 -5.208  0.3530E-02
 -5.198  0.3900E-02
 -5.188  0.4284E-02
 -5.178  0.4680E-02
 -5.168  0.5089E-02
 -5.158  0.5510E-02
 -5.148  0.5945E-02
 -5.138  0.6394E-02
 -5.128  0.6859E-02
 -5.118  0.7341E-02
 -5.108  0.7841E-02
 -5.098  0.8359E-02
 -5.088  0.8896E-02
 -5.078  0.9451E-02
 -5.068  0.1002E-01
 -5.058  0.1060E-01
 -5.048  0.1120E-01
 -5.038  0.1179E-01
 -5.028  0.1238E-01
 -5.018  0.1296E-01
 -5.008  0.1353E-01
 -4.998  0.1408E-01
 -4.988  0.1459E-01
 -4.978  0.1507E-01
 -4.968  0.1552E-01
 -4.958  0.1592E-01
 -4.948  0.1628E-01
 -4.938  0.1659E-01
 -4.928  0.1686E-01
 -4.918  0.1708E-01
 -4.908  0.1726E-01
 -4.898  0.1740E-01
 -4.888  0.1750E-01
 -4.878  0.1757E-01
 -4.868  0.1759E-01
 -4.858  0.1759E-01
 -4.848  0.1754E-01
 -4.838  0.1747E-01
 -4.828  0.1735E-01
 -4.818  0.1719E-01
 -4.808  0.1699E-01
 -4.798  0.1675E-01
 -4.788  0.1645E-01
 -4.778  0.1610E-01
 -4.768  0.1569E-01
 -4.758  0.1522E-01
 -4.748  0.1470E-01
 -4.738  0.1411E-01
 -4.728  0.1347E-01
 -4.718  0.1277E-01
 -4.708  0.1203E-01
 -4.698  0.1126E-01
 -4.688  0.1045E-01
 -4.678  0.9625E-02
 -4.668  0.8794E-02
 -4.658  0.7967E-02
 -4.648  0.7155E-02
 -4.638  0.6369E-02
 -4.628  0.5617E-02
 -4.618  0.4908E-02
 -4.608  0.4248E-02
 -4.598  0.3641E-02
 -4.588  0.3091E-02
 -4.578  0.2598E-02
 -4.568  0.2161E-02
 -4.558  0.1780E-02
 -4.548  0.1451E-02
 -4.538  0.1171E-02
 -4.528  0.9352E-03
 -4.518  0.7392E-03
 -4.508  0.5781E-03
 -4.498  0.4475E-03
 -4.488  0.3427E-03
 -4.478  0.2597E-03
 -4.468  0.1947E-03
 -4.458  0.1445E-03
 -4.448  0.1060E-03
 -4.438  0.7702E-04
 -4.428  0.5534E-04
 -4.418  0.3934E-04
 -4.408  0.2767E-04
 -4.398  0.1925E-04
 -4.388  0.1325E-04
 -4.378  0.9025E-05
 -4.368  0.6081E-05
 -4.358  0.4053E-05
 -4.348  0.2673E-05
 -4.338  0.1743E-05
 -4.328  0.1125E-05
 -4.318  0.7183E-06
 -4.308  0.4537E-06
 -4.298  0.2835E-06
 -4.288  0.1752E-06
 -4.278  0.1071E-06
 -4.268  0.6481E-07
 -4.258  0.3878E-07
 -4.248  0.2296E-07
 -4.238  0.1345E-07
 -4.228  0.7790E-08
 -4.218  0.4465E-08
 -4.208  0.2531E-08
 -4.198  0.1420E-08
 -4.188  0.7878E-09
 -4.178  0.4324E-09
 -4.168  0.2348E-09
 -4.158  0.1261E-09
 -4.148  0.6703E-10
 -4.138  0.3524E-10
 -4.128  0.1833E-10
 -4.118  0.9428E-11
 -4.108  0.4798E-11
 -4.098  0.2416E-11
 -4.088  0.1203E-11
 -4.078  0.5928E-12
 -4.068  0.2889E-12
 -4.058  0.1393E-12
 -4.048  0.6645E-13
 -4.038  0.3136E-13
 -4.028  0.1464E-13
 -4.018  0.6759E-14
 -4.008  0.3088E-14
 -3.998  0.1395E-14
 -3.988  0.6238E-15
 -3.978  0.2759E-15
 -3.968  0.1207E-15
 -3.958  0.5223E-16
 -3.948  0.2236E-16
 -3.938  0.9472E-17
 -3.928  0.3969E-17
 -3.918  0.1645E-17
 -3.908  0.6745E-18
 -3.898  0.2736E-18
 -3.888  0.1098E-18
 -3.878  0.4358E-19
 -3.868  0.1711E-19
 -3.858  0.6649E-20
 -3.848  0.2555E-20
 -3.838  0.9714E-21
 -3.828  0.3653E-21
 -3.818  0.1359E-21
 -3.808  0.5002E-22
 -3.798  0.1821E-22
 -3.788  0.6560E-23
 -3.778  0.2337E-23
 -3.768  0.8239E-24
 -3.758  0.2873E-24
 -3.748  0.9910E-25
 -3.738  0.3382E-25
 -3.728  0.1142E-25
 -3.718  0.3812E-26
 -3.708  0.1259E-26
 -3.698  0.4116E-27
 -3.688  0.1331E-27
 -3.678  0.4255E-28
 -3.668  0.1346E-28
 -3.658  0.4214E-29
 -3.648  0.1305E-29
 -3.638  0.3996E-30
 -3.628  0.1211E-30
 -3.618  0.3630E-31
 -3.608  0.1076E-31
 -3.598  0.3157E-32
 -3.588  0.9161E-33
 -3.578  0.2630E-33
 -3.568  0.7469E-34
 -3.558  0.2098E-34
 -3.548  0.5831E-35
 -3.538  0.1603E-35
 -3.528  0.4360E-36
 -3.518  0.1173E-36
 -3.508  0.3122E-37
 -3.498  0.8221E-38
 -3.488  0.2141E-38
 -3.478  0.5518E-39
 -3.468  0.1406E-39
 -3.458  0.3547E-40
 -3.448  0.8847E-41
 -3.438  0.2183E-41
 -3.428  0.5330E-42
 -3.418  0.1287E-42
 -3.408  0.3075E-43
 -3.398  0.7267E-44
 -3.388  0.1699E-44
 -3.378  0.3930E-45
 -3.368  0.8991E-46
 -3.358  0.2035E-46
 -3.348  0.4557E-47
 -3.338  0.1009E-47
 -3.328  0.2212E-48
 -3.318  0.4794E-49
 -3.308  0.1028E-49
 -3.298  0.2181E-50
 -3.288  0.4577E-51
 -3.278  0.9501E-52
 -3.268  0.1951E-52
 -3.258  0.3964E-53
 -3.248  0.7967E-54
 -3.238  0.1584E-54
 -3.228  0.3115E-55
 -3.218  0.6062E-56
 -3.208  0.1167E-56
 -3.198  0.2222E-57
 -3.188  0.4185E-58
 -3.178  0.7798E-59
 -3.168  0.1437E-59
 -3.158  0.2621E-60
 -3.148  0.4729E-61
 -3.138  0.8439E-62
 -3.128  0.1490E-62
 -3.118  0.2602E-63
 -3.108  0.4495E-64
 -3.098  0.7683E-65
 -3.088  0.1299E-65
 -3.078  0.2173E-66
 -3.068  0.3595E-67
 -3.058  0.5884E-68
 -3.048  0.9528E-69
 -3.038  0.1526E-69
 -3.028  0.2418E-70
 -3.018  0.3791E-71
 -3.008  0.5879E-72
 -2.998  0.9039E-73
 -2.988  0.1505E-73
 -2.978  0.1110E-73
 -2.968  0.5961E-73
 -2.958  0.3848E-72
 -2.948  0.2470E-71
 -2.938  0.1568E-70
 -2.928  0.9849E-70
 -2.918  0.6120E-69
 -2.908  0.3762E-68
 -2.898  0.2287E-67
 -2.888  0.1376E-66
 -2.878  0.8188E-66
 -2.868  0.4820E-65
 -2.858  0.2807E-64
 -2.848  0.1617E-63
 -2.838  0.9217E-63
 -2.828  0.5196E-62
 -2.818  0.2898E-61
 -2.808  0.1599E-60
 -2.798  0.8728E-60
 -2.788  0.4713E-59
 -2.778  0.2517E-58
 -2.768  0.1330E-57
 -2.758  0.6953E-57
 -2.748  0.3595E-56
 -2.738  0.1839E-55
 -2.728  0.9307E-55
 -2.718  0.4659E-54
 -2.708  0.2307E-53
 -2.698  0.1130E-52
 -2.688  0.5479E-52
 -2.678  0.2627E-51
 -2.668  0.1246E-50
 -2.658  0.5845E-50
 -2.648  0.2713E-49
 -2.638  0.1246E-48
 -2.628  0.5659E-48
 -2.618  0.2543E-47
 -2.608  0.1130E-46
 -2.598  0.4970E-46
 -2.588  0.2162E-45
 -2.578  0.9304E-45
 -2.568  0.3961E-44
 -2.558  0.1668E-43
 -2.548  0.6950E-43
 -2.538  0.2864E-42
 -2.528  0.1168E-41
 -2.518  0.4710E-41
 -2.508  0.1879E-40
 -2.498  0.7418E-40
 -2.488  0.2896E-39
 -2.478  0.1119E-38
 -2.468  0.4275E-38
 -2.458  0.1616E-37
 -2.448  0.6043E-37
 -2.438  0.2236E-36
 -2.428  0.8182E-36
 -2.418  0.2962E-35
 -2.408  0.1061E-34
 -2.398  0.3758E-34
 -2.388  0.1317E-33
 -2.378  0.4567E-33
 -2.368  0.1566E-32
 -2.358  0.5315E-32
 -2.348  0.1784E-31
 -2.338  0.5923E-31
 -2.328  0.1946E-30
 -2.318  0.6323E-30
 -2.308  0.2032E-29
 -2.298  0.6463E-29
 -2.288  0.2033E-28
 -2.278  0.6328E-28
 -2.268  0.1948E-27
 -2.258  0.5933E-27
 -2.248  0.1787E-26
 -2.238  0.5328E-26
 -2.228  0.1571E-25
 -2.218  0.4582E-25
 -2.208  0.1322E-24
 -2.198  0.3773E-24
 -2.188  0.1066E-23
 -2.178  0.2976E-23
 -2.168  0.8225E-23
 -2.158  0.2248E-22
 -2.148  0.6080E-22
 -2.138  0.1627E-21
 -2.128  0.4305E-21
 -2.118  0.1127E-20
 -2.108  0.2919E-20
 -2.098  0.7479E-20
 -2.088  0.1896E-19
 -2.078  0.4753E-19
 -2.068  0.1179E-18
 -2.058  0.2893E-18
 -2.048  0.7022E-18
 -2.038  0.1686E-17
 -2.028  0.4006E-17
 -2.018  0.9413E-17
 -2.008  0.2188E-16
 -1.998  0.5033E-16
 -1.988  0.1145E-15
 -1.978  0.2577E-15
 -1.968  0.5738E-15
 -1.958  0.1264E-14
 -1.948  0.2754E-14
 -1.938  0.5936E-14
 -1.928  0.1266E-13
 -1.918  0.2670E-13
 -1.908  0.5573E-13
 -1.898  0.1151E-12
 -1.888  0.2350E-12
 -1.878  0.4748E-12
 -1.868  0.9490E-12
 -1.858  0.1877E-11
 -1.848  0.3671E-11
 -1.838  0.7104E-11
 -1.828  0.1360E-10
 -1.818  0.2576E-10
 -1.808  0.4827E-10
 -1.798  0.8948E-10
 -1.788  0.1641E-09
 -1.778  0.2978E-09
 -1.768  0.5345E-09
 -1.758  0.9492E-09
 -1.748  0.1668E-08
 -1.738  0.2899E-08
 -1.728  0.4986E-08
 -1.718  0.8483E-08
 -1.708  0.1428E-07
 -1.698  0.2379E-07
 -1.688  0.3921E-07
 -1.678  0.6394E-07
 -1.668  0.1032E-06
 -1.658  0.1648E-06
 -1.648  0.2603E-06
 -1.638  0.4070E-06
 -1.628  0.6298E-06
 -1.618  0.9645E-06
 -1.608  0.1462E-05
 -1.598  0.2193E-05
 -1.588  0.3256E-05
 -1.578  0.4785E-05
 -1.568  0.6963E-05
 -1.558  0.1003E-04
 -1.548  0.1430E-04
 -1.538  0.2020E-04
 -1.528  0.2824E-04
 -1.518  0.3912E-04
 -1.508  0.5366E-04
 -1.498  0.7291E-04
 -1.488  0.9815E-04
 -1.478  0.1309E-03
 -1.468  0.1731E-03
 -1.458  0.2267E-03
 -1.448  0.2944E-03
 -1.438  0.3790E-03
 -1.428  0.4838E-03
 -1.418  0.6124E-03
 -1.408  0.7689E-03
 -1.398  0.9576E-03
 -1.388  0.1183E-02
 -1.378  0.1450E-02
 -1.368  0.1764E-02
 -1.358  0.2129E-02
 -1.348  0.2551E-02
 -1.338  0.3033E-02
 -1.328  0.3579E-02
 -1.318  0.4192E-02
 -1.308  0.4873E-02
 -1.298  0.5622E-02
 -1.288  0.6437E-02
 -1.278  0.7314E-02
 -1.268  0.8245E-02
 -1.258  0.9223E-02
 -1.248  0.1023E-01
 -1.238  0.1126E-01
 -1.228  0.1229E-01
 -1.218  0.1331E-01
 -1.208  0.1428E-01
 -1.198  0.1520E-01
 -1.188  0.1602E-01
 -1.178  0.1675E-01
 -1.168  0.1735E-01
 -1.158  0.1780E-01
 -1.148  0.1810E-01
 -1.138  0.1822E-01
 -1.128  0.1817E-01
 -1.118  0.1795E-01
 -1.108  0.1756E-01
 -1.098  0.1701E-01
 -1.088  0.1631E-01
 -1.078  0.1548E-01
 -1.068  0.1455E-01
 -1.058  0.1354E-01
 -1.048  0.1246E-01
 -1.038  0.1136E-01
 -1.028  0.1025E-01
 -1.018  0.9151E-02
 -1.008  0.8086E-02
 -0.998  0.7073E-02
 -0.988  0.6124E-02
 -0.978  0.5250E-02
 -0.968  0.4457E-02
 -0.958  0.3751E-02
 -0.948  0.3131E-02
 -0.938  0.2598E-02
 -0.928  0.2150E-02
 -0.918  0.1781E-02
 -0.908  0.1490E-02
 -0.898  0.1270E-02
 -0.888  0.1119E-02
 -0.878  0.1034E-02
 -0.868  0.1011E-02
 -0.858  0.1049E-02
 -0.848  0.1148E-02
 -0.838  0.1307E-02
 -0.828  0.1527E-02
 -0.818  0.1809E-02
 -0.808  0.2154E-02
 -0.798  0.2562E-02
 -0.788  0.3034E-02
 -0.778  0.3569E-02
 -0.768  0.4163E-02
 -0.758  0.4813E-02
 -0.748  0.5514E-02
 -0.738  0.6256E-02
 -0.728  0.7031E-02
 -0.718  0.7829E-02
 -0.708  0.8637E-02
 -0.698  0.9443E-02
 -0.688  0.1024E-01
 -0.678  0.1101E-01
 -0.668  0.1174E-01
 -0.658  0.1244E-01
 -0.648  0.1310E-01
 -0.638  0.1372E-01
 -0.628  0.1430E-01
 -0.618  0.1485E-01
 -0.608  0.1539E-01
 -0.598  0.1593E-01
 -0.588  0.1648E-01
 -0.578  0.1707E-01
 -0.568  0.1772E-01
 -0.558  0.1843E-01
 -0.548  0.1922E-01
 -0.538  0.2010E-01
 -0.528  0.2107E-01
 -0.518  0.2213E-01
 -0.508  0.2326E-01
 -0.498  0.2445E-01
 -0.488  0.2568E-01
 -0.478  0.2690E-01
 -0.468  0.2810E-01
 -0.458  0.2922E-01
 -0.448  0.3024E-01
 -0.438  0.3112E-01
 -0.428  0.3181E-01
 -0.418  0.3230E-01
 -0.408  0.3256E-01
 -0.398  0.3257E-01
 -0.388  0.3234E-01
 -0.378  0.3186E-01
 -0.368  0.3114E-01
 -0.358  0.3021E-01
 -0.348  0.2910E-01
 -0.338  0.2783E-01
 -0.328  0.2644E-01
 -0.318  0.2497E-01
 -0.308  0.2346E-01
 -0.298  0.2196E-01
 -0.288  0.2048E-01
 -0.278  0.1906E-01
 -0.268  0.1772E-01
 -0.258  0.1649E-01
 -0.248  0.1536E-01
 -0.238  0.1435E-01
 -0.228  0.1346E-01
 -0.218  0.1267E-01
 -0.208  0.1197E-01
 -0.198  0.1136E-01
 -0.188  0.1082E-01
 -0.178  0.1033E-01
 -0.168  0.9870E-02
 -0.158  0.9437E-02
 -0.148  0.9017E-02
 -0.138  0.8601E-02
 -0.128  0.8184E-02
 -0.118  0.7766E-02
 -0.108  0.7349E-02
 -0.098  0.6936E-02
 -0.088  0.6536E-02
 -0.078  0.6159E-02
 -0.068  0.5814E-02
 -0.058  0.5513E-02
 -0.048  0.5268E-02
 -0.038  0.5089E-02
 -0.028  0.4986E-02
 -0.018  0.4966E-02
 -0.008  0.5037E-02
  0.002  0.5202E-02
  0.012  0.5462E-02
  0.022  0.5816E-02
  0.032  0.6261E-02
  0.042  0.6791E-02
  0.052  0.7397E-02
  0.062  0.8069E-02
  0.072  0.8796E-02
  0.082  0.9562E-02
  0.092  0.1035E-01
  0.102  0.1116E-01
  0.112  0.1195E-01
  0.122  0.1273E-01
  0.132  0.1346E-01
  0.142  0.1414E-01
  0.152  0.1476E-01
  0.162  0.1529E-01
  0.172  0.1574E-01
  0.182  0.1609E-01
  0.192  0.1634E-01
  0.202  0.1649E-01
  0.212  0.1653E-01
  0.222  0.1646E-01
  0.232  0.1631E-01
  0.242  0.1606E-01
  0.252  0.1574E-01
  0.262  0.1536E-01
  0.272  0.1492E-01
  0.282  0.1444E-01
  0.292  0.1394E-01
  0.302  0.1343E-01
  0.312  0.1292E-01
  0.322  0.1242E-01
  0.332  0.1194E-01
  0.342  0.1147E-01
  0.352  0.1104E-01
  0.362  0.1062E-01
  0.372  0.1023E-01
  0.382  0.9855E-02
  0.392  0.9491E-02
  0.402  0.9133E-02
  0.412  0.8775E-02
  0.422  0.8410E-02
  0.432  0.8033E-02
  0.442  0.7641E-02
  0.452  0.7231E-02
  0.462  0.6805E-02
  0.472  0.6362E-02
  0.482  0.5905E-02
  0.492  0.5439E-02
  0.502  0.4970E-02
  0.512  0.4502E-02
  0.522  0.4042E-02
  0.532  0.3596E-02
  0.542  0.3169E-02
  0.552  0.2765E-02
  0.562  0.2390E-02
  0.572  0.2045E-02
  0.582  0.1732E-02
  0.592  0.1452E-02
  0.602  0.1205E-02
  0.612  0.9893E-03
  0.622  0.8040E-03
  0.632  0.6466E-03
  0.642  0.5146E-03
  0.652  0.4052E-03
  0.662  0.3157E-03
  0.672  0.2434E-03
  0.682  0.1857E-03
  0.692  0.1402E-03
  0.702  0.1047E-03
  0.712  0.7737E-04
  0.722  0.5657E-04
  0.732  0.4092E-04
  0.742  0.2929E-04
  0.752  0.2074E-04
  0.762  0.1453E-04
  0.772  0.1007E-04
  0.782  0.6907E-05
  0.792  0.4687E-05
  0.802  0.3146E-05
  0.812  0.2090E-05
  0.822  0.1373E-05
  0.832  0.8929E-06
  0.842  0.5744E-06
