 -5.548  0.4852E-09
 -5.538  0.7502E-09
 -5.528  0.1148E-08
 -5.518  0.1737E-08
 -5.508  0.2600E-08
 -5.498  0.3850E-08
 -5.488  0.5641E-08
 -5.478  0.8177E-08
 -5.468  0.1173E-07
 -5.458  0.1664E-07
 -5.448  0.2336E-07
 -5.438  0.3245E-07
 -5.428  0.4459E-07
 -5.418  0.6064E-07
 -5.408  0.8159E-07
 -5.398  0.1086E-06
 -5.388  0.1432E-06
 -5.378  0.1867E-06
 -5.368  0.2410E-06
 -5.358  0.3079E-06
 -5.348  0.3895E-06
 -5.338  0.4877E-06
 -5.328  0.6049E-06
 -5.318  0.7429E-06
 -5.308  0.9039E-06
 -5.298  0.1090E-05
 -5.288  0.1302E-05
 -5.278  0.1542E-05
 -5.268  0.1812E-05
 -5.258  0.2111E-05
 -5.248  0.2442E-05
 -5.238  0.2805E-05
 -5.228  0.3200E-05
 -5.218  0.3629E-05
 -5.208  0.4092E-05
 -5.198  0.4591E-05
 -5.188  0.5126E-05
 -5.178  0.5701E-05
 -5.168  0.6315E-05
 -5.158  0.6973E-05
 -5.148  0.7673E-05
 -5.138  0.8419E-05
 -5.128  0.9208E-05
 -5.118  0.1004E-04
 -5.108  0.1091E-04
 -5.098  0.1182E-04
 -5.088  0.1275E-04
 -5.078  0.1369E-04
 -5.068  0.1464E-04
 -5.058  0.1558E-04
 -5.048  0.1649E-04
 -5.038  0.1735E-04
 -5.028  0.1815E-04
 -5.018  0.1886E-04
 -5.008  0.1948E-04
 -4.998  0.1999E-04
 -4.988  0.2038E-04
 -4.978  0.2064E-04
 -4.968  0.2077E-04
 -4.958  0.2077E-04
 -4.948  0.2065E-04
 -4.938  0.2042E-04
 -4.928  0.2008E-04
 -4.918  0.1967E-04
 -4.908  0.1919E-04
 -4.898  0.1866E-04
 -4.888  0.1811E-04
 -4.878  0.1754E-04
 -4.868  0.1697E-04
 -4.858  0.1641E-04
 -4.848  0.1587E-04
 -4.838  0.1536E-04
 -4.828  0.1488E-04
 -4.818  0.1442E-04
 -4.808  0.1399E-04
 -4.798  0.1358E-04
 -4.788  0.1318E-04
 -4.778  0.1277E-04
 -4.768  0.1237E-04
 -4.758  0.1195E-04
 -4.748  0.1150E-04
 -4.738  0.1103E-04
 -4.728  0.1053E-04
 -4.718  0.1000E-04
 -4.708  0.9438E-05
 -4.698  0.8848E-05
 -4.688  0.8235E-05
 -4.678  0.7606E-05
 -4.668  0.6968E-05
 -4.658  0.6329E-05
 -4.648  0.5699E-05
 -4.638  0.5085E-05
 -4.628  0.4495E-05
 -4.618  0.3936E-05
 -4.608  0.3413E-05
 -4.598  0.2931E-05
 -4.588  0.2492E-05
 -4.578  0.2097E-05
 -4.568  0.1747E-05
 -4.558  0.1441E-05
 -4.548  0.1176E-05
 -4.538  0.9498E-06
 -4.528  0.7592E-06
 -4.518  0.6005E-06
 -4.508  0.4700E-06
 -4.498  0.3640E-06
 -4.488  0.2789E-06
 -4.478  0.2115E-06
 -4.468  0.1586E-06
 -4.458  0.1177E-06
 -4.448  0.8645E-07
 -4.438  0.6280E-07
 -4.428  0.4514E-07
 -4.418  0.3209E-07
 -4.408  0.2258E-07
 -4.398  0.1571E-07
 -4.388  0.1082E-07
 -4.378  0.7369E-08
 -4.368  0.4965E-08
 -4.358  0.3310E-08
 -4.348  0.2183E-08
 -4.338  0.1424E-08
 -4.328  0.9191E-09
 -4.318  0.5869E-09
 -4.308  0.3707E-09
 -4.298  0.2316E-09
 -4.288  0.1432E-09
 -4.278  0.8756E-10
 -4.268  0.5297E-10
 -4.258  0.3170E-10
 -4.248  0.1877E-10
 -4.238  0.1099E-10
 -4.228  0.6368E-11
 -4.218  0.3650E-11
 -4.208  0.2070E-11
 -4.198  0.1161E-11
 -4.188  0.6442E-12
 -4.178  0.3536E-12
 -4.168  0.1920E-12
 -4.158  0.1032E-12
 -4.148  0.5482E-13
 -4.138  0.2882E-13
 -4.128  0.1499E-13
 -4.118  0.7711E-14
 -4.108  0.3924E-14
 -4.098  0.1976E-14
 -4.088  0.9841E-15
 -4.078  0.4849E-15
 -4.068  0.2364E-15
 -4.058  0.1140E-15
 -4.048  0.5436E-16
 -4.038  0.2565E-16
 -4.028  0.1198E-16
 -4.018  0.5530E-17
 -4.008  0.2526E-17
 -3.998  0.1142E-17
 -3.988  0.5104E-18
 -3.978  0.2258E-18
 -3.968  0.9877E-19
 -3.958  0.4275E-19
 -3.948  0.1830E-19
 -3.938  0.7753E-20
 -3.928  0.3248E-20
 -3.918  0.1346E-20
 -3.908  0.5521E-21
 -3.898  0.2240E-21
 -3.888  0.8988E-22
 -3.878  0.3568E-22
 -3.868  0.1401E-22
 -3.858  0.5443E-23
 -3.848  0.2092E-23
 -3.838  0.7953E-24
 -3.828  0.2991E-24
 -3.818  0.1113E-24
 -3.808  0.4096E-25
 -3.798  0.1491E-25
 -3.788  0.5372E-26
 -3.778  0.1914E-26
 -3.768  0.6748E-27
 -3.758  0.2353E-27
 -3.748  0.8117E-28
 -3.738  0.2770E-28
 -3.728  0.9350E-29
 -3.718  0.3123E-29
 -3.708  0.1032E-29
 -3.698  0.3372E-30
 -3.688  0.1090E-30
 -3.678  0.3486E-31
 -3.668  0.1103E-31
 -3.658  0.3453E-32
 -3.648  0.1069E-32
 -3.638  0.3275E-33
 -3.628  0.9922E-34
 -3.618  0.2974E-34
 -3.608  0.8820E-35
 -3.598  0.2587E-35
 -3.588  0.7508E-36
 -3.578  0.2156E-36
 -3.568  0.6122E-37
 -3.558  0.1720E-37
 -3.548  0.4780E-38
 -3.538  0.1314E-38
 -3.528  0.3574E-39
 -3.518  0.9617E-40
 -3.508  0.2560E-40
 -3.498  0.6740E-41
 -3.488  0.1756E-41
 -3.478  0.4524E-42
 -3.468  0.1153E-42
 -3.458  0.2908E-43
 -3.448  0.7255E-44
 -3.438  0.1790E-44
 -3.428  0.4371E-45
 -3.418  0.1056E-45
 -3.408  0.2522E-46
 -3.398  0.5960E-47
 -3.388  0.1394E-47
 -3.378  0.3223E-48
 -3.368  0.7375E-49
 -3.358  0.1669E-49
 -3.348  0.3738E-50
 -3.338  0.8280E-51
 -3.328  0.1814E-51
 -3.318  0.3933E-52
 -3.308  0.8435E-53
 -3.298  0.1789E-53
 -3.288  0.3755E-54
 -3.278  0.7796E-55
 -3.268  0.1601E-55
 -3.258  0.3253E-56
 -3.248  0.6538E-57
 -3.238  0.1300E-57
 -3.228  0.2557E-58
 -3.218  0.4975E-59
 -3.208  0.9576E-60
 -3.198  0.1823E-60
 -3.188  0.3435E-61
 -3.178  0.6401E-62
 -3.168  0.1180E-62
 -3.158  0.2152E-63
 -3.148  0.3882E-64
 -3.138  0.6928E-65
 -3.128  0.1223E-65
 -3.118  0.2136E-66
 -3.108  0.3691E-67
 -3.098  0.6308E-68
 -3.088  0.1067E-68
 -3.078  0.1784E-69
 -3.068  0.2952E-70
 -3.058  0.4832E-71
 -3.048  0.7824E-72
 -3.038  0.1253E-72
 -3.028  0.1986E-73
 -3.018  0.3114E-74
 -3.008  0.4833E-75
 -2.998  0.7677E-76
 -2.988  0.2929E-76
 -2.978  0.1213E-75
 -2.968  0.7849E-75
 -2.958  0.5091E-74
 -2.948  0.3267E-73
 -2.938  0.2075E-72
 -2.928  0.1303E-71
 -2.918  0.8097E-71
 -2.908  0.4977E-70
 -2.898  0.3027E-69
 -2.888  0.1821E-68
 -2.878  0.1083E-67
 -2.868  0.6378E-67
 -2.858  0.3714E-66
 -2.848  0.2140E-65
 -2.838  0.1220E-64
 -2.828  0.6875E-64
 -2.818  0.3835E-63
 -2.808  0.2116E-62
 -2.798  0.1155E-61
 -2.788  0.6235E-61
 -2.778  0.3330E-60
 -2.768  0.1760E-59
 -2.758  0.9199E-59
 -2.748  0.4757E-58
 -2.738  0.2433E-57
 -2.728  0.1231E-56
 -2.718  0.6165E-56
 -2.708  0.3053E-55
 -2.698  0.1496E-54
 -2.688  0.7249E-54
 -2.678  0.3475E-53
 -2.668  0.1648E-52
 -2.658  0.7734E-52
 -2.648  0.3590E-51
 -2.638  0.1648E-50
 -2.628  0.7487E-50
 -2.618  0.3364E-49
 -2.608  0.1495E-48
 -2.598  0.6576E-48
 -2.588  0.2861E-47
 -2.578  0.1231E-46
 -2.568  0.5241E-46
 -2.558  0.2207E-45
 -2.548  0.9195E-45
 -2.538  0.3790E-44
 -2.528  0.1545E-43
 -2.518  0.6232E-43
 -2.508  0.2487E-42
 -2.498  0.9815E-42
 -2.488  0.3832E-41
 -2.478  0.1480E-40
 -2.468  0.5657E-40
 -2.458  0.2138E-39
 -2.448  0.7996E-39
 -2.438  0.2958E-38
 -2.428  0.1082E-37
 -2.418  0.3919E-37
 -2.408  0.1404E-36
 -2.398  0.4972E-36
 -2.388  0.1743E-35
 -2.378  0.6042E-35
 -2.368  0.2072E-34
 -2.358  0.7032E-34
 -2.348  0.2360E-33
 -2.338  0.7837E-33
 -2.328  0.2574E-32
 -2.318  0.8365E-32
 -2.308  0.2689E-31
 -2.298  0.8552E-31
 -2.288  0.2690E-30
 -2.278  0.8372E-30
 -2.268  0.2577E-29
 -2.258  0.7850E-29
 -2.248  0.2365E-28
 -2.238  0.7049E-28
 -2.228  0.2078E-27
 -2.218  0.6062E-27
 -2.208  0.1749E-26
 -2.198  0.4992E-26
 -2.188  0.1410E-25
 -2.178  0.3938E-25
 -2.168  0.1088E-24
 -2.158  0.2975E-24
 -2.148  0.8044E-24
 -2.138  0.2152E-23
 -2.128  0.5695E-23
 -2.118  0.1491E-22
 -2.108  0.3862E-22
 -2.098  0.9894E-22
 -2.088  0.2508E-21
 -2.078  0.6288E-21
 -2.068  0.1560E-20
 -2.058  0.3827E-20
 -2.048  0.9289E-20
 -2.038  0.2231E-19
 -2.028  0.5299E-19
 -2.018  0.1245E-18
 -2.008  0.2895E-18
 -1.998  0.6657E-18
 -1.988  0.1514E-17
 -1.978  0.3408E-17
 -1.968  0.7589E-17
 -1.958  0.1671E-16
 -1.948  0.3642E-16
 -1.938  0.7850E-16
 -1.928  0.1674E-15
 -1.918  0.3531E-15
 -1.908  0.7367E-15
 -1.898  0.1521E-14
 -1.888  0.3106E-14
 -1.878  0.6275E-14
 -1.868  0.1254E-13
 -1.858  0.2479E-13
 -1.848  0.4849E-13
 -1.838  0.9383E-13
 -1.828  0.1796E-12
 -1.818  0.3401E-12
 -1.808  0.6371E-12
 -1.798  0.1181E-11
 -1.788  0.2165E-11
 -1.778  0.3926E-11
 -1.768  0.7045E-11
 -1.758  0.1251E-10
 -1.748  0.2196E-10
 -1.738  0.3815E-10
 -1.728  0.6558E-10
 -1.718  0.1115E-09
 -1.708  0.1876E-09
 -1.698  0.3122E-09
 -1.688  0.5140E-09
 -1.678  0.8374E-09
 -1.668  0.1350E-08
 -1.658  0.2152E-08
 -1.648  0.3395E-08
 -1.638  0.5300E-08
 -1.628  0.8185E-08
 -1.618  0.1251E-07
 -1.608  0.1891E-07
 -1.598  0.2830E-07
 -1.588  0.4190E-07
 -1.578  0.6139E-07
 -1.568  0.8900E-07
 -1.558  0.1277E-06
 -1.548  0.1813E-06
 -1.538  0.2548E-06
 -1.528  0.3545E-06
 -1.518  0.4881E-06
 -1.508  0.6653E-06
 -1.498  0.8977E-06
 -1.488  0.1199E-05
 -1.478  0.1586E-05
 -1.468  0.2077E-05
 -1.458  0.2695E-05
 -1.448  0.3462E-05
 -1.438  0.4405E-05
 -1.428  0.5552E-05
 -1.418  0.6935E-05
 -1.408  0.8582E-05
 -1.398  0.1053E-04
 -1.388  0.1280E-04
 -1.378  0.1542E-04
 -1.368  0.1843E-04
 -1.358  0.2183E-04
 -1.348  0.2566E-04
 -1.338  0.2991E-04
 -1.328  0.3458E-04
 -1.318  0.3968E-04
 -1.308  0.4517E-04
 -1.298  0.5103E-04
 -1.288  0.5722E-04
 -1.278  0.6368E-04
 -1.268  0.7034E-04
 -1.258  0.7712E-04
 -1.248  0.8393E-04
 -1.238  0.9066E-04
 -1.228  0.9719E-04
 -1.218  0.1034E-03
 -1.208  0.1092E-03
 -1.198  0.1144E-03
 -1.188  0.1189E-03
 -1.178  0.1226E-03
 -1.168  0.1254E-03
 -1.158  0.1272E-03
 -1.148  0.1279E-03
 -1.138  0.1276E-03
 -1.128  0.1261E-03
 -1.118  0.1235E-03
 -1.108  0.1200E-03
 -1.098  0.1154E-03
 -1.088  0.1100E-03
 -1.078  0.1039E-03
 -1.068  0.9718E-04
 -1.058  0.9003E-04
 -1.048  0.8260E-04
 -1.038  0.7505E-04
 -1.028  0.6752E-04
 -1.018  0.6015E-04
 -1.008  0.5306E-04
 -0.998  0.4636E-04
 -0.988  0.4012E-04
 -0.978  0.3441E-04
 -0.968  0.2928E-04
 -0.958  0.2475E-04
 -0.948  0.2083E-04
 -0.938  0.1753E-04
 -0.928  0.1485E-04
 -0.918  0.1277E-04
 -0.908  0.1130E-04
 -0.898  0.1043E-04
 -0.888  0.1017E-04
 -0.878  0.1053E-04
 -0.868  0.1153E-04
 -0.858  0.1321E-04
 -0.848  0.1561E-04
 -0.838  0.1878E-04
 -0.828  0.2277E-04
 -0.818  0.2763E-04
 -0.808  0.3342E-04
 -0.798  0.4017E-04
 -0.788  0.4790E-04
 -0.778  0.5662E-04
 -0.768  0.6630E-04
 -0.758  0.7689E-04
 -0.748  0.8830E-04
 -0.738  0.1004E-03
 -0.728  0.1131E-03
 -0.718  0.1261E-03
 -0.708  0.1393E-03
 -0.698  0.1524E-03
 -0.688  0.1653E-03
 -0.678  0.1776E-03
 -0.668  0.1892E-03
 -0.658  0.1999E-03
 -0.648  0.2095E-03
 -0.638  0.2180E-03
 -0.628  0.2254E-03
 -0.618  0.2316E-03
 -0.608  0.2368E-03
 -0.598  0.2410E-03
 -0.588  0.2445E-03
 -0.578  0.2475E-03
 -0.568  0.2502E-03
 -0.558  0.2528E-03
 -0.548  0.2557E-03
 -0.538  0.2589E-03
 -0.528  0.2627E-03
 -0.518  0.2672E-03
 -0.508  0.2723E-03
 -0.498  0.2780E-03
 -0.488  0.2843E-03
 -0.478  0.2908E-03
 -0.468  0.2974E-03
 -0.458  0.3038E-03
 -0.448  0.3096E-03
 -0.438  0.3145E-03
 -0.428  0.3181E-03
 -0.418  0.3203E-03
 -0.408  0.3207E-03
 -0.398  0.3192E-03
 -0.388  0.3156E-03
 -0.378  0.3099E-03
 -0.368  0.3022E-03
 -0.358  0.2926E-03
 -0.348  0.2812E-03
 -0.338  0.2684E-03
 -0.328  0.2544E-03
 -0.318  0.2395E-03
 -0.308  0.2241E-03
 -0.298  0.2085E-03
 -0.288  0.1930E-03
 -0.278  0.1779E-03
 -0.268  0.1635E-03
 -0.258  0.1499E-03
 -0.248  0.1372E-03
 -0.238  0.1257E-03
 -0.228  0.1152E-03
 -0.218  0.1058E-03
 -0.208  0.9751E-04
 -0.198  0.9016E-04
 -0.188  0.8370E-04
 -0.178  0.7803E-04
 -0.168  0.7304E-04
 -0.158  0.6866E-04
 -0.148  0.6480E-04
 -0.138  0.6143E-04
 -0.128  0.5851E-04
 -0.118  0.5606E-04
 -0.108  0.5413E-04
 -0.098  0.5277E-04
 -0.088  0.5209E-04
 -0.078  0.5221E-04
 -0.068  0.5327E-04
 -0.058  0.5541E-04
 -0.048  0.5880E-04
 -0.038  0.6361E-04
 -0.028  0.6996E-04
 -0.018  0.7802E-04
 -0.008  0.8788E-04
  0.002  0.9964E-04
  0.012  0.1134E-03
  0.022  0.1290E-03
  0.032  0.1466E-03
  0.042  0.1661E-03
  0.052  0.1873E-03
  0.062  0.2101E-03
  0.072  0.2342E-03
  0.082  0.2593E-03
  0.092  0.2853E-03
  0.102  0.3116E-03
  0.112  0.3380E-03
  0.122  0.3641E-03
  0.132  0.3895E-03
  0.142  0.4138E-03
  0.152  0.4368E-03
  0.162  0.4581E-03
  0.172  0.4774E-03
  0.182  0.4947E-03
  0.192  0.5098E-03
  0.202  0.5228E-03
  0.212  0.5337E-03
  0.222  0.5427E-03
  0.232  0.5501E-03
  0.242  0.5562E-03
  0.252  0.5613E-03
  0.262  0.5660E-03
  0.272  0.5705E-03
  0.282  0.5752E-03
  0.292  0.5805E-03
  0.302  0.5865E-03
  0.312  0.5933E-03
  0.322  0.6008E-03
  0.332  0.6089E-03
  0.342  0.6173E-03
  0.352  0.6255E-03
  0.362  0.6330E-03
  0.372  0.6391E-03
  0.382  0.6433E-03
  0.392  0.6450E-03
  0.402  0.6434E-03
  0.412  0.6381E-03
  0.422  0.6289E-03
  0.432  0.6153E-03
  0.442  0.5975E-03
  0.452  0.5754E-03
  0.462  0.5494E-03
  0.472  0.5200E-03
  0.482  0.4875E-03
  0.492  0.4528E-03
  0.502  0.4165E-03
  0.512  0.3793E-03
  0.522  0.3420E-03
  0.532  0.3053E-03
  0.542  0.2697E-03
  0.552  0.2358E-03
  0.562  0.2041E-03
  0.572  0.1748E-03
  0.582  0.1481E-03
  0.592  0.1242E-03
  0.602  0.1031E-03
  0.612  0.8462E-04
  0.622  0.6875E-04
  0.632  0.5526E-04
  0.642  0.4395E-04
  0.652  0.3459E-04
  0.662  0.2693E-04
  0.672  0.2075E-04
  0.682  0.1581E-04
  0.692  0.1192E-04
  0.702  0.8897E-05
  0.712  0.6568E-05
  0.722  0.4797E-05
  0.732  0.3466E-05
  0.742  0.2478E-05
  0.752  0.1753E-05
  0.762  0.1227E-05
  0.772  0.8494E-06
  0.782  0.5819E-06
  0.792  0.3944E-06
  0.802  0.2644E-06
  0.812  0.1754E-06
  0.822  0.1152E-06
  0.832  0.7479E-07
  0.842  0.4805E-07
