 -5.548  0.1348E-08
 -5.538  0.2087E-08
 -5.528  0.3197E-08
 -5.518  0.4845E-08
 -5.508  0.7267E-08
 -5.498  0.1079E-07
 -5.488  0.1585E-07
 -5.478  0.2304E-07
 -5.468  0.3317E-07
 -5.458  0.4727E-07
 -5.448  0.6671E-07
 -5.438  0.9323E-07
 -5.428  0.1291E-06
 -5.418  0.1770E-06
 -5.408  0.2405E-06
 -5.398  0.3240E-06
 -5.388  0.4328E-06
 -5.378  0.5735E-06
 -5.368  0.7539E-06
 -5.358  0.9840E-06
 -5.348  0.1275E-05
 -5.338  0.1643E-05
 -5.328  0.2103E-05
 -5.318  0.2678E-05
 -5.308  0.3394E-05
 -5.298  0.4282E-05
 -5.288  0.5380E-05
 -5.278  0.6735E-05
 -5.268  0.8401E-05
 -5.258  0.1045E-04
 -5.248  0.1295E-04
 -5.238  0.1600E-04
 -5.228  0.1970E-04
 -5.218  0.2419E-04
 -5.208  0.2958E-04
 -5.198  0.3605E-04
 -5.188  0.4375E-04
 -5.178  0.5290E-04
 -5.168  0.6370E-04
 -5.158  0.7640E-04
 -5.148  0.9131E-04
 -5.138  0.1088E-03
 -5.128  0.1293E-03
 -5.118  0.1534E-03
 -5.108  0.1820E-03
 -5.098  0.2161E-03
 -5.088  0.2573E-03
 -5.078  0.3074E-03
 -5.068  0.3693E-03
 -5.058  0.4465E-03
 -5.048  0.5436E-03
 -5.038  0.6666E-03
 -5.028  0.8228E-03
 -5.018  0.1022E-02
 -5.008  0.1274E-02
 -4.998  0.1592E-02
 -4.988  0.1993E-02
 -4.978  0.2491E-02
 -4.968  0.3107E-02
 -4.958  0.3859E-02
 -4.948  0.4769E-02
 -4.938  0.5854E-02
 -4.928  0.7135E-02
 -4.918  0.8627E-02
 -4.908  0.1034E-01
 -4.898  0.1228E-01
 -4.888  0.1445E-01
 -4.878  0.1684E-01
 -4.868  0.1942E-01
 -4.858  0.2218E-01
 -4.848  0.2507E-01
 -4.838  0.2803E-01
 -4.828  0.3103E-01
 -4.818  0.3398E-01
 -4.808  0.3682E-01
 -4.798  0.3947E-01
 -4.788  0.4186E-01
 -4.778  0.4392E-01
 -4.768  0.4560E-01
 -4.758  0.4683E-01
 -4.748  0.4757E-01
 -4.738  0.4782E-01
 -4.728  0.4755E-01
 -4.718  0.4677E-01
 -4.708  0.4551E-01
 -4.698  0.4381E-01
 -4.688  0.4172E-01
 -4.678  0.3931E-01
 -4.668  0.3663E-01
 -4.658  0.3377E-01
 -4.648  0.3080E-01
 -4.638  0.2779E-01
 -4.628  0.2481E-01
 -4.618  0.2191E-01
 -4.608  0.1913E-01
 -4.598  0.1653E-01
 -4.588  0.1413E-01
 -4.578  0.1195E-01
 -4.568  0.9999E-02
 -4.558  0.8275E-02
 -4.548  0.6774E-02
 -4.538  0.5486E-02
 -4.528  0.4396E-02
 -4.518  0.3484E-02
 -4.508  0.2731E-02
 -4.498  0.2119E-02
 -4.488  0.1626E-02
 -4.478  0.1234E-02
 -4.468  0.9265E-03
 -4.458  0.6882E-03
 -4.448  0.5057E-03
 -4.438  0.3676E-03
 -4.428  0.2644E-03
 -4.418  0.1881E-03
 -4.408  0.1324E-03
 -4.398  0.9215E-04
 -4.388  0.6347E-04
 -4.378  0.4324E-04
 -4.368  0.2914E-04
 -4.358  0.1943E-04
 -4.348  0.1282E-04
 -4.338  0.8363E-05
 -4.328  0.5398E-05
 -4.318  0.3447E-05
 -4.308  0.2178E-05
 -4.298  0.1361E-05
 -4.288  0.8412E-06
 -4.278  0.5144E-06
 -4.268  0.3112E-06
 -4.258  0.1863E-06
 -4.248  0.1103E-06
 -4.238  0.6458E-07
 -4.228  0.3742E-07
 -4.218  0.2145E-07
 -4.208  0.1216E-07
 -4.198  0.6821E-08
 -4.188  0.3785E-08
 -4.178  0.2078E-08
 -4.168  0.1128E-08
 -4.158  0.6060E-09
 -4.148  0.3221E-09
 -4.138  0.1693E-09
 -4.128  0.8805E-10
 -4.118  0.4530E-10
 -4.108  0.2305E-10
 -4.098  0.1161E-10
 -4.088  0.5781E-11
 -4.078  0.2848E-11
 -4.068  0.1388E-11
 -4.058  0.6694E-12
 -4.048  0.3193E-12
 -4.038  0.1507E-12
 -4.028  0.7033E-13
 -4.018  0.3248E-13
 -4.008  0.1484E-13
 -3.998  0.6705E-14
 -3.988  0.2997E-14
 -3.978  0.1326E-14
 -3.968  0.5799E-15
 -3.958  0.2510E-15
 -3.948  0.1075E-15
 -3.938  0.4552E-16
 -3.928  0.1907E-16
 -3.918  0.7905E-17
 -3.908  0.3241E-17
 -3.898  0.1315E-17
 -3.888  0.5276E-18
 -3.878  0.2094E-18
 -3.868  0.8224E-19
 -3.858  0.3195E-19
 -3.848  0.1228E-19
 -3.838  0.4668E-20
 -3.828  0.1755E-20
 -3.818  0.6531E-21
 -3.808  0.2404E-21
 -3.798  0.8752E-22
 -3.788  0.3152E-22
 -3.778  0.1123E-22
 -3.768  0.3959E-23
 -3.758  0.1380E-23
 -3.748  0.4762E-24
 -3.738  0.1625E-24
 -3.728  0.5485E-25
 -3.718  0.1832E-25
 -3.708  0.6052E-26
 -3.698  0.1978E-26
 -3.688  0.6394E-27
 -3.678  0.2045E-27
 -3.668  0.6470E-28
 -3.658  0.2025E-28
 -3.648  0.6270E-29
 -3.638  0.1920E-29
 -3.628  0.5819E-30
 -3.618  0.1744E-30
 -3.608  0.5172E-31
 -3.598  0.1517E-31
 -3.588  0.4402E-32
 -3.578  0.1264E-32
 -3.568  0.3589E-33
 -3.558  0.1008E-33
 -3.548  0.2802E-34
 -3.538  0.7704E-35
 -3.528  0.2095E-35
 -3.518  0.5637E-36
 -3.508  0.1500E-36
 -3.498  0.3951E-37
 -3.488  0.1029E-37
 -3.478  0.2652E-38
 -3.468  0.6759E-39
 -3.458  0.1704E-39
 -3.448  0.4252E-40
 -3.438  0.1049E-40
 -3.428  0.2561E-41
 -3.418  0.6185E-42
 -3.408  0.1478E-42
 -3.398  0.3492E-43
 -3.388  0.8165E-44
 -3.378  0.1888E-44
 -3.368  0.4321E-45
 -3.358  0.9780E-46
 -3.348  0.2190E-46
 -3.338  0.4850E-47
 -3.328  0.1063E-47
 -3.318  0.2304E-48
 -3.308  0.4940E-49
 -3.298  0.1048E-49
 -3.288  0.2199E-50
 -3.278  0.4566E-51
 -3.268  0.9377E-52
 -3.258  0.1905E-52
 -3.248  0.3829E-53
 -3.238  0.7612E-54
 -3.228  0.1497E-54
 -3.218  0.2913E-55
 -3.208  0.5607E-56
 -3.198  0.1068E-56
 -3.188  0.2011E-57
 -3.178  0.3747E-58
 -3.168  0.6908E-59
 -3.158  0.1260E-59
 -3.148  0.2272E-60
 -3.138  0.4055E-61
 -3.128  0.7159E-62
 -3.118  0.1250E-62
 -3.108  0.2160E-63
 -3.098  0.3692E-64
 -3.088  0.6242E-65
 -3.078  0.1044E-65
 -3.068  0.1728E-66
 -3.058  0.2828E-67
 -3.048  0.4579E-68
 -3.038  0.7334E-69
 -3.028  0.1162E-69
 -3.018  0.1822E-70
 -3.008  0.2825E-71
 -2.998  0.4348E-72
 -2.988  0.7480E-73
 -2.978  0.6971E-73
 -2.968  0.3939E-72
 -2.958  0.2546E-71
 -2.948  0.1634E-70
 -2.938  0.1038E-69
 -2.928  0.6517E-69
 -2.918  0.4049E-68
 -2.908  0.2489E-67
 -2.898  0.1514E-66
 -2.888  0.9105E-66
 -2.878  0.5418E-65
 -2.868  0.3190E-64
 -2.858  0.1858E-63
 -2.848  0.1070E-62
 -2.838  0.6099E-62
 -2.828  0.3439E-61
 -2.818  0.1918E-60
 -2.808  0.1058E-59
 -2.798  0.5775E-59
 -2.788  0.3118E-58
 -2.778  0.1666E-57
 -2.768  0.8801E-57
 -2.758  0.4601E-56
 -2.748  0.2379E-55
 -2.738  0.1217E-54
 -2.728  0.6159E-54
 -2.718  0.3083E-53
 -2.708  0.1527E-52
 -2.698  0.7480E-52
 -2.688  0.3625E-51
 -2.678  0.1738E-50
 -2.668  0.8244E-50
 -2.658  0.3868E-49
 -2.648  0.1795E-48
 -2.638  0.8243E-48
 -2.628  0.3744E-47
 -2.618  0.1682E-46
 -2.608  0.7479E-46
 -2.598  0.3289E-45
 -2.588  0.1431E-44
 -2.578  0.6157E-44
 -2.568  0.2621E-43
 -2.558  0.1104E-42
 -2.548  0.4599E-42
 -2.538  0.1895E-41
 -2.528  0.7728E-41
 -2.518  0.3117E-40
 -2.508  0.1244E-39
 -2.498  0.4908E-39
 -2.488  0.1917E-38
 -2.478  0.7403E-38
 -2.468  0.2829E-37
 -2.458  0.1069E-36
 -2.448  0.3999E-36
 -2.438  0.1479E-35
 -2.428  0.5414E-35
 -2.418  0.1960E-34
 -2.408  0.7019E-34
 -2.398  0.2487E-33
 -2.388  0.8716E-33
 -2.378  0.3022E-32
 -2.368  0.1036E-31
 -2.358  0.3517E-31
 -2.348  0.1180E-30
 -2.338  0.3919E-30
 -2.328  0.1287E-29
 -2.318  0.4184E-29
 -2.308  0.1345E-28
 -2.298  0.4277E-28
 -2.288  0.1345E-27
 -2.278  0.4187E-27
 -2.268  0.1289E-26
 -2.258  0.3926E-26
 -2.248  0.1183E-25
 -2.238  0.3525E-25
 -2.228  0.1039E-24
 -2.218  0.3032E-24
 -2.208  0.8747E-24
 -2.198  0.2497E-23
 -2.188  0.7050E-23
 -2.178  0.1969E-22
 -2.168  0.5442E-22
 -2.158  0.1488E-21
 -2.148  0.4023E-21
 -2.138  0.1076E-20
 -2.128  0.2848E-20
 -2.118  0.7457E-20
 -2.108  0.1931E-19
 -2.098  0.4948E-19
 -2.088  0.1254E-18
 -2.078  0.3144E-18
 -2.068  0.7800E-18
 -2.058  0.1914E-17
 -2.048  0.4645E-17
 -2.038  0.1115E-16
 -2.028  0.2650E-16
 -2.018  0.6227E-16
 -2.008  0.1448E-15
 -1.998  0.3329E-15
 -1.988  0.7574E-15
 -1.978  0.1705E-14
 -1.968  0.3795E-14
 -1.958  0.8358E-14
 -1.948  0.1821E-13
 -1.938  0.3925E-13
 -1.928  0.8370E-13
 -1.918  0.1765E-12
 -1.908  0.3684E-12
 -1.898  0.7605E-12
 -1.888  0.1553E-11
 -1.878  0.3137E-11
 -1.868  0.6270E-11
 -1.858  0.1240E-10
 -1.848  0.2424E-10
 -1.838  0.4691E-10
 -1.828  0.8979E-10
 -1.818  0.1700E-09
 -1.808  0.3185E-09
 -1.798  0.5902E-09
 -1.788  0.1082E-08
 -1.778  0.1962E-08
 -1.768  0.3520E-08
 -1.758  0.6248E-08
 -1.748  0.1097E-07
 -1.738  0.1906E-07
 -1.728  0.3275E-07
 -1.718  0.5568E-07
 -1.708  0.9364E-07
 -1.698  0.1558E-06
 -1.688  0.2565E-06
 -1.678  0.4177E-06
 -1.668  0.6730E-06
 -1.658  0.1073E-05
 -1.648  0.1692E-05
 -1.638  0.2640E-05
 -1.628  0.4075E-05
 -1.618  0.6223E-05
 -1.608  0.9404E-05
 -1.598  0.1406E-04
 -1.588  0.2080E-04
 -1.578  0.3045E-04
 -1.568  0.4410E-04
 -1.558  0.6320E-04
 -1.548  0.8962E-04
 -1.538  0.1258E-03
 -1.528  0.1747E-03
 -1.518  0.2401E-03
 -1.508  0.3265E-03
 -1.498  0.4396E-03
 -1.488  0.5857E-03
 -1.478  0.7726E-03
 -1.468  0.1009E-02
 -1.458  0.1304E-02
 -1.448  0.1668E-02
 -1.438  0.2114E-02
 -1.428  0.2652E-02
 -1.418  0.3295E-02
 -1.408  0.4055E-02
 -1.398  0.4942E-02
 -1.388  0.5968E-02
 -1.378  0.7139E-02
 -1.368  0.8462E-02
 -1.358  0.9940E-02
 -1.348  0.1157E-01
 -1.338  0.1335E-01
 -1.328  0.1528E-01
 -1.318  0.1733E-01
 -1.308  0.1950E-01
 -1.298  0.2176E-01
 -1.288  0.2408E-01
 -1.278  0.2643E-01
 -1.268  0.2879E-01
 -1.258  0.3112E-01
 -1.248  0.3337E-01
 -1.238  0.3551E-01
 -1.228  0.3750E-01
 -1.218  0.3930E-01
 -1.208  0.4088E-01
 -1.198  0.4219E-01
 -1.188  0.4321E-01
 -1.178  0.4391E-01
 -1.168  0.4428E-01
 -1.158  0.4430E-01
 -1.148  0.4396E-01
 -1.138  0.4328E-01
 -1.128  0.4225E-01
 -1.118  0.4090E-01
 -1.108  0.3926E-01
 -1.098  0.3736E-01
 -1.088  0.3524E-01
 -1.078  0.3294E-01
 -1.068  0.3052E-01
 -1.058  0.2801E-01
 -1.048  0.2547E-01
 -1.038  0.2295E-01
 -1.028  0.2048E-01
 -1.018  0.1810E-01
 -1.008  0.1584E-01
 -0.998  0.1373E-01
 -0.988  0.1178E-01
 -0.978  0.1001E-01
 -0.968  0.8415E-02
 -0.958  0.7006E-02
 -0.948  0.5775E-02
 -0.938  0.4712E-02
 -0.928  0.3807E-02
 -0.918  0.3045E-02
 -0.908  0.2413E-02
 -0.898  0.1896E-02
 -0.888  0.1478E-02
 -0.878  0.1147E-02
 -0.868  0.8893E-03
 -0.858  0.6938E-03
 -0.848  0.5507E-03
 -0.838  0.4518E-03
 -0.828  0.3906E-03
 -0.818  0.3618E-03
 -0.808  0.3617E-03
 -0.798  0.3876E-03
 -0.788  0.4378E-03
 -0.778  0.5116E-03
 -0.768  0.6086E-03
 -0.758  0.7290E-03
 -0.748  0.8730E-03
 -0.738  0.1041E-02
 -0.728  0.1234E-02
 -0.718  0.1450E-02
 -0.708  0.1691E-02
 -0.698  0.1956E-02
 -0.688  0.2242E-02
 -0.678  0.2551E-02
 -0.668  0.2879E-02
 -0.658  0.3227E-02
 -0.648  0.3593E-02
 -0.638  0.3978E-02
 -0.628  0.4383E-02
 -0.618  0.4812E-02
 -0.608  0.5268E-02
 -0.598  0.5759E-02
 -0.588  0.6294E-02
 -0.578  0.6884E-02
 -0.568  0.7544E-02
 -0.558  0.8288E-02
 -0.548  0.9133E-02
 -0.538  0.1010E-01
 -0.528  0.1120E-01
 -0.518  0.1245E-01
 -0.508  0.1386E-01
 -0.498  0.1545E-01
 -0.488  0.1721E-01
 -0.478  0.1914E-01
 -0.468  0.2123E-01
 -0.458  0.2346E-01
 -0.448  0.2580E-01
 -0.438  0.2821E-01
 -0.428  0.3064E-01
 -0.418  0.3305E-01
 -0.408  0.3538E-01
 -0.398  0.3756E-01
 -0.388  0.3954E-01
 -0.378  0.4126E-01
 -0.368  0.4267E-01
 -0.358  0.4373E-01
 -0.348  0.4439E-01
 -0.338  0.4464E-01
 -0.328  0.4447E-01
 -0.318  0.4388E-01
 -0.308  0.4289E-01
 -0.298  0.4154E-01
 -0.288  0.3985E-01
 -0.278  0.3788E-01
 -0.268  0.3569E-01
 -0.258  0.3334E-01
 -0.248  0.3088E-01
 -0.238  0.2837E-01
 -0.228  0.2587E-01
 -0.218  0.2342E-01
 -0.208  0.2106E-01
 -0.198  0.1884E-01
 -0.188  0.1677E-01
 -0.178  0.1488E-01
 -0.168  0.1317E-01
 -0.158  0.1166E-01
 -0.148  0.1035E-01
 -0.138  0.9231E-02
 -0.128  0.8310E-02
 -0.118  0.7582E-02
 -0.108  0.7048E-02
 -0.098  0.6708E-02
 -0.088  0.6564E-02
 -0.078  0.6618E-02
 -0.068  0.6878E-02
 -0.058  0.7347E-02
 -0.048  0.8033E-02
 -0.038  0.8938E-02
 -0.028  0.1007E-01
 -0.018  0.1141E-01
 -0.008  0.1297E-01
  0.002  0.1473E-01
  0.012  0.1667E-01
  0.022  0.1876E-01
  0.032  0.2097E-01
  0.042  0.2326E-01
  0.052  0.2557E-01
  0.062  0.2785E-01
  0.072  0.3005E-01
  0.082  0.3212E-01
  0.092  0.3398E-01
  0.102  0.3560E-01
  0.112  0.3692E-01
  0.122  0.3792E-01
  0.132  0.3856E-01
  0.142  0.3883E-01
  0.152  0.3874E-01
  0.162  0.3830E-01
  0.172  0.3753E-01
  0.182  0.3648E-01
  0.192  0.3519E-01
  0.202  0.3372E-01
  0.212  0.3213E-01
  0.222  0.3049E-01
  0.232  0.2886E-01
  0.242  0.2730E-01
  0.252  0.2586E-01
  0.262  0.2460E-01
  0.272  0.2356E-01
  0.282  0.2275E-01
  0.292  0.2220E-01
  0.302  0.2191E-01
  0.312  0.2186E-01
  0.322  0.2204E-01
  0.332  0.2241E-01
  0.342  0.2294E-01
  0.352  0.2359E-01
  0.362  0.2429E-01
  0.372  0.2500E-01
  0.382  0.2567E-01
  0.392  0.2624E-01
  0.402  0.2667E-01
  0.412  0.2693E-01
  0.422  0.2699E-01
  0.432  0.2682E-01
  0.442  0.2641E-01
  0.452  0.2577E-01
  0.462  0.2490E-01
  0.472  0.2383E-01
  0.482  0.2257E-01
  0.492  0.2116E-01
  0.502  0.1963E-01
  0.512  0.1803E-01
  0.522  0.1638E-01
  0.532  0.1473E-01
  0.542  0.1311E-01
  0.552  0.1154E-01
  0.562  0.1005E-01
  0.572  0.8665E-02
  0.582  0.7389E-02
  0.592  0.6234E-02
  0.602  0.5203E-02
  0.612  0.4297E-02
  0.622  0.3511E-02
  0.632  0.2838E-02
  0.642  0.2270E-02
  0.652  0.1796E-02
  0.662  0.1406E-02
  0.672  0.1089E-02
  0.682  0.8346E-03
  0.692  0.6327E-03
  0.702  0.4746E-03
  0.712  0.3522E-03
  0.722  0.2585E-03
  0.732  0.1878E-03
  0.742  0.1349E-03
  0.752  0.9593E-04
  0.762  0.6748E-04
  0.772  0.4695E-04
  0.782  0.3232E-04
  0.792  0.2202E-04
  0.802  0.1484E-04
  0.812  0.9890E-05
  0.822  0.6523E-05
  0.832  0.4257E-05
  0.842  0.2748E-05
