 -5.548  0.2843E-07
 -5.538  0.4396E-07
 -5.528  0.6725E-07
 -5.518  0.1018E-06
 -5.508  0.1524E-06
 -5.498  0.2256E-06
 -5.488  0.3306E-06
 -5.478  0.4793E-06
 -5.468  0.6875E-06
 -5.458  0.9755E-06
 -5.448  0.1370E-05
 -5.438  0.1903E-05
 -5.428  0.2615E-05
 -5.418  0.3557E-05
 -5.408  0.4787E-05
 -5.398  0.6376E-05
 -5.388  0.8404E-05
 -5.378  0.1096E-04
 -5.368  0.1416E-04
 -5.358  0.1810E-04
 -5.348  0.2291E-04
 -5.338  0.2871E-04
 -5.328  0.3563E-04
 -5.318  0.4380E-04
 -5.308  0.5336E-04
 -5.298  0.6441E-04
 -5.288  0.7708E-04
 -5.278  0.9146E-04
 -5.268  0.1077E-03
 -5.258  0.1258E-03
 -5.248  0.1459E-03
 -5.238  0.1681E-03
 -5.228  0.1925E-03
 -5.218  0.2191E-03
 -5.208  0.2482E-03
 -5.198  0.2798E-03
 -5.188  0.3142E-03
 -5.178  0.3514E-03
 -5.168  0.3918E-03
 -5.158  0.4356E-03
 -5.148  0.4828E-03
 -5.138  0.5337E-03
 -5.128  0.5883E-03
 -5.118  0.6468E-03
 -5.108  0.7088E-03
 -5.098  0.7743E-03
 -5.088  0.8428E-03
 -5.078  0.9138E-03
 -5.068  0.9865E-03
 -5.058  0.1060E-02
 -5.048  0.1134E-02
 -5.038  0.1206E-02
 -5.028  0.1276E-02
 -5.018  0.1343E-02
 -5.008  0.1405E-02
 -4.998  0.1462E-02
 -4.988  0.1512E-02
 -4.978  0.1556E-02
 -4.968  0.1592E-02
 -4.958  0.1620E-02
 -4.948  0.1641E-02
 -4.938  0.1654E-02
 -4.928  0.1661E-02
 -4.918  0.1660E-02
 -4.908  0.1653E-02
 -4.898  0.1642E-02
 -4.888  0.1625E-02
 -4.878  0.1605E-02
 -4.868  0.1581E-02
 -4.858  0.1554E-02
 -4.848  0.1525E-02
 -4.838  0.1494E-02
 -4.828  0.1461E-02
 -4.818  0.1427E-02
 -4.808  0.1391E-02
 -4.798  0.1352E-02
 -4.788  0.1312E-02
 -4.778  0.1269E-02
 -4.768  0.1224E-02
 -4.758  0.1176E-02
 -4.748  0.1126E-02
 -4.738  0.1072E-02
 -4.728  0.1016E-02
 -4.718  0.9580E-03
 -4.708  0.8975E-03
 -4.698  0.8353E-03
 -4.688  0.7721E-03
 -4.678  0.7085E-03
 -4.668  0.6451E-03
 -4.658  0.5827E-03
 -4.648  0.5219E-03
 -4.638  0.4635E-03
 -4.628  0.4080E-03
 -4.618  0.3559E-03
 -4.608  0.3075E-03
 -4.598  0.2633E-03
 -4.588  0.2232E-03
 -4.578  0.1874E-03
 -4.568  0.1558E-03
 -4.558  0.1282E-03
 -4.548  0.1044E-03
 -4.538  0.8423E-04
 -4.528  0.6723E-04
 -4.518  0.5311E-04
 -4.508  0.4152E-04
 -4.498  0.3213E-04
 -4.488  0.2460E-04
 -4.478  0.1864E-04
 -4.468  0.1397E-04
 -4.458  0.1036E-04
 -4.448  0.7605E-05
 -4.438  0.5522E-05
 -4.428  0.3967E-05
 -4.418  0.2820E-05
 -4.408  0.1983E-05
 -4.398  0.1380E-05
 -4.388  0.9497E-06
 -4.378  0.6468E-06
 -4.368  0.4357E-06
 -4.358  0.2904E-06
 -4.348  0.1915E-06
 -4.338  0.1249E-06
 -4.328  0.8061E-07
 -4.318  0.5146E-07
 -4.308  0.3250E-07
 -4.298  0.2031E-07
 -4.288  0.1255E-07
 -4.278  0.7675E-08
 -4.268  0.4643E-08
 -4.258  0.2778E-08
 -4.248  0.1645E-08
 -4.238  0.9632E-09
 -4.228  0.5580E-09
 -4.218  0.3198E-09
 -4.208  0.1813E-09
 -4.198  0.1017E-09
 -4.188  0.5643E-10
 -4.178  0.3097E-10
 -4.168  0.1682E-10
 -4.158  0.9035E-11
 -4.148  0.4801E-11
 -4.138  0.2524E-11
 -4.128  0.1313E-11
 -4.118  0.6752E-12
 -4.108  0.3437E-12
 -4.098  0.1730E-12
 -4.088  0.8617E-13
 -4.078  0.4246E-13
 -4.068  0.2069E-13
 -4.058  0.9978E-14
 -4.048  0.4759E-14
 -4.038  0.2246E-14
 -4.028  0.1048E-14
 -4.018  0.4841E-15
 -4.008  0.2211E-15
 -3.998  0.9993E-16
 -3.988  0.4468E-16
 -3.978  0.1976E-16
 -3.968  0.8644E-17
 -3.958  0.3741E-17
 -3.948  0.1602E-17
 -3.938  0.6784E-18
 -3.928  0.2842E-18
 -3.918  0.1178E-18
 -3.908  0.4831E-19
 -3.898  0.1960E-19
 -3.888  0.7863E-20
 -3.878  0.3121E-20
 -3.868  0.1226E-20
 -3.858  0.4762E-21
 -3.848  0.1830E-21
 -3.838  0.6957E-22
 -3.828  0.2616E-22
 -3.818  0.9734E-23
 -3.808  0.3583E-23
 -3.798  0.1304E-23
 -3.788  0.4698E-24
 -3.778  0.1674E-24
 -3.768  0.5901E-25
 -3.758  0.2057E-25
 -3.748  0.7097E-26
 -3.738  0.2422E-26
 -3.728  0.8175E-27
 -3.718  0.2730E-27
 -3.708  0.9019E-28
 -3.698  0.2948E-28
 -3.688  0.9529E-29
 -3.678  0.3048E-29
 -3.668  0.9642E-30
 -3.658  0.3018E-30
 -3.648  0.9344E-31
 -3.638  0.2862E-31
 -3.628  0.8672E-32
 -3.618  0.2599E-32
 -3.608  0.7708E-33
 -3.598  0.2261E-33
 -3.588  0.6561E-34
 -3.578  0.1884E-34
 -3.568  0.5349E-35
 -3.558  0.1503E-35
 -3.548  0.4176E-36
 -3.538  0.1148E-36
 -3.528  0.3123E-37
 -3.518  0.8402E-38
 -3.508  0.2236E-38
 -3.498  0.5888E-39
 -3.488  0.1534E-39
 -3.478  0.3952E-40
 -3.468  0.1007E-40
 -3.458  0.2540E-41
 -3.448  0.6336E-42
 -3.438  0.1564E-42
 -3.428  0.3817E-43
 -3.418  0.9218E-44
 -3.408  0.2202E-44
 -3.398  0.5205E-45
 -3.388  0.1217E-45
 -3.378  0.2814E-46
 -3.368  0.6439E-47
 -3.358  0.1457E-47
 -3.348  0.3263E-48
 -3.338  0.7228E-49
 -3.328  0.1584E-49
 -3.318  0.3433E-50
 -3.308  0.7362E-51
 -3.298  0.1562E-51
 -3.288  0.3278E-52
 -3.278  0.6804E-53
 -3.268  0.1397E-53
 -3.258  0.2839E-54
 -3.248  0.5706E-55
 -3.238  0.1134E-55
 -3.228  0.2231E-56
 -3.218  0.4341E-57
 -3.208  0.8356E-58
 -3.198  0.1591E-58
 -3.188  0.2997E-59
 -3.178  0.5584E-60
 -3.168  0.1029E-60
 -3.158  0.1877E-61
 -3.148  0.3386E-62
 -3.138  0.6043E-63
 -3.128  0.1067E-63
 -3.118  0.1863E-64
 -3.108  0.3219E-65
 -3.098  0.5502E-66
 -3.088  0.9302E-67
 -3.078  0.1556E-67
 -3.068  0.2574E-68
 -3.058  0.4214E-69
 -3.048  0.6823E-70
 -3.038  0.1093E-70
 -3.028  0.1732E-71
 -3.018  0.2715E-72
 -3.008  0.4210E-73
 -2.998  0.6483E-74
 -2.988  0.1142E-74
 -2.978  0.1219E-74
 -2.968  0.7055E-74
 -2.958  0.4563E-73
 -2.948  0.2929E-72
 -2.938  0.1859E-71
 -2.928  0.1168E-70
 -2.918  0.7257E-70
 -2.908  0.4461E-69
 -2.898  0.2713E-68
 -2.888  0.1632E-67
 -2.878  0.9711E-67
 -2.868  0.5717E-66
 -2.858  0.3329E-65
 -2.848  0.1918E-64
 -2.838  0.1093E-63
 -2.828  0.6162E-63
 -2.818  0.3437E-62
 -2.808  0.1896E-61
 -2.798  0.1035E-60
 -2.788  0.5589E-60
 -2.778  0.2985E-59
 -2.768  0.1577E-58
 -2.758  0.8245E-58
 -2.748  0.4264E-57
 -2.738  0.2181E-56
 -2.728  0.1104E-55
 -2.718  0.5525E-55
 -2.708  0.2736E-54
 -2.698  0.1341E-53
 -2.688  0.6497E-53
 -2.678  0.3115E-52
 -2.668  0.1477E-51
 -2.658  0.6932E-51
 -2.648  0.3217E-50
 -2.638  0.1477E-49
 -2.628  0.6710E-49
 -2.618  0.3015E-48
 -2.608  0.1340E-47
 -2.598  0.5894E-47
 -2.588  0.2564E-46
 -2.578  0.1103E-45
 -2.568  0.4697E-45
 -2.558  0.1978E-44
 -2.548  0.8242E-44
 -2.538  0.3397E-43
 -2.528  0.1385E-42
 -2.518  0.5586E-42
 -2.508  0.2229E-41
 -2.498  0.8797E-41
 -2.488  0.3435E-40
 -2.478  0.1327E-39
 -2.468  0.5070E-39
 -2.458  0.1917E-38
 -2.448  0.7167E-38
 -2.438  0.2651E-37
 -2.428  0.9702E-37
 -2.418  0.3513E-36
 -2.408  0.1258E-35
 -2.398  0.4457E-35
 -2.388  0.1562E-34
 -2.378  0.5416E-34
 -2.368  0.1858E-33
 -2.358  0.6303E-33
 -2.348  0.2116E-32
 -2.338  0.7025E-32
 -2.328  0.2307E-31
 -2.318  0.7498E-31
 -2.308  0.2410E-30
 -2.298  0.7665E-30
 -2.288  0.2411E-29
 -2.278  0.7504E-29
 -2.268  0.2310E-28
 -2.258  0.7036E-28
 -2.248  0.2120E-27
 -2.238  0.6318E-27
 -2.228  0.1863E-26
 -2.218  0.5433E-26
 -2.208  0.1568E-25
 -2.198  0.4475E-25
 -2.188  0.1264E-24
 -2.178  0.3530E-24
 -2.168  0.9754E-24
 -2.158  0.2666E-23
 -2.148  0.7211E-23
 -2.138  0.1929E-22
 -2.128  0.5105E-22
 -2.118  0.1337E-21
 -2.108  0.3462E-21
 -2.098  0.8869E-21
 -2.088  0.2248E-20
 -2.078  0.5636E-20
 -2.068  0.1398E-19
 -2.058  0.3430E-19
 -2.048  0.8327E-19
 -2.038  0.2000E-18
 -2.028  0.4750E-18
 -2.018  0.1116E-17
 -2.008  0.2595E-17
 -1.998  0.5968E-17
 -1.988  0.1358E-16
 -1.978  0.3056E-16
 -1.968  0.6804E-16
 -1.958  0.1499E-15
 -1.948  0.3266E-15
 -1.938  0.7039E-15
 -1.928  0.1501E-14
 -1.918  0.3166E-14
 -1.908  0.6608E-14
 -1.898  0.1364E-13
 -1.888  0.2786E-13
 -1.878  0.5629E-13
 -1.868  0.1125E-12
 -1.858  0.2225E-12
 -1.848  0.4352E-12
 -1.838  0.8423E-12
 -1.828  0.1613E-11
 -1.818  0.3054E-11
 -1.808  0.5723E-11
 -1.798  0.1061E-10
 -1.788  0.1945E-10
 -1.778  0.3530E-10
 -1.768  0.6335E-10
 -1.758  0.1125E-09
 -1.748  0.1976E-09
 -1.738  0.3435E-09
 -1.728  0.5908E-09
 -1.718  0.1005E-08
 -1.708  0.1692E-08
 -1.698  0.2818E-08
 -1.688  0.4645E-08
 -1.678  0.7573E-08
 -1.668  0.1222E-07
 -1.658  0.1951E-07
 -1.648  0.3082E-07
 -1.638  0.4818E-07
 -1.628  0.7453E-07
 -1.618  0.1141E-06
 -1.608  0.1729E-06
 -1.598  0.2593E-06
 -1.588  0.3848E-06
 -1.578  0.5654E-06
 -1.568  0.8223E-06
 -1.558  0.1184E-05
 -1.548  0.1688E-05
 -1.538  0.2382E-05
 -1.528  0.3329E-05
 -1.518  0.4607E-05
 -1.508  0.6315E-05
 -1.498  0.8575E-05
 -1.488  0.1153E-04
 -1.478  0.1537E-04
 -1.468  0.2030E-04
 -1.458  0.2656E-04
 -1.448  0.3446E-04
 -1.438  0.4430E-04
 -1.428  0.5648E-04
 -1.418  0.7141E-04
 -1.408  0.8952E-04
 -1.398  0.1113E-03
 -1.388  0.1373E-03
 -1.378  0.1681E-03
 -1.368  0.2041E-03
 -1.358  0.2460E-03
 -1.348  0.2942E-03
 -1.338  0.3492E-03
 -1.328  0.4114E-03
 -1.318  0.4811E-03
 -1.308  0.5584E-03
 -1.298  0.6432E-03
 -1.288  0.7352E-03
 -1.278  0.8341E-03
 -1.268  0.9391E-03
 -1.258  0.1049E-02
 -1.248  0.1162E-02
 -1.238  0.1278E-02
 -1.228  0.1393E-02
 -1.218  0.1507E-02
 -1.208  0.1616E-02
 -1.198  0.1717E-02
 -1.188  0.1810E-02
 -1.178  0.1890E-02
 -1.168  0.1956E-02
 -1.158  0.2007E-02
 -1.148  0.2039E-02
 -1.138  0.2052E-02
 -1.128  0.2046E-02
 -1.118  0.2021E-02
 -1.108  0.1976E-02
 -1.098  0.1914E-02
 -1.088  0.1835E-02
 -1.078  0.1742E-02
 -1.068  0.1637E-02
 -1.058  0.1523E-02
 -1.048  0.1402E-02
 -1.038  0.1278E-02
 -1.028  0.1153E-02
 -1.018  0.1030E-02
 -1.008  0.9103E-03
 -0.998  0.7965E-03
 -0.988  0.6900E-03
 -0.978  0.5921E-03
 -0.968  0.5034E-03
 -0.958  0.4246E-03
 -0.948  0.3558E-03
 -0.938  0.2971E-03
 -0.928  0.2482E-03
 -0.918  0.2090E-03
 -0.908  0.1790E-03
 -0.898  0.1582E-03
 -0.888  0.1461E-03
 -0.878  0.1427E-03
 -0.868  0.1480E-03
 -0.858  0.1620E-03
 -0.848  0.1851E-03
 -0.838  0.2176E-03
 -0.828  0.2598E-03
 -0.818  0.3121E-03
 -0.808  0.3750E-03
 -0.798  0.4488E-03
 -0.788  0.5336E-03
 -0.778  0.6292E-03
 -0.768  0.7355E-03
 -0.758  0.8518E-03
 -0.748  0.9770E-03
 -0.738  0.1110E-02
 -0.728  0.1249E-02
 -0.718  0.1392E-02
 -0.708  0.1537E-02
 -0.698  0.1683E-02
 -0.688  0.1826E-02
 -0.678  0.1965E-02
 -0.668  0.2097E-02
 -0.658  0.2223E-02
 -0.648  0.2340E-02
 -0.638  0.2450E-02
 -0.628  0.2551E-02
 -0.618  0.2645E-02
 -0.608  0.2734E-02
 -0.598  0.2821E-02
 -0.588  0.2907E-02
 -0.578  0.2995E-02
 -0.568  0.3088E-02
 -0.558  0.3189E-02
 -0.548  0.3299E-02
 -0.538  0.3420E-02
 -0.528  0.3552E-02
 -0.518  0.3694E-02
 -0.508  0.3846E-02
 -0.498  0.4003E-02
 -0.488  0.4163E-02
 -0.478  0.4321E-02
 -0.468  0.4471E-02
 -0.458  0.4608E-02
 -0.448  0.4727E-02
 -0.438  0.4822E-02
 -0.428  0.4888E-02
 -0.418  0.4921E-02
 -0.408  0.4919E-02
 -0.398  0.4879E-02
 -0.388  0.4801E-02
 -0.378  0.4687E-02
 -0.368  0.4538E-02
 -0.358  0.4357E-02
 -0.348  0.4150E-02
 -0.338  0.3921E-02
 -0.328  0.3676E-02
 -0.318  0.3421E-02
 -0.308  0.3162E-02
 -0.298  0.2904E-02
 -0.288  0.2652E-02
 -0.278  0.2411E-02
 -0.268  0.2184E-02
 -0.258  0.1973E-02
 -0.248  0.1781E-02
 -0.238  0.1608E-02
 -0.228  0.1455E-02
 -0.218  0.1320E-02
 -0.208  0.1202E-02
 -0.198  0.1100E-02
 -0.188  0.1012E-02
 -0.178  0.9364E-03
 -0.168  0.8706E-03
 -0.158  0.8131E-03
 -0.148  0.7625E-03
 -0.138  0.7174E-03
 -0.128  0.6772E-03
 -0.118  0.6412E-03
 -0.108  0.6095E-03
 -0.098  0.5822E-03
 -0.088  0.5600E-03
 -0.078  0.5437E-03
 -0.068  0.5343E-03
 -0.058  0.5331E-03
 -0.048  0.5413E-03
 -0.038  0.5600E-03
 -0.028  0.5906E-03
 -0.018  0.6340E-03
 -0.008  0.6912E-03
  0.002  0.7626E-03
  0.012  0.8486E-03
  0.022  0.9492E-03
  0.032  0.1064E-02
  0.042  0.1193E-02
  0.052  0.1333E-02
  0.062  0.1485E-02
  0.072  0.1646E-02
  0.082  0.1814E-02
  0.092  0.1987E-02
  0.102  0.2161E-02
  0.112  0.2335E-02
  0.122  0.2504E-02
  0.132  0.2667E-02
  0.142  0.2820E-02
  0.152  0.2960E-02
  0.162  0.3084E-02
  0.172  0.3191E-02
  0.182  0.3279E-02
  0.192  0.3346E-02
  0.202  0.3392E-02
  0.212  0.3416E-02
  0.222  0.3419E-02
  0.232  0.3402E-02
  0.242  0.3367E-02
  0.252  0.3315E-02
  0.262  0.3249E-02
  0.272  0.3173E-02
  0.282  0.3089E-02
  0.292  0.2999E-02
  0.302  0.2907E-02
  0.312  0.2815E-02
  0.322  0.2726E-02
  0.332  0.2640E-02
  0.342  0.2558E-02
  0.352  0.2481E-02
  0.362  0.2408E-02
  0.372  0.2340E-02
  0.382  0.2273E-02
  0.392  0.2208E-02
  0.402  0.2142E-02
  0.412  0.2074E-02
  0.422  0.2002E-02
  0.432  0.1926E-02
  0.442  0.1843E-02
  0.452  0.1755E-02
  0.462  0.1660E-02
  0.472  0.1560E-02
  0.482  0.1455E-02
  0.492  0.1346E-02
  0.502  0.1235E-02
  0.512  0.1122E-02
  0.522  0.1011E-02
  0.532  0.9025E-03
  0.542  0.7977E-03
  0.552  0.6982E-03
  0.562  0.6050E-03
  0.572  0.5190E-03
  0.582  0.4407E-03
  0.592  0.3704E-03
  0.602  0.3081E-03
  0.612  0.2536E-03
  0.622  0.2066E-03
  0.632  0.1665E-03
  0.642  0.1328E-03
  0.652  0.1048E-03
  0.662  0.8183E-04
  0.672  0.6322E-04
  0.682  0.4833E-04
  0.692  0.3655E-04
  0.702  0.2735E-04
  0.712  0.2025E-04
  0.722  0.1484E-04
  0.732  0.1075E-04
  0.742  0.7711E-05
  0.752  0.5470E-05
  0.762  0.3840E-05
  0.772  0.2667E-05
  0.782  0.1832E-05
  0.792  0.1245E-05
  0.802  0.8376E-06
  0.812  0.5573E-06
  0.822  0.3669E-06
  0.832  0.2389E-06
  0.842  0.1540E-06
