 -5.548  0.1172E-07
 -5.538  0.1812E-07
 -5.528  0.2773E-07
 -5.518  0.4196E-07
 -5.508  0.6282E-07
 -5.498  0.9306E-07
 -5.488  0.1364E-06
 -5.478  0.1977E-06
 -5.468  0.2836E-06
 -5.458  0.4026E-06
 -5.448  0.5654E-06
 -5.438  0.7856E-06
 -5.428  0.1080E-05
 -5.418  0.1470E-05
 -5.408  0.1979E-05
 -5.398  0.2637E-05
 -5.388  0.3479E-05
 -5.378  0.4542E-05
 -5.368  0.5871E-05
 -5.358  0.7513E-05
 -5.348  0.9521E-05
 -5.338  0.1195E-04
 -5.328  0.1486E-04
 -5.318  0.1831E-04
 -5.308  0.2235E-04
 -5.298  0.2706E-04
 -5.288  0.3249E-04
 -5.278  0.3869E-04
 -5.268  0.4574E-04
 -5.258  0.5370E-04
 -5.248  0.6262E-04
 -5.238  0.7258E-04
 -5.228  0.8366E-04
 -5.218  0.9595E-04
 -5.208  0.1095E-03
 -5.198  0.1246E-03
 -5.188  0.1411E-03
 -5.178  0.1593E-03
 -5.168  0.1793E-03
 -5.158  0.2012E-03
 -5.148  0.2251E-03
 -5.138  0.2511E-03
 -5.128  0.2792E-03
 -5.118  0.3094E-03
 -5.108  0.3415E-03
 -5.098  0.3755E-03
 -5.088  0.4110E-03
 -5.078  0.4478E-03
 -5.068  0.4852E-03
 -5.058  0.5229E-03
 -5.048  0.5603E-03
 -5.038  0.5967E-03
 -5.028  0.6315E-03
 -5.018  0.6640E-03
 -5.008  0.6938E-03
 -4.998  0.7201E-03
 -4.988  0.7428E-03
 -4.978  0.7613E-03
 -4.968  0.7756E-03
 -4.958  0.7856E-03
 -4.948  0.7913E-03
 -4.938  0.7930E-03
 -4.928  0.7909E-03
 -4.918  0.7853E-03
 -4.908  0.7769E-03
 -4.898  0.7659E-03
 -4.888  0.7528E-03
 -4.878  0.7382E-03
 -4.868  0.7224E-03
 -4.858  0.7058E-03
 -4.848  0.6886E-03
 -4.838  0.6711E-03
 -4.828  0.6533E-03
 -4.818  0.6353E-03
 -4.808  0.6171E-03
 -4.798  0.5986E-03
 -4.788  0.5795E-03
 -4.778  0.5599E-03
 -4.768  0.5396E-03
 -4.758  0.5183E-03
 -4.748  0.4960E-03
 -4.738  0.4727E-03
 -4.728  0.4482E-03
 -4.718  0.4228E-03
 -4.708  0.3964E-03
 -4.698  0.3693E-03
 -4.688  0.3417E-03
 -4.678  0.3138E-03
 -4.668  0.2860E-03
 -4.658  0.2586E-03
 -4.648  0.2318E-03
 -4.638  0.2060E-03
 -4.628  0.1815E-03
 -4.618  0.1584E-03
 -4.608  0.1370E-03
 -4.598  0.1173E-03
 -4.588  0.9952E-04
 -4.578  0.8359E-04
 -4.568  0.6952E-04
 -4.558  0.5723E-04
 -4.548  0.4665E-04
 -4.538  0.3763E-04
 -4.528  0.3004E-04
 -4.518  0.2374E-04
 -4.508  0.1856E-04
 -4.498  0.1437E-04
 -4.488  0.1100E-04
 -4.478  0.8335E-05
 -4.468  0.6249E-05
 -4.458  0.4636E-05
 -4.448  0.3403E-05
 -4.438  0.2471E-05
 -4.428  0.1775E-05
 -4.418  0.1262E-05
 -4.408  0.8875E-06
 -4.398  0.6175E-06
 -4.388  0.4251E-06
 -4.378  0.2895E-06
 -4.368  0.1950E-06
 -4.358  0.1300E-06
 -4.348  0.8572E-07
 -4.338  0.5591E-07
 -4.328  0.3608E-07
 -4.318  0.2304E-07
 -4.308  0.1455E-07
 -4.298  0.9091E-08
 -4.288  0.5619E-08
 -4.278  0.3436E-08
 -4.268  0.2078E-08
 -4.258  0.1244E-08
 -4.248  0.7363E-09
 -4.238  0.4312E-09
 -4.228  0.2498E-09
 -4.218  0.1432E-09
 -4.208  0.8118E-10
 -4.198  0.4553E-10
 -4.188  0.2526E-10
 -4.178  0.1387E-10
 -4.168  0.7530E-11
 -4.158  0.4045E-11
 -4.148  0.2149E-11
 -4.138  0.1130E-11
 -4.128  0.5876E-12
 -4.118  0.3023E-12
 -4.108  0.1539E-12
 -4.098  0.7746E-13
 -4.088  0.3858E-13
 -4.078  0.1901E-13
 -4.068  0.9265E-14
 -4.058  0.4467E-14
 -4.048  0.2131E-14
 -4.038  0.1005E-14
 -4.028  0.4693E-15
 -4.018  0.2167E-15
 -4.008  0.9900E-16
 -3.998  0.4474E-16
 -3.988  0.2000E-16
 -3.978  0.8846E-17
 -3.968  0.3870E-17
 -3.958  0.1675E-17
 -3.948  0.7171E-18
 -3.938  0.3037E-18
 -3.928  0.1273E-18
 -3.918  0.5275E-19
 -3.908  0.2163E-19
 -3.898  0.8773E-20
 -3.888  0.3520E-20
 -3.878  0.1397E-20
 -3.868  0.5488E-21
 -3.858  0.2132E-21
 -3.848  0.8193E-22
 -3.838  0.3115E-22
 -3.828  0.1171E-22
 -3.818  0.4358E-23
 -3.808  0.1604E-23
 -3.798  0.5840E-24
 -3.788  0.2103E-24
 -3.778  0.7495E-25
 -3.768  0.2642E-25
 -3.758  0.9211E-26
 -3.748  0.3177E-26
 -3.738  0.1084E-26
 -3.728  0.3660E-27
 -3.718  0.1222E-27
 -3.708  0.4038E-28
 -3.698  0.1320E-28
 -3.688  0.4266E-29
 -3.678  0.1364E-29
 -3.668  0.4317E-30
 -3.658  0.1351E-30
 -3.648  0.4183E-31
 -3.638  0.1281E-31
 -3.628  0.3882E-32
 -3.618  0.1164E-32
 -3.608  0.3451E-33
 -3.598  0.1012E-33
 -3.588  0.2937E-34
 -3.578  0.8432E-35
 -3.568  0.2395E-35
 -3.558  0.6727E-36
 -3.548  0.1870E-36
 -3.538  0.5140E-37
 -3.528  0.1398E-37
 -3.518  0.3761E-38
 -3.508  0.1001E-38
 -3.498  0.2636E-39
 -3.488  0.6866E-40
 -3.478  0.1769E-40
 -3.468  0.4510E-41
 -3.458  0.1137E-41
 -3.448  0.2837E-42
 -3.438  0.7000E-43
 -3.428  0.1709E-43
 -3.418  0.4127E-44
 -3.408  0.9859E-45
 -3.398  0.2330E-45
 -3.388  0.5448E-46
 -3.378  0.1260E-46
 -3.368  0.2883E-47
 -3.358  0.6525E-48
 -3.348  0.1461E-48
 -3.338  0.3236E-49
 -3.328  0.7091E-50
 -3.318  0.1537E-50
 -3.308  0.3296E-51
 -3.298  0.6992E-52
 -3.288  0.1467E-52
 -3.278  0.3046E-53
 -3.268  0.6256E-54
 -3.258  0.1271E-54
 -3.248  0.2554E-55
 -3.238  0.5079E-56
 -3.228  0.9989E-57
 -3.218  0.1943E-57
 -3.208  0.3741E-58
 -3.198  0.7123E-59
 -3.188  0.1342E-59
 -3.178  0.2500E-60
 -3.168  0.4609E-61
 -3.158  0.8404E-62
 -3.148  0.1516E-62
 -3.138  0.2706E-63
 -3.128  0.4776E-64
 -3.118  0.8342E-65
 -3.108  0.1441E-65
 -3.098  0.2463E-66
 -3.088  0.4165E-67
 -3.078  0.6965E-68
 -3.068  0.1153E-68
 -3.058  0.1886E-69
 -3.048  0.3055E-70
 -3.038  0.4893E-71
 -3.028  0.7753E-72
 -3.018  0.1215E-72
 -3.008  0.1885E-73
 -2.998  0.2909E-74
 -2.988  0.5532E-75
 -2.978  0.8240E-75
 -2.968  0.4982E-74
 -2.958  0.3226E-73
 -2.948  0.2070E-72
 -2.938  0.1315E-71
 -2.928  0.8257E-71
 -2.918  0.5131E-70
 -2.908  0.3154E-69
 -2.898  0.1918E-68
 -2.888  0.1154E-67
 -2.878  0.6865E-67
 -2.868  0.4041E-66
 -2.858  0.2354E-65
 -2.848  0.1356E-64
 -2.838  0.7727E-64
 -2.828  0.4357E-63
 -2.818  0.2430E-62
 -2.808  0.1341E-61
 -2.798  0.7317E-61
 -2.788  0.3951E-60
 -2.778  0.2110E-59
 -2.768  0.1115E-58
 -2.758  0.5829E-58
 -2.748  0.3014E-57
 -2.738  0.1542E-56
 -2.728  0.7803E-56
 -2.718  0.3906E-55
 -2.708  0.1935E-54
 -2.698  0.9478E-54
 -2.688  0.4593E-53
 -2.678  0.2202E-52
 -2.668  0.1044E-51
 -2.658  0.4901E-51
 -2.648  0.2275E-50
 -2.638  0.1044E-49
 -2.628  0.4744E-49
 -2.618  0.2132E-48
 -2.608  0.9476E-48
 -2.598  0.4167E-47
 -2.588  0.1813E-46
 -2.578  0.7801E-46
 -2.568  0.3321E-45
 -2.558  0.1399E-44
 -2.548  0.5827E-44
 -2.538  0.2401E-43
 -2.528  0.9791E-43
 -2.518  0.3949E-42
 -2.508  0.1576E-41
 -2.498  0.6219E-41
 -2.488  0.2428E-40
 -2.478  0.9380E-40
 -2.468  0.3584E-39
 -2.458  0.1355E-38
 -2.448  0.5067E-38
 -2.438  0.1874E-37
 -2.428  0.6859E-37
 -2.418  0.2483E-36
 -2.408  0.8893E-36
 -2.398  0.3151E-35
 -2.388  0.1104E-34
 -2.378  0.3829E-34
 -2.368  0.1313E-33
 -2.358  0.4456E-33
 -2.348  0.1496E-32
 -2.338  0.4966E-32
 -2.328  0.1631E-31
 -2.318  0.5301E-31
 -2.308  0.1704E-30
 -2.298  0.5419E-30
 -2.288  0.1705E-29
 -2.278  0.5305E-29
 -2.268  0.1633E-28
 -2.258  0.4974E-28
 -2.248  0.1499E-27
 -2.238  0.4467E-27
 -2.228  0.1317E-26
 -2.218  0.3841E-26
 -2.208  0.1108E-25
 -2.198  0.3164E-25
 -2.188  0.8933E-25
 -2.178  0.2495E-24
 -2.168  0.6895E-24
 -2.158  0.1885E-23
 -2.148  0.5098E-23
 -2.138  0.1364E-22
 -2.128  0.3609E-22
 -2.118  0.9449E-22
 -2.108  0.2447E-21
 -2.098  0.6270E-21
 -2.088  0.1589E-20
 -2.078  0.3985E-20
 -2.068  0.9883E-20
 -2.058  0.2425E-19
 -2.048  0.5887E-19
 -2.038  0.1414E-18
 -2.028  0.3358E-18
 -2.018  0.7891E-18
 -2.008  0.1835E-17
 -1.998  0.4219E-17
 -1.988  0.9599E-17
 -1.978  0.2160E-16
 -1.968  0.4810E-16
 -1.958  0.1059E-15
 -1.948  0.2308E-15
 -1.938  0.4976E-15
 -1.928  0.1061E-14
 -1.918  0.2238E-14
 -1.908  0.4671E-14
 -1.898  0.9643E-14
 -1.888  0.1969E-13
 -1.878  0.3979E-13
 -1.868  0.7952E-13
 -1.858  0.1572E-12
 -1.848  0.3076E-12
 -1.838  0.5952E-12
 -1.828  0.1139E-11
 -1.818  0.2158E-11
 -1.808  0.4043E-11
 -1.798  0.7495E-11
 -1.788  0.1374E-10
 -1.778  0.2493E-10
 -1.768  0.4475E-10
 -1.758  0.7945E-10
 -1.748  0.1396E-09
 -1.738  0.2426E-09
 -1.728  0.4171E-09
 -1.718  0.7095E-09
 -1.708  0.1194E-08
 -1.698  0.1988E-08
 -1.688  0.3276E-08
 -1.678  0.5340E-08
 -1.668  0.8614E-08
 -1.658  0.1375E-07
 -1.648  0.2171E-07
 -1.638  0.3392E-07
 -1.628  0.5245E-07
 -1.618  0.8027E-07
 -1.608  0.1215E-06
 -1.598  0.1822E-06
 -1.588  0.2702E-06
 -1.578  0.3966E-06
 -1.568  0.5763E-06
 -1.558  0.8290E-06
 -1.548  0.1180E-05
 -1.538  0.1664E-05
 -1.528  0.2323E-05
 -1.518  0.3210E-05
 -1.508  0.4393E-05
 -1.498  0.5954E-05
 -1.488  0.7993E-05
 -1.478  0.1063E-04
 -1.468  0.1401E-04
 -1.458  0.1828E-04
 -1.448  0.2366E-04
 -1.438  0.3033E-04
 -1.428  0.3855E-04
 -1.418  0.4858E-04
 -1.408  0.6069E-04
 -1.398  0.7520E-04
 -1.388  0.9242E-04
 -1.378  0.1127E-03
 -1.368  0.1363E-03
 -1.358  0.1635E-03
 -1.348  0.1947E-03
 -1.338  0.2301E-03
 -1.328  0.2698E-03
 -1.318  0.3140E-03
 -1.308  0.3628E-03
 -1.298  0.4160E-03
 -1.288  0.4734E-03
 -1.278  0.5347E-03
 -1.268  0.5994E-03
 -1.258  0.6667E-03
 -1.248  0.7359E-03
 -1.238  0.8059E-03
 -1.228  0.8755E-03
 -1.218  0.9434E-03
 -1.208  0.1008E-02
 -1.198  0.1068E-02
 -1.188  0.1123E-02
 -1.178  0.1169E-02
 -1.168  0.1207E-02
 -1.158  0.1235E-02
 -1.148  0.1253E-02
 -1.138  0.1258E-02
 -1.128  0.1252E-02
 -1.118  0.1235E-02
 -1.108  0.1206E-02
 -1.098  0.1166E-02
 -1.088  0.1116E-02
 -1.078  0.1058E-02
 -1.068  0.9936E-03
 -1.058  0.9235E-03
 -1.048  0.8496E-03
 -1.038  0.7738E-03
 -1.028  0.6977E-03
 -1.018  0.6226E-03
 -1.008  0.5501E-03
 -0.998  0.4811E-03
 -0.988  0.4166E-03
 -0.978  0.3574E-03
 -0.968  0.3039E-03
 -0.958  0.2565E-03
 -0.948  0.2151E-03
 -0.938  0.1800E-03
 -0.928  0.1509E-03
 -0.918  0.1278E-03
 -0.908  0.1105E-03
 -0.898  0.9882E-04
 -0.888  0.9273E-04
 -0.878  0.9221E-04
 -0.868  0.9730E-04
 -0.858  0.1081E-03
 -0.848  0.1249E-03
 -0.838  0.1480E-03
 -0.828  0.1776E-03
 -0.818  0.2141E-03
 -0.808  0.2577E-03
 -0.798  0.3088E-03
 -0.788  0.3673E-03
 -0.778  0.4334E-03
 -0.768  0.5067E-03
 -0.758  0.5868E-03
 -0.748  0.6730E-03
 -0.738  0.7644E-03
 -0.728  0.8600E-03
 -0.718  0.9582E-03
 -0.708  0.1058E-02
 -0.698  0.1157E-02
 -0.688  0.1254E-02
 -0.678  0.1348E-02
 -0.668  0.1437E-02
 -0.658  0.1521E-02
 -0.648  0.1598E-02
 -0.638  0.1668E-02
 -0.628  0.1731E-02
 -0.618  0.1789E-02
 -0.608  0.1841E-02
 -0.598  0.1890E-02
 -0.588  0.1937E-02
 -0.578  0.1984E-02
 -0.568  0.2033E-02
 -0.558  0.2085E-02
 -0.548  0.2142E-02
 -0.538  0.2205E-02
 -0.528  0.2275E-02
 -0.518  0.2351E-02
 -0.508  0.2433E-02
 -0.498  0.2519E-02
 -0.488  0.2608E-02
 -0.478  0.2696E-02
 -0.468  0.2781E-02
 -0.458  0.2860E-02
 -0.448  0.2928E-02
 -0.438  0.2983E-02
 -0.428  0.3022E-02
 -0.418  0.3041E-02
 -0.408  0.3040E-02
 -0.398  0.3016E-02
 -0.388  0.2970E-02
 -0.378  0.2901E-02
 -0.368  0.2812E-02
 -0.358  0.2703E-02
 -0.348  0.2577E-02
 -0.338  0.2438E-02
 -0.328  0.2288E-02
 -0.318  0.2132E-02
 -0.308  0.1972E-02
 -0.298  0.1813E-02
 -0.288  0.1656E-02
 -0.278  0.1506E-02
 -0.268  0.1364E-02
 -0.258  0.1231E-02
 -0.248  0.1110E-02
 -0.238  0.9996E-03
 -0.228  0.9014E-03
 -0.218  0.8147E-03
 -0.208  0.7387E-03
 -0.198  0.6727E-03
 -0.188  0.6156E-03
 -0.178  0.5663E-03
 -0.168  0.5236E-03
 -0.158  0.4865E-03
 -0.148  0.4541E-03
 -0.138  0.4256E-03
 -0.128  0.4006E-03
 -0.118  0.3788E-03
 -0.108  0.3600E-03
 -0.098  0.3444E-03
 -0.088  0.3323E-03
 -0.078  0.3243E-03
 -0.068  0.3210E-03
 -0.058  0.3230E-03
 -0.048  0.3312E-03
 -0.038  0.3463E-03
 -0.028  0.3690E-03
 -0.018  0.3999E-03
 -0.008  0.4397E-03
  0.002  0.4886E-03
  0.012  0.5469E-03
  0.022  0.6145E-03
  0.032  0.6913E-03
  0.042  0.7767E-03
  0.052  0.8701E-03
  0.062  0.9705E-03
  0.072  0.1077E-02
  0.082  0.1188E-02
  0.092  0.1301E-02
  0.102  0.1416E-02
  0.112  0.1530E-02
  0.122  0.1642E-02
  0.132  0.1750E-02
  0.142  0.1851E-02
  0.152  0.1944E-02
  0.162  0.2027E-02
  0.172  0.2099E-02
  0.182  0.2160E-02
  0.192  0.2207E-02
  0.202  0.2242E-02
  0.212  0.2263E-02
  0.222  0.2271E-02
  0.232  0.2267E-02
  0.242  0.2253E-02
  0.252  0.2229E-02
  0.262  0.2198E-02
  0.272  0.2161E-02
  0.282  0.2120E-02
  0.292  0.2077E-02
  0.302  0.2033E-02
  0.312  0.1990E-02
  0.322  0.1949E-02
  0.332  0.1911E-02
  0.342  0.1875E-02
  0.352  0.1842E-02
  0.362  0.1810E-02
  0.372  0.1780E-02
  0.382  0.1749E-02
  0.392  0.1717E-02
  0.402  0.1681E-02
  0.412  0.1642E-02
  0.422  0.1597E-02
  0.432  0.1546E-02
  0.442  0.1488E-02
  0.452  0.1423E-02
  0.462  0.1351E-02
  0.472  0.1274E-02
  0.482  0.1191E-02
  0.492  0.1104E-02
  0.502  0.1014E-02
  0.512  0.9231E-03
  0.522  0.8323E-03
  0.532  0.7433E-03
  0.542  0.6573E-03
  0.552  0.5754E-03
  0.562  0.4987E-03
  0.572  0.4278E-03
  0.582  0.3632E-03
  0.592  0.3052E-03
  0.602  0.2538E-03
  0.612  0.2088E-03
  0.622  0.1700E-03
  0.632  0.1370E-03
  0.642  0.1092E-03
  0.652  0.8615E-04
  0.662  0.6724E-04
  0.672  0.5192E-04
  0.682  0.3967E-04
  0.692  0.2999E-04
  0.702  0.2243E-04
  0.712  0.1660E-04
  0.722  0.1215E-04
  0.732  0.8805E-05
  0.742  0.6310E-05
  0.752  0.4475E-05
  0.762  0.3139E-05
  0.772  0.2179E-05
  0.782  0.1496E-05
  0.792  0.1017E-05
  0.802  0.6834E-06
  0.812  0.4545E-06
  0.822  0.2990E-06
  0.832  0.1947E-06
  0.842  0.1254E-06
