 -5.548  0.3847E-06
 -5.538  0.5948E-06
 -5.528  0.9097E-06
 -5.518  0.1376E-05
 -5.508  0.2060E-05
 -5.498  0.3051E-05
 -5.488  0.4469E-05
 -5.478  0.6476E-05
 -5.468  0.9285E-05
 -5.458  0.1317E-04
 -5.448  0.1848E-04
 -5.438  0.2565E-04
 -5.428  0.3524E-04
 -5.418  0.4788E-04
 -5.408  0.6437E-04
 -5.398  0.8563E-04
 -5.388  0.1127E-03
 -5.378  0.1468E-03
 -5.368  0.1891E-03
 -5.358  0.2412E-03
 -5.348  0.3044E-03
 -5.338  0.3801E-03
 -5.328  0.4699E-03
 -5.318  0.5750E-03
 -5.308  0.6965E-03
 -5.298  0.8354E-03
 -5.288  0.9922E-03
 -5.278  0.1167E-02
 -5.268  0.1360E-02
 -5.258  0.1570E-02
 -5.248  0.1797E-02
 -5.238  0.2039E-02
 -5.228  0.2295E-02
 -5.218  0.2562E-02
 -5.208  0.2840E-02
 -5.198  0.3126E-02
 -5.188  0.3419E-02
 -5.178  0.3718E-02
 -5.168  0.4023E-02
 -5.158  0.4333E-02
 -5.148  0.4648E-02
 -5.138  0.4970E-02
 -5.128  0.5300E-02
 -5.118  0.5639E-02
 -5.108  0.5988E-02
 -5.098  0.6349E-02
 -5.088  0.6724E-02
 -5.078  0.7112E-02
 -5.068  0.7515E-02
 -5.058  0.7930E-02
 -5.048  0.8358E-02
 -5.038  0.8797E-02
 -5.028  0.9242E-02
 -5.018  0.9693E-02
 -5.008  0.1015E-01
 -4.998  0.1060E-01
 -4.988  0.1104E-01
 -4.978  0.1149E-01
 -4.968  0.1192E-01
 -4.958  0.1234E-01
 -4.948  0.1275E-01
 -4.938  0.1315E-01
 -4.928  0.1353E-01
 -4.918  0.1391E-01
 -4.908  0.1427E-01
 -4.898  0.1463E-01
 -4.888  0.1497E-01
 -4.878  0.1530E-01
 -4.868  0.1561E-01
 -4.858  0.1591E-01
 -4.848  0.1619E-01
 -4.838  0.1643E-01
 -4.828  0.1665E-01
 -4.818  0.1682E-01
 -4.808  0.1693E-01
 -4.798  0.1699E-01
 -4.788  0.1698E-01
 -4.778  0.1689E-01
 -4.768  0.1672E-01
 -4.758  0.1645E-01
 -4.748  0.1609E-01
 -4.738  0.1564E-01
 -4.728  0.1510E-01
 -4.718  0.1446E-01
 -4.708  0.1375E-01
 -4.698  0.1297E-01
 -4.688  0.1213E-01
 -4.678  0.1125E-01
 -4.668  0.1034E-01
 -4.658  0.9415E-02
 -4.648  0.8496E-02
 -4.638  0.7594E-02
 -4.628  0.6722E-02
 -4.618  0.5893E-02
 -4.608  0.5115E-02
 -4.598  0.4395E-02
 -4.588  0.3739E-02
 -4.578  0.3149E-02
 -4.568  0.2624E-02
 -4.558  0.2165E-02
 -4.548  0.1767E-02
 -4.538  0.1428E-02
 -4.528  0.1141E-02
 -4.518  0.9029E-03
 -4.508  0.7067E-03
 -4.498  0.5474E-03
 -4.488  0.4195E-03
 -4.478  0.3180E-03
 -4.468  0.2386E-03
 -4.458  0.1771E-03
 -4.448  0.1300E-03
 -4.438  0.9446E-04
 -4.428  0.6789E-04
 -4.418  0.4827E-04
 -4.408  0.3396E-04
 -4.398  0.2363E-04
 -4.388  0.1627E-04
 -4.378  0.1108E-04
 -4.368  0.7468E-05
 -4.358  0.4978E-05
 -4.348  0.3283E-05
 -4.338  0.2142E-05
 -4.328  0.1382E-05
 -4.318  0.8825E-06
 -4.308  0.5574E-06
 -4.298  0.3483E-06
 -4.288  0.2153E-06
 -4.278  0.1317E-06
 -4.268  0.7964E-07
 -4.258  0.4766E-07
 -4.248  0.2822E-07
 -4.238  0.1652E-07
 -4.228  0.9574E-08
 -4.218  0.5487E-08
 -4.208  0.3111E-08
 -4.198  0.1745E-08
 -4.188  0.9682E-09
 -4.178  0.5315E-09
 -4.168  0.2886E-09
 -4.158  0.1550E-09
 -4.148  0.8238E-10
 -4.138  0.4331E-10
 -4.128  0.2252E-10
 -4.118  0.1159E-10
 -4.108  0.5897E-11
 -4.098  0.2969E-11
 -4.088  0.1479E-11
 -4.078  0.7286E-12
 -4.068  0.3551E-12
 -4.058  0.1712E-12
 -4.048  0.8167E-13
 -4.038  0.3854E-13
 -4.028  0.1799E-13
 -4.018  0.8307E-14
 -4.008  0.3795E-14
 -3.998  0.1715E-14
 -3.988  0.7667E-15
 -3.978  0.3391E-15
 -3.968  0.1483E-15
 -3.958  0.6420E-16
 -3.948  0.2749E-16
 -3.938  0.1164E-16
 -3.928  0.4878E-17
 -3.918  0.2022E-17
 -3.908  0.8290E-18
 -3.898  0.3363E-18
 -3.888  0.1349E-18
 -3.878  0.5357E-19
 -3.868  0.2104E-19
 -3.858  0.8172E-20
 -3.848  0.3140E-20
 -3.838  0.1194E-20
 -3.828  0.4490E-21
 -3.818  0.1671E-21
 -3.808  0.6148E-22
 -3.798  0.2239E-22
 -3.788  0.8063E-23
 -3.778  0.2873E-23
 -3.768  0.1013E-23
 -3.758  0.3531E-24
 -3.748  0.1218E-24
 -3.738  0.4156E-25
 -3.728  0.1403E-25
 -3.718  0.4685E-26
 -3.708  0.1548E-26
 -3.698  0.5059E-27
 -3.688  0.1635E-27
 -3.678  0.5230E-28
 -3.668  0.1655E-28
 -3.658  0.5179E-29
 -3.648  0.1604E-29
 -3.638  0.4912E-30
 -3.628  0.1488E-30
 -3.618  0.4461E-31
 -3.608  0.1323E-31
 -3.598  0.3880E-32
 -3.588  0.1126E-32
 -3.578  0.3233E-33
 -3.568  0.9180E-34
 -3.558  0.2579E-34
 -3.548  0.7167E-35
 -3.538  0.1970E-35
 -3.528  0.5359E-36
 -3.518  0.1442E-36
 -3.508  0.3838E-37
 -3.498  0.1010E-37
 -3.488  0.2632E-38
 -3.478  0.6782E-39
 -3.468  0.1729E-39
 -3.458  0.4359E-40
 -3.448  0.1087E-40
 -3.438  0.2684E-41
 -3.428  0.6551E-42
 -3.418  0.1582E-42
 -3.408  0.3780E-43
 -3.398  0.8933E-44
 -3.388  0.2088E-44
 -3.378  0.4830E-45
 -3.368  0.1105E-45
 -3.358  0.2501E-46
 -3.348  0.5601E-47
 -3.338  0.1241E-47
 -3.328  0.2718E-48
 -3.318  0.5893E-49
 -3.308  0.1264E-49
 -3.298  0.2681E-50
 -3.288  0.5625E-51
 -3.278  0.1168E-51
 -3.268  0.2398E-52
 -3.258  0.4873E-53
 -3.248  0.9793E-54
 -3.238  0.1947E-54
 -3.228  0.3829E-55
 -3.218  0.7451E-56
 -3.208  0.1434E-56
 -3.198  0.2731E-57
 -3.188  0.5144E-58
 -3.178  0.9585E-59
 -3.168  0.1767E-59
 -3.158  0.3222E-60
 -3.148  0.5812E-61
 -3.138  0.1037E-61
 -3.128  0.1831E-62
 -3.118  0.3198E-63
 -3.108  0.5525E-64
 -3.098  0.9443E-65
 -3.088  0.1597E-65
 -3.078  0.2670E-66
 -3.068  0.4419E-67
 -3.058  0.7232E-68
 -3.048  0.1171E-68
 -3.038  0.1876E-69
 -3.028  0.2973E-70
 -3.018  0.4660E-71
 -3.008  0.7227E-72
 -2.998  0.1113E-72
 -2.988  0.1968E-73
 -2.978  0.2145E-73
 -2.968  0.1245E-72
 -2.958  0.8053E-72
 -2.948  0.5169E-71
 -2.938  0.3282E-70
 -2.928  0.2061E-69
 -2.918  0.1281E-68
 -2.908  0.7873E-68
 -2.898  0.4787E-67
 -2.888  0.2880E-66
 -2.878  0.1714E-65
 -2.868  0.1009E-64
 -2.858  0.5875E-64
 -2.848  0.3385E-63
 -2.838  0.1929E-62
 -2.828  0.1088E-61
 -2.818  0.6066E-61
 -2.808  0.3347E-60
 -2.798  0.1827E-59
 -2.788  0.9863E-59
 -2.778  0.5268E-58
 -2.768  0.2784E-57
 -2.758  0.1455E-56
 -2.748  0.7525E-56
 -2.738  0.3849E-55
 -2.728  0.1948E-54
 -2.718  0.9751E-54
 -2.708  0.4829E-53
 -2.698  0.2366E-52
 -2.688  0.1147E-51
 -2.678  0.5497E-51
 -2.668  0.2607E-50
 -2.658  0.1223E-49
 -2.648  0.5678E-49
 -2.638  0.2607E-48
 -2.628  0.1184E-47
 -2.618  0.5322E-47
 -2.608  0.2366E-46
 -2.598  0.1040E-45
 -2.588  0.4525E-45
 -2.578  0.1947E-44
 -2.568  0.8290E-44
 -2.558  0.3491E-43
 -2.548  0.1455E-42
 -2.538  0.5995E-42
 -2.528  0.2444E-41
 -2.518  0.9858E-41
 -2.508  0.3933E-40
 -2.498  0.1552E-39
 -2.488  0.6062E-39
 -2.478  0.2342E-38
 -2.468  0.8948E-38
 -2.458  0.3382E-37
 -2.448  0.1265E-36
 -2.438  0.4679E-36
 -2.428  0.1712E-35
 -2.418  0.6199E-35
 -2.408  0.2220E-34
 -2.398  0.7865E-34
 -2.388  0.2757E-33
 -2.378  0.9558E-33
 -2.368  0.3278E-32
 -2.358  0.1112E-31
 -2.348  0.3733E-31
 -2.338  0.1240E-30
 -2.328  0.4072E-30
 -2.318  0.1323E-29
 -2.308  0.4254E-29
 -2.298  0.1353E-28
 -2.288  0.4255E-28
 -2.278  0.1324E-27
 -2.268  0.4077E-27
 -2.258  0.1242E-26
 -2.248  0.3741E-26
 -2.238  0.1115E-25
 -2.228  0.3287E-25
 -2.218  0.9589E-25
 -2.208  0.2767E-24
 -2.198  0.7897E-24
 -2.188  0.2230E-23
 -2.178  0.6229E-23
 -2.168  0.1721E-22
 -2.158  0.4705E-22
 -2.148  0.1272E-21
 -2.138  0.3404E-21
 -2.128  0.9009E-21
 -2.118  0.2359E-20
 -2.108  0.6109E-20
 -2.098  0.1565E-19
 -2.088  0.3967E-19
 -2.078  0.9946E-19
 -2.068  0.2467E-18
 -2.058  0.6053E-18
 -2.048  0.1469E-17
 -2.038  0.3528E-17
 -2.028  0.8382E-17
 -2.018  0.1970E-16
 -2.008  0.4579E-16
 -1.998  0.1053E-15
 -1.988  0.2396E-15
 -1.978  0.5392E-15
 -1.968  0.1200E-14
 -1.958  0.2644E-14
 -1.948  0.5761E-14
 -1.938  0.1242E-13
 -1.928  0.2648E-13
 -1.918  0.5585E-13
 -1.908  0.1165E-12
 -1.898  0.2406E-12
 -1.888  0.4913E-12
 -1.878  0.9926E-12
 -1.868  0.1984E-11
 -1.858  0.3922E-11
 -1.848  0.7672E-11
 -1.838  0.1484E-10
 -1.828  0.2841E-10
 -1.818  0.5381E-10
 -1.808  0.1008E-09
 -1.798  0.1868E-09
 -1.788  0.3425E-09
 -1.778  0.6212E-09
 -1.768  0.1115E-08
 -1.758  0.1979E-08
 -1.748  0.3475E-08
 -1.738  0.6037E-08
 -1.728  0.1038E-07
 -1.718  0.1765E-07
 -1.708  0.2969E-07
 -1.698  0.4941E-07
 -1.688  0.8137E-07
 -1.678  0.1326E-06
 -1.668  0.2137E-06
 -1.658  0.3408E-06
 -1.648  0.5377E-06
 -1.638  0.8395E-06
 -1.628  0.1297E-05
 -1.618  0.1982E-05
 -1.608  0.2998E-05
 -1.598  0.4487E-05
 -1.588  0.6645E-05
 -1.578  0.9739E-05
 -1.568  0.1413E-04
 -1.558  0.2028E-04
 -1.548  0.2881E-04
 -1.538  0.4051E-04
 -1.528  0.5639E-04
 -1.518  0.7770E-04
 -1.508  0.1060E-03
 -1.498  0.1431E-03
 -1.488  0.1914E-03
 -1.478  0.2535E-03
 -1.468  0.3324E-03
 -1.458  0.4318E-03
 -1.448  0.5556E-03
 -1.438  0.7082E-03
 -1.428  0.8944E-03
 -1.418  0.1119E-02
 -1.408  0.1389E-02
 -1.398  0.1707E-02
 -1.388  0.2081E-02
 -1.378  0.2516E-02
 -1.368  0.3016E-02
 -1.358  0.3586E-02
 -1.348  0.4230E-02
 -1.338  0.4950E-02
 -1.328  0.5748E-02
 -1.318  0.6623E-02
 -1.308  0.7575E-02
 -1.298  0.8599E-02
 -1.288  0.9690E-02
 -1.278  0.1084E-01
 -1.268  0.1203E-01
 -1.258  0.1326E-01
 -1.248  0.1451E-01
 -1.238  0.1576E-01
 -1.228  0.1699E-01
 -1.218  0.1817E-01
 -1.208  0.1928E-01
 -1.198  0.2031E-01
 -1.188  0.2121E-01
 -1.178  0.2198E-01
 -1.168  0.2259E-01
 -1.158  0.2302E-01
 -1.148  0.2325E-01
 -1.138  0.2329E-01
 -1.128  0.2311E-01
 -1.118  0.2274E-01
 -1.108  0.2216E-01
 -1.098  0.2140E-01
 -1.088  0.2047E-01
 -1.078  0.1939E-01
 -1.068  0.1820E-01
 -1.058  0.1691E-01
 -1.048  0.1556E-01
 -1.038  0.1417E-01
 -1.028  0.1279E-01
 -1.018  0.1142E-01
 -1.008  0.1009E-01
 -0.998  0.8833E-02
 -0.988  0.7654E-02
 -0.978  0.6568E-02
 -0.968  0.5583E-02
 -0.958  0.4704E-02
 -0.948  0.3932E-02
 -0.938  0.3268E-02
 -0.928  0.2707E-02
 -0.918  0.2246E-02
 -0.908  0.1880E-02
 -0.898  0.1603E-02
 -0.888  0.1412E-02
 -0.878  0.1302E-02
 -0.868  0.1269E-02
 -0.858  0.1313E-02
 -0.848  0.1431E-02
 -0.838  0.1623E-02
 -0.828  0.1891E-02
 -0.818  0.2234E-02
 -0.808  0.2654E-02
 -0.798  0.3150E-02
 -0.788  0.3722E-02
 -0.778  0.4368E-02
 -0.768  0.5084E-02
 -0.758  0.5864E-02
 -0.748  0.6699E-02
 -0.738  0.7578E-02
 -0.728  0.8489E-02
 -0.718  0.9416E-02
 -0.708  0.1034E-01
 -0.698  0.1125E-01
 -0.688  0.1213E-01
 -0.678  0.1296E-01
 -0.668  0.1373E-01
 -0.658  0.1442E-01
 -0.648  0.1503E-01
 -0.638  0.1555E-01
 -0.628  0.1599E-01
 -0.618  0.1635E-01
 -0.608  0.1664E-01
 -0.598  0.1687E-01
 -0.588  0.1706E-01
 -0.578  0.1723E-01
 -0.568  0.1739E-01
 -0.558  0.1756E-01
 -0.548  0.1776E-01
 -0.538  0.1799E-01
 -0.528  0.1827E-01
 -0.518  0.1860E-01
 -0.508  0.1897E-01
 -0.498  0.1937E-01
 -0.488  0.1980E-01
 -0.478  0.2024E-01
 -0.468  0.2066E-01
 -0.458  0.2104E-01
 -0.448  0.2137E-01
 -0.438  0.2161E-01
 -0.428  0.2175E-01
 -0.418  0.2176E-01
 -0.408  0.2165E-01
 -0.398  0.2140E-01
 -0.388  0.2101E-01
 -0.378  0.2048E-01
 -0.368  0.1982E-01
 -0.358  0.1905E-01
 -0.348  0.1817E-01
 -0.338  0.1722E-01
 -0.328  0.1622E-01
 -0.318  0.1518E-01
 -0.308  0.1413E-01
 -0.298  0.1308E-01
 -0.288  0.1207E-01
 -0.278  0.1111E-01
 -0.268  0.1020E-01
 -0.258  0.9363E-02
 -0.248  0.8598E-02
 -0.238  0.7908E-02
 -0.228  0.7294E-02
 -0.218  0.6751E-02
 -0.208  0.6273E-02
 -0.198  0.5854E-02
 -0.188  0.5485E-02
 -0.178  0.5158E-02
 -0.168  0.4865E-02
 -0.158  0.4598E-02
 -0.148  0.4350E-02
 -0.138  0.4119E-02
 -0.128  0.3899E-02
 -0.118  0.3691E-02
 -0.108  0.3495E-02
 -0.098  0.3313E-02
 -0.088  0.3147E-02
 -0.078  0.3003E-02
 -0.068  0.2886E-02
 -0.058  0.2802E-02
 -0.048  0.2756E-02
 -0.038  0.2754E-02
 -0.028  0.2801E-02
 -0.018  0.2900E-02
 -0.008  0.3056E-02
  0.002  0.3269E-02
  0.012  0.3540E-02
  0.022  0.3868E-02
  0.032  0.4251E-02
  0.042  0.4683E-02
  0.052  0.5158E-02
  0.062  0.5671E-02
  0.072  0.6211E-02
  0.082  0.6771E-02
  0.092  0.7338E-02
  0.102  0.7904E-02
  0.112  0.8456E-02
  0.122  0.8983E-02
  0.132  0.9476E-02
  0.142  0.9925E-02
  0.152  0.1032E-01
  0.162  0.1065E-01
  0.172  0.1092E-01
  0.182  0.1112E-01
  0.192  0.1124E-01
  0.202  0.1129E-01
  0.212  0.1127E-01
  0.222  0.1118E-01
  0.232  0.1102E-01
  0.242  0.1081E-01
  0.252  0.1055E-01
  0.262  0.1025E-01
  0.272  0.9924E-02
  0.282  0.9575E-02
  0.292  0.9217E-02
  0.302  0.8857E-02
  0.312  0.8504E-02
  0.322  0.8163E-02
  0.332  0.7839E-02
  0.342  0.7535E-02
  0.352  0.7251E-02
  0.362  0.6988E-02
  0.372  0.6742E-02
  0.382  0.6510E-02
  0.392  0.6287E-02
  0.402  0.6069E-02
  0.412  0.5850E-02
  0.422  0.5627E-02
  0.432  0.5394E-02
  0.442  0.5150E-02
  0.452  0.4892E-02
  0.462  0.4619E-02
  0.472  0.4334E-02
  0.482  0.4037E-02
  0.492  0.3731E-02
  0.502  0.3420E-02
  0.512  0.3108E-02
  0.522  0.2799E-02
  0.532  0.2497E-02
  0.542  0.2207E-02
  0.552  0.1932E-02
  0.562  0.1674E-02
  0.572  0.1436E-02
  0.582  0.1219E-02
  0.592  0.1025E-02
  0.602  0.8527E-03
  0.612  0.7021E-03
  0.622  0.5720E-03
  0.632  0.4612E-03
  0.642  0.3679E-03
  0.652  0.2904E-03
  0.662  0.2268E-03
  0.672  0.1753E-03
  0.682  0.1341E-03
  0.692  0.1014E-03
  0.702  0.7593E-04
  0.712  0.5624E-04
  0.722  0.4121E-04
  0.732  0.2988E-04
  0.742  0.2143E-04
  0.752  0.1521E-04
  0.762  0.1068E-04
  0.772  0.7419E-05
  0.782  0.5099E-05
  0.792  0.3468E-05
  0.802  0.2333E-05
  0.812  0.1553E-05
  0.822  0.1023E-05
  0.832  0.6662E-06
  0.842  0.4294E-06
