 -5.548  0.2292E-06
 -5.538  0.3543E-06
 -5.528  0.5419E-06
 -5.518  0.8198E-06
 -5.508  0.1227E-05
 -5.498  0.1817E-05
 -5.488  0.2661E-05
 -5.478  0.3856E-05
 -5.468  0.5528E-05
 -5.458  0.7840E-05
 -5.448  0.1100E-04
 -5.438  0.1527E-04
 -5.428  0.2096E-04
 -5.418  0.2848E-04
 -5.408  0.3827E-04
 -5.398  0.5089E-04
 -5.388  0.6694E-04
 -5.378  0.8713E-04
 -5.368  0.1122E-03
 -5.358  0.1430E-03
 -5.348  0.1802E-03
 -5.338  0.2249E-03
 -5.328  0.2776E-03
 -5.318  0.3391E-03
 -5.308  0.4100E-03
 -5.298  0.4907E-03
 -5.288  0.5813E-03
 -5.278  0.6817E-03
 -5.268  0.7915E-03
 -5.258  0.9102E-03
 -5.248  0.1037E-02
 -5.238  0.1170E-02
 -5.228  0.1308E-02
 -5.218  0.1450E-02
 -5.208  0.1593E-02
 -5.198  0.1738E-02
 -5.188  0.1881E-02
 -5.178  0.2022E-02
 -5.168  0.2160E-02
 -5.158  0.2294E-02
 -5.148  0.2426E-02
 -5.138  0.2555E-02
 -5.128  0.2682E-02
 -5.118  0.2810E-02
 -5.108  0.2941E-02
 -5.098  0.3076E-02
 -5.088  0.3219E-02
 -5.078  0.3373E-02
 -5.068  0.3539E-02
 -5.058  0.3721E-02
 -5.048  0.3919E-02
 -5.038  0.4136E-02
 -5.028  0.4373E-02
 -5.018  0.4629E-02
 -5.008  0.4903E-02
 -4.998  0.5194E-02
 -4.988  0.5500E-02
 -4.978  0.5817E-02
 -4.968  0.6142E-02
 -4.958  0.6469E-02
 -4.948  0.6795E-02
 -4.938  0.7113E-02
 -4.928  0.7418E-02
 -4.918  0.7704E-02
 -4.908  0.7967E-02
 -4.898  0.8200E-02
 -4.888  0.8400E-02
 -4.878  0.8562E-02
 -4.868  0.8684E-02
 -4.858  0.8763E-02
 -4.848  0.8797E-02
 -4.838  0.8787E-02
 -4.828  0.8732E-02
 -4.818  0.8633E-02
 -4.808  0.8491E-02
 -4.798  0.8310E-02
 -4.788  0.8090E-02
 -4.778  0.7835E-02
 -4.768  0.7549E-02
 -4.758  0.7234E-02
 -4.748  0.6894E-02
 -4.738  0.6533E-02
 -4.728  0.6154E-02
 -4.718  0.5762E-02
 -4.708  0.5361E-02
 -4.698  0.4955E-02
 -4.688  0.4549E-02
 -4.678  0.4146E-02
 -4.668  0.3751E-02
 -4.658  0.3367E-02
 -4.648  0.2999E-02
 -4.638  0.2649E-02
 -4.628  0.2320E-02
 -4.618  0.2015E-02
 -4.608  0.1734E-02
 -4.598  0.1479E-02
 -4.588  0.1250E-02
 -4.578  0.1046E-02
 -4.568  0.8673E-03
 -4.558  0.7121E-03
 -4.548  0.5789E-03
 -4.538  0.4660E-03
 -4.528  0.3713E-03
 -4.518  0.2929E-03
 -4.508  0.2287E-03
 -4.498  0.1768E-03
 -4.488  0.1352E-03
 -4.478  0.1023E-03
 -4.468  0.7666E-04
 -4.458  0.5682E-04
 -4.448  0.4168E-04
 -4.438  0.3025E-04
 -4.428  0.2172E-04
 -4.418  0.1543E-04
 -4.408  0.1085E-04
 -4.398  0.7546E-05
 -4.388  0.5193E-05
 -4.378  0.3535E-05
 -4.368  0.2381E-05
 -4.358  0.1587E-05
 -4.348  0.1046E-05
 -4.338  0.6823E-06
 -4.328  0.4403E-06
 -4.318  0.2810E-06
 -4.308  0.1775E-06
 -4.298  0.1109E-06
 -4.288  0.6853E-07
 -4.278  0.4190E-07
 -4.268  0.2534E-07
 -4.258  0.1517E-07
 -4.248  0.8978E-08
 -4.238  0.5258E-08
 -4.228  0.3046E-08
 -4.218  0.1746E-08
 -4.208  0.9897E-09
 -4.198  0.5551E-09
 -4.188  0.3080E-09
 -4.178  0.1691E-09
 -4.168  0.9180E-10
 -4.158  0.4931E-10
 -4.148  0.2620E-10
 -4.138  0.1377E-10
 -4.128  0.7163E-11
 -4.118  0.3685E-11
 -4.108  0.1876E-11
 -4.098  0.9442E-12
 -4.088  0.4703E-12
 -4.078  0.2317E-12
 -4.068  0.1129E-12
 -4.058  0.5445E-13
 -4.048  0.2597E-13
 -4.038  0.1226E-13
 -4.028  0.5721E-14
 -4.018  0.2642E-14
 -4.008  0.1207E-14
 -3.998  0.5454E-15
 -3.988  0.2438E-15
 -3.978  0.1078E-15
 -3.968  0.4717E-16
 -3.958  0.2042E-16
 -3.948  0.8741E-17
 -3.938  0.3702E-17
 -3.928  0.1551E-17
 -3.918  0.6430E-18
 -3.908  0.2636E-18
 -3.898  0.1069E-18
 -3.888  0.4291E-19
 -3.878  0.1704E-19
 -3.868  0.6690E-20
 -3.858  0.2599E-20
 -3.848  0.9987E-21
 -3.838  0.3797E-21
 -3.828  0.1428E-21
 -3.818  0.5312E-22
 -3.808  0.1955E-22
 -3.798  0.7119E-23
 -3.788  0.2564E-23
 -3.778  0.9136E-24
 -3.768  0.3220E-24
 -3.758  0.1123E-24
 -3.748  0.3873E-25
 -3.738  0.1322E-25
 -3.728  0.4462E-26
 -3.718  0.1490E-26
 -3.708  0.4922E-27
 -3.698  0.1609E-27
 -3.688  0.5201E-28
 -3.678  0.1663E-28
 -3.668  0.5262E-29
 -3.658  0.1647E-29
 -3.648  0.5100E-30
 -3.638  0.1562E-30
 -3.628  0.4733E-31
 -3.618  0.1419E-31
 -3.608  0.4207E-32
 -3.598  0.1234E-32
 -3.588  0.3581E-33
 -3.578  0.1028E-33
 -3.568  0.2919E-34
 -3.558  0.8201E-35
 -3.548  0.2279E-35
 -3.538  0.6266E-36
 -3.528  0.1704E-36
 -3.518  0.4585E-37
 -3.508  0.1220E-37
 -3.498  0.3213E-38
 -3.488  0.8370E-39
 -3.478  0.2157E-39
 -3.468  0.5498E-40
 -3.458  0.1386E-40
 -3.448  0.3458E-41
 -3.438  0.8534E-42
 -3.428  0.2083E-42
 -3.418  0.5031E-43
 -3.408  0.1202E-43
 -3.398  0.2841E-44
 -3.388  0.6641E-45
 -3.378  0.1536E-45
 -3.368  0.3514E-46
 -3.358  0.7955E-47
 -3.348  0.1781E-47
 -3.338  0.3945E-48
 -3.328  0.8645E-49
 -3.318  0.1874E-49
 -3.308  0.4018E-50
 -3.298  0.8524E-51
 -3.288  0.1789E-51
 -3.278  0.3714E-52
 -3.268  0.7627E-53
 -3.258  0.1549E-53
 -3.248  0.3114E-54
 -3.238  0.6191E-55
 -3.228  0.1218E-55
 -3.218  0.2369E-56
 -3.208  0.4561E-57
 -3.198  0.8684E-58
 -3.188  0.1636E-58
 -3.178  0.3048E-59
 -3.168  0.5619E-60
 -3.158  0.1025E-60
 -3.148  0.1848E-61
 -3.138  0.3299E-62
 -3.128  0.5823E-63
 -3.118  0.1017E-63
 -3.108  0.1757E-64
 -3.098  0.3003E-65
 -3.088  0.5077E-66
 -3.078  0.8492E-67
 -3.068  0.1405E-67
 -3.058  0.2300E-68
 -3.048  0.3724E-69
 -3.038  0.5965E-70
 -3.028  0.9453E-71
 -3.018  0.1482E-71
 -3.008  0.2298E-72
 -2.998  0.3531E-73
 -2.988  0.5746E-74
 -2.978  0.3432E-74
 -2.968  0.1736E-73
 -2.958  0.1119E-72
 -2.948  0.7179E-72
 -2.938  0.4558E-71
 -2.928  0.2863E-70
 -2.918  0.1779E-69
 -2.908  0.1094E-68
 -2.898  0.6650E-68
 -2.888  0.4000E-67
 -2.878  0.2380E-66
 -2.868  0.1401E-65
 -2.858  0.8161E-65
 -2.848  0.4702E-64
 -2.838  0.2680E-63
 -2.828  0.1511E-62
 -2.818  0.8426E-62
 -2.808  0.4649E-61
 -2.798  0.2537E-60
 -2.788  0.1370E-59
 -2.778  0.7318E-59
 -2.768  0.3867E-58
 -2.758  0.2021E-57
 -2.748  0.1045E-56
 -2.738  0.5347E-56
 -2.728  0.2706E-55
 -2.718  0.1355E-54
 -2.708  0.6708E-54
 -2.698  0.3286E-53
 -2.688  0.1593E-52
 -2.678  0.7636E-52
 -2.668  0.3622E-51
 -2.658  0.1699E-50
 -2.648  0.7887E-50
 -2.638  0.3622E-49
 -2.628  0.1645E-48
 -2.618  0.7392E-48
 -2.608  0.3286E-47
 -2.598  0.1445E-46
 -2.588  0.6286E-46
 -2.578  0.2705E-45
 -2.568  0.1152E-44
 -2.558  0.4850E-44
 -2.548  0.2020E-43
 -2.538  0.8327E-43
 -2.528  0.3395E-42
 -2.518  0.1369E-41
 -2.508  0.5463E-41
 -2.498  0.2156E-40
 -2.488  0.8420E-40
 -2.478  0.3253E-39
 -2.468  0.1243E-38
 -2.458  0.4698E-38
 -2.448  0.1757E-37
 -2.438  0.6499E-37
 -2.428  0.2378E-36
 -2.418  0.8611E-36
 -2.408  0.3084E-35
 -2.398  0.1093E-34
 -2.388  0.3829E-34
 -2.378  0.1328E-33
 -2.368  0.4554E-33
 -2.358  0.1545E-32
 -2.348  0.5186E-32
 -2.338  0.1722E-31
 -2.328  0.5656E-31
 -2.318  0.1838E-30
 -2.308  0.5909E-30
 -2.298  0.1879E-29
 -2.288  0.5911E-29
 -2.278  0.1840E-28
 -2.268  0.5663E-28
 -2.258  0.1725E-27
 -2.248  0.5197E-27
 -2.238  0.1549E-26
 -2.228  0.4567E-26
 -2.218  0.1332E-25
 -2.208  0.3843E-25
 -2.198  0.1097E-24
 -2.188  0.3098E-24
 -2.178  0.8653E-24
 -2.168  0.2391E-23
 -2.158  0.6536E-23
 -2.148  0.1768E-22
 -2.138  0.4729E-22
 -2.128  0.1252E-21
 -2.118  0.3277E-21
 -2.108  0.8486E-21
 -2.098  0.2174E-20
 -2.088  0.5511E-20
 -2.078  0.1382E-19
 -2.068  0.3427E-19
 -2.058  0.8410E-19
 -2.048  0.2041E-18
 -2.038  0.4902E-18
 -2.028  0.1165E-17
 -2.018  0.2737E-17
 -2.008  0.6363E-17
 -1.998  0.1463E-16
 -1.988  0.3329E-16
 -1.978  0.7493E-16
 -1.968  0.1668E-15
 -1.958  0.3675E-15
 -1.948  0.8008E-15
 -1.938  0.1726E-14
 -1.928  0.3681E-14
 -1.918  0.7766E-14
 -1.908  0.1621E-13
 -1.898  0.3346E-13
 -1.888  0.6835E-13
 -1.878  0.1381E-12
 -1.868  0.2761E-12
 -1.858  0.5459E-12
 -1.848  0.1068E-11
 -1.838  0.2067E-11
 -1.828  0.3958E-11
 -1.818  0.7498E-11
 -1.808  0.1405E-10
 -1.798  0.2605E-10
 -1.788  0.4778E-10
 -1.778  0.8672E-10
 -1.768  0.1557E-09
 -1.758  0.2766E-09
 -1.748  0.4861E-09
 -1.738  0.8452E-09
 -1.728  0.1454E-08
 -1.718  0.2475E-08
 -1.708  0.4169E-08
 -1.698  0.6948E-08
 -1.688  0.1146E-07
 -1.678  0.1870E-07
 -1.668  0.3019E-07
 -1.658  0.4824E-07
 -1.648  0.7629E-07
 -1.638  0.1194E-06
 -1.628  0.1850E-06
 -1.618  0.2836E-06
 -1.608  0.4304E-06
 -1.598  0.6466E-06
 -1.588  0.9617E-06
 -1.578  0.1416E-05
 -1.568  0.2064E-05
 -1.558  0.2981E-05
 -1.548  0.4261E-05
 -1.538  0.6034E-05
 -1.528  0.8464E-05
 -1.518  0.1176E-04
 -1.508  0.1619E-04
 -1.498  0.2209E-04
 -1.488  0.2987E-04
 -1.478  0.4003E-04
 -1.468  0.5319E-04
 -1.458  0.7006E-04
 -1.448  0.9152E-04
 -1.438  0.1186E-03
 -1.428  0.1524E-03
 -1.418  0.1942E-03
 -1.408  0.2457E-03
 -1.398  0.3084E-03
 -1.388  0.3841E-03
 -1.378  0.4749E-03
 -1.368  0.5827E-03
 -1.358  0.7096E-03
 -1.348  0.8577E-03
 -1.338  0.1029E-02
 -1.328  0.1225E-02
 -1.318  0.1448E-02
 -1.308  0.1699E-02
 -1.298  0.1977E-02
 -1.288  0.2284E-02
 -1.278  0.2617E-02
 -1.268  0.2975E-02
 -1.258  0.3354E-02
 -1.248  0.3750E-02
 -1.238  0.4157E-02
 -1.228  0.4569E-02
 -1.218  0.4978E-02
 -1.208  0.5376E-02
 -1.198  0.5754E-02
 -1.188  0.6102E-02
 -1.178  0.6410E-02
 -1.168  0.6672E-02
 -1.158  0.6878E-02
 -1.148  0.7022E-02
 -1.138  0.7100E-02
 -1.128  0.7108E-02
 -1.118  0.7046E-02
 -1.108  0.6915E-02
 -1.098  0.6719E-02
 -1.088  0.6462E-02
 -1.078  0.6151E-02
 -1.068  0.5796E-02
 -1.058  0.5405E-02
 -1.048  0.4989E-02
 -1.038  0.4557E-02
 -1.028  0.4120E-02
 -1.018  0.3686E-02
 -1.008  0.3263E-02
 -0.998  0.2859E-02
 -0.988  0.2480E-02
 -0.978  0.2129E-02
 -0.968  0.1810E-02
 -0.958  0.1524E-02
 -0.948  0.1273E-02
 -0.938  0.1056E-02
 -0.928  0.8721E-03
 -0.918  0.7200E-03
 -0.908  0.5981E-03
 -0.898  0.5047E-03
 -0.888  0.4381E-03
 -0.878  0.3969E-03
 -0.868  0.3801E-03
 -0.858  0.3868E-03
 -0.848  0.4167E-03
 -0.838  0.4698E-03
 -0.828  0.5466E-03
 -0.818  0.6475E-03
 -0.808  0.7733E-03
 -0.798  0.9247E-03
 -0.788  0.1102E-02
 -0.778  0.1307E-02
 -0.768  0.1538E-02
 -0.758  0.1794E-02
 -0.748  0.2076E-02
 -0.738  0.2382E-02
 -0.728  0.2708E-02
 -0.718  0.3053E-02
 -0.708  0.3412E-02
 -0.698  0.3784E-02
 -0.688  0.4164E-02
 -0.678  0.4549E-02
 -0.668  0.4936E-02
 -0.658  0.5324E-02
 -0.648  0.5711E-02
 -0.638  0.6098E-02
 -0.628  0.6485E-02
 -0.618  0.6877E-02
 -0.608  0.7276E-02
 -0.598  0.7688E-02
 -0.588  0.8117E-02
 -0.578  0.8569E-02
 -0.568  0.9050E-02
 -0.558  0.9563E-02
 -0.548  0.1011E-01
 -0.538  0.1070E-01
 -0.528  0.1131E-01
 -0.518  0.1196E-01
 -0.508  0.1263E-01
 -0.498  0.1330E-01
 -0.488  0.1398E-01
 -0.478  0.1463E-01
 -0.468  0.1525E-01
 -0.458  0.1581E-01
 -0.448  0.1630E-01
 -0.438  0.1669E-01
 -0.428  0.1698E-01
 -0.418  0.1716E-01
 -0.408  0.1720E-01
 -0.398  0.1711E-01
 -0.388  0.1689E-01
 -0.378  0.1655E-01
 -0.368  0.1608E-01
 -0.358  0.1551E-01
 -0.348  0.1485E-01
 -0.338  0.1412E-01
 -0.328  0.1333E-01
 -0.318  0.1252E-01
 -0.308  0.1169E-01
 -0.298  0.1088E-01
 -0.288  0.1009E-01
 -0.278  0.9336E-02
 -0.268  0.8636E-02
 -0.258  0.7995E-02
 -0.248  0.7416E-02
 -0.238  0.6902E-02
 -0.228  0.6450E-02
 -0.218  0.6056E-02
 -0.208  0.5714E-02
 -0.198  0.5417E-02
 -0.188  0.5155E-02
 -0.178  0.4922E-02
 -0.168  0.4710E-02
 -0.158  0.4510E-02
 -0.148  0.4319E-02
 -0.138  0.4133E-02
 -0.128  0.3948E-02
 -0.118  0.3766E-02
 -0.108  0.3588E-02
 -0.098  0.3416E-02
 -0.088  0.3256E-02
 -0.078  0.3113E-02
 -0.068  0.2993E-02
 -0.058  0.2903E-02
 -0.048  0.2849E-02
 -0.038  0.2838E-02
 -0.028  0.2874E-02
 -0.018  0.2964E-02
 -0.008  0.3109E-02
  0.002  0.3313E-02
  0.012  0.3576E-02
  0.022  0.3896E-02
  0.032  0.4272E-02
  0.042  0.4698E-02
  0.052  0.5170E-02
  0.062  0.5679E-02
  0.072  0.6218E-02
  0.082  0.6776E-02
  0.092  0.7344E-02
  0.102  0.7909E-02
  0.112  0.8462E-02
  0.122  0.8990E-02
  0.132  0.9483E-02
  0.142  0.9932E-02
  0.152  0.1033E-01
  0.162  0.1066E-01
  0.172  0.1092E-01
  0.182  0.1111E-01
  0.192  0.1122E-01
  0.202  0.1126E-01
  0.212  0.1122E-01
  0.222  0.1111E-01
  0.232  0.1093E-01
  0.242  0.1069E-01
  0.252  0.1040E-01
  0.262  0.1006E-01
  0.272  0.9689E-02
  0.282  0.9293E-02
  0.292  0.8881E-02
  0.302  0.8464E-02
  0.312  0.8050E-02
  0.322  0.7645E-02
  0.332  0.7256E-02
  0.342  0.6885E-02
  0.352  0.6536E-02
  0.362  0.6208E-02
  0.372  0.5902E-02
  0.382  0.5614E-02
  0.392  0.5342E-02
  0.402  0.5083E-02
  0.412  0.4833E-02
  0.422  0.4587E-02
  0.432  0.4344E-02
  0.442  0.4099E-02
  0.452  0.3853E-02
  0.462  0.3603E-02
  0.472  0.3350E-02
  0.482  0.3094E-02
  0.492  0.2837E-02
  0.502  0.2582E-02
  0.512  0.2331E-02
  0.522  0.2086E-02
  0.532  0.1850E-02
  0.542  0.1626E-02
  0.552  0.1416E-02
  0.562  0.1220E-02
  0.572  0.1042E-02
  0.582  0.8806E-03
  0.592  0.7368E-03
  0.602  0.6102E-03
  0.612  0.5002E-03
  0.622  0.4058E-03
  0.632  0.3257E-03
  0.642  0.2588E-03
  0.652  0.2035E-03
  0.662  0.1583E-03
  0.672  0.1218E-03
  0.682  0.9279E-04
  0.692  0.6993E-04
  0.702  0.5214E-04
  0.712  0.3847E-04
  0.722  0.2808E-04
  0.732  0.2028E-04
  0.742  0.1449E-04
  0.752  0.1025E-04
  0.762  0.7168E-05
  0.772  0.4961E-05
  0.782  0.3397E-05
  0.792  0.2302E-05
  0.802  0.1543E-05
  0.812  0.1023E-05
  0.822  0.6715E-06
  0.832  0.4359E-06
  0.842  0.2800E-06
