 -5.548  0.2708E-06
 -5.538  0.4186E-06
 -5.528  0.6402E-06
 -5.518  0.9685E-06
 -5.508  0.1450E-05
 -5.498  0.2146E-05
 -5.488  0.3144E-05
 -5.478  0.4556E-05
 -5.468  0.6531E-05
 -5.458  0.9262E-05
 -5.448  0.1299E-04
 -5.438  0.1804E-04
 -5.428  0.2477E-04
 -5.418  0.3364E-04
 -5.408  0.4522E-04
 -5.398  0.6013E-04
 -5.388  0.7910E-04
 -5.378  0.1030E-03
 -5.368  0.1326E-03
 -5.358  0.1689E-03
 -5.348  0.2130E-03
 -5.338  0.2657E-03
 -5.328  0.3281E-03
 -5.318  0.4009E-03
 -5.308  0.4847E-03
 -5.298  0.5802E-03
 -5.288  0.6874E-03
 -5.278  0.8063E-03
 -5.268  0.9364E-03
 -5.258  0.1077E-02
 -5.248  0.1227E-02
 -5.238  0.1385E-02
 -5.228  0.1550E-02
 -5.218  0.1718E-02
 -5.208  0.1890E-02
 -5.198  0.2062E-02
 -5.188  0.2234E-02
 -5.178  0.2404E-02
 -5.168  0.2571E-02
 -5.158  0.2734E-02
 -5.148  0.2895E-02
 -5.138  0.3053E-02
 -5.128  0.3211E-02
 -5.118  0.3371E-02
 -5.108  0.3535E-02
 -5.098  0.3705E-02
 -5.088  0.3886E-02
 -5.078  0.4080E-02
 -5.068  0.4290E-02
 -5.058  0.4520E-02
 -5.048  0.4770E-02
 -5.038  0.5044E-02
 -5.028  0.5341E-02
 -5.018  0.5662E-02
 -5.008  0.6004E-02
 -4.998  0.6367E-02
 -4.988  0.6748E-02
 -4.978  0.7141E-02
 -4.968  0.7542E-02
 -4.958  0.7945E-02
 -4.948  0.8344E-02
 -4.938  0.8733E-02
 -4.928  0.9104E-02
 -4.918  0.9450E-02
 -4.908  0.9764E-02
 -4.898  0.1004E-01
 -4.888  0.1027E-01
 -4.878  0.1046E-01
 -4.868  0.1059E-01
 -4.858  0.1067E-01
 -4.848  0.1070E-01
 -4.838  0.1067E-01
 -4.828  0.1058E-01
 -4.818  0.1044E-01
 -4.808  0.1024E-01
 -4.798  0.9999E-02
 -4.788  0.9712E-02
 -4.778  0.9383E-02
 -4.768  0.9018E-02
 -4.758  0.8621E-02
 -4.748  0.8196E-02
 -4.738  0.7748E-02
 -4.728  0.7282E-02
 -4.718  0.6803E-02
 -4.708  0.6316E-02
 -4.698  0.5826E-02
 -4.688  0.5337E-02
 -4.678  0.4856E-02
 -4.668  0.4386E-02
 -4.658  0.3931E-02
 -4.648  0.3496E-02
 -4.638  0.3085E-02
 -4.628  0.2699E-02
 -4.618  0.2341E-02
 -4.608  0.2013E-02
 -4.598  0.1715E-02
 -4.588  0.1448E-02
 -4.578  0.1211E-02
 -4.568  0.1004E-02
 -4.558  0.8237E-03
 -4.548  0.6693E-03
 -4.538  0.5385E-03
 -4.528  0.4290E-03
 -4.518  0.3383E-03
 -4.508  0.2641E-03
 -4.498  0.2040E-03
 -4.488  0.1560E-03
 -4.478  0.1181E-03
 -4.468  0.8843E-04
 -4.458  0.6554E-04
 -4.448  0.4806E-04
 -4.438  0.3488E-04
 -4.428  0.2504E-04
 -4.418  0.1779E-04
 -4.408  0.1251E-04
 -4.398  0.8698E-05
 -4.388  0.5985E-05
 -4.378  0.4075E-05
 -4.368  0.2744E-05
 -4.358  0.1829E-05
 -4.348  0.1206E-05
 -4.338  0.7863E-06
 -4.328  0.5074E-06
 -4.318  0.3239E-06
 -4.308  0.2045E-06
 -4.298  0.1278E-06
 -4.288  0.7897E-07
 -4.278  0.4828E-07
 -4.268  0.2920E-07
 -4.258  0.1748E-07
 -4.248  0.1034E-07
 -4.238  0.6058E-08
 -4.228  0.3509E-08
 -4.218  0.2011E-08
 -4.208  0.1140E-08
 -4.198  0.6396E-09
 -4.188  0.3549E-09
 -4.178  0.1948E-09
 -4.168  0.1058E-09
 -4.158  0.5681E-10
 -4.148  0.3019E-10
 -4.138  0.1587E-10
 -4.128  0.8253E-11
 -4.118  0.4246E-11
 -4.108  0.2161E-11
 -4.098  0.1088E-11
 -4.088  0.5418E-12
 -4.078  0.2670E-12
 -4.068  0.1301E-12
 -4.058  0.6274E-13
 -4.048  0.2993E-13
 -4.038  0.1412E-13
 -4.028  0.6592E-14
 -4.018  0.3044E-14
 -4.008  0.1391E-14
 -3.998  0.6284E-15
 -3.988  0.2809E-15
 -3.978  0.1242E-15
 -3.968  0.5435E-16
 -3.958  0.2352E-16
 -3.948  0.1007E-16
 -3.938  0.4266E-17
 -3.928  0.1787E-17
 -3.918  0.7408E-18
 -3.908  0.3038E-18
 -3.898  0.1232E-18
 -3.888  0.4944E-19
 -3.878  0.1963E-19
 -3.868  0.7707E-20
 -3.858  0.2994E-20
 -3.848  0.1151E-20
 -3.838  0.4374E-21
 -3.828  0.1645E-21
 -3.818  0.6121E-22
 -3.808  0.2253E-22
 -3.798  0.8202E-23
 -3.788  0.2954E-23
 -3.778  0.1053E-23
 -3.768  0.3710E-24
 -3.758  0.1294E-24
 -3.748  0.4463E-25
 -3.738  0.1523E-25
 -3.728  0.5141E-26
 -3.718  0.1717E-26
 -3.708  0.5671E-27
 -3.698  0.1853E-27
 -3.688  0.5992E-28
 -3.678  0.1916E-28
 -3.668  0.6063E-29
 -3.658  0.1898E-29
 -3.648  0.5876E-30
 -3.638  0.1800E-30
 -3.628  0.5453E-31
 -3.618  0.1635E-31
 -3.608  0.4847E-32
 -3.598  0.1422E-32
 -3.588  0.4126E-33
 -3.578  0.1184E-33
 -3.568  0.3363E-34
 -3.558  0.9449E-35
 -3.548  0.2626E-35
 -3.538  0.7220E-36
 -3.528  0.1964E-36
 -3.518  0.5283E-37
 -3.508  0.1406E-37
 -3.498  0.3702E-38
 -3.488  0.9644E-39
 -3.478  0.2485E-39
 -3.468  0.6334E-40
 -3.458  0.1597E-40
 -3.448  0.3984E-41
 -3.438  0.9832E-42
 -3.428  0.2400E-42
 -3.418  0.5797E-43
 -3.408  0.1385E-43
 -3.398  0.3273E-44
 -3.388  0.7652E-45
 -3.378  0.1770E-45
 -3.368  0.4049E-46
 -3.358  0.9165E-47
 -3.348  0.2052E-47
 -3.338  0.4545E-48
 -3.328  0.9960E-49
 -3.318  0.2159E-49
 -3.308  0.4630E-50
 -3.298  0.9821E-51
 -3.288  0.2061E-51
 -3.278  0.4279E-52
 -3.268  0.8787E-53
 -3.258  0.1785E-53
 -3.248  0.3588E-54
 -3.238  0.7134E-55
 -3.228  0.1403E-55
 -3.218  0.2730E-56
 -3.208  0.5254E-57
 -3.198  0.1000E-57
 -3.188  0.1885E-58
 -3.178  0.3512E-59
 -3.168  0.6473E-60
 -3.158  0.1180E-60
 -3.148  0.2130E-61
 -3.138  0.3800E-62
 -3.128  0.6709E-63
 -3.118  0.1172E-63
 -3.108  0.2024E-64
 -3.098  0.3460E-65
 -3.088  0.5850E-66
 -3.078  0.9784E-67
 -3.068  0.1619E-67
 -3.058  0.2650E-68
 -3.048  0.4291E-69
 -3.038  0.6873E-70
 -3.028  0.1089E-70
 -3.018  0.1707E-71
 -3.008  0.2648E-72
 -2.998  0.4069E-73
 -2.988  0.6678E-74
 -2.978  0.4337E-74
 -2.968  0.2251E-73
 -2.958  0.1452E-72
 -2.948  0.9318E-72
 -2.938  0.5916E-71
 -2.928  0.3716E-70
 -2.918  0.2309E-69
 -2.908  0.1419E-68
 -2.898  0.8631E-68
 -2.888  0.5192E-67
 -2.878  0.3090E-66
 -2.868  0.1819E-65
 -2.858  0.1059E-64
 -2.848  0.6102E-64
 -2.838  0.3478E-63
 -2.828  0.1961E-62
 -2.818  0.1094E-61
 -2.808  0.6033E-61
 -2.798  0.3293E-60
 -2.788  0.1778E-59
 -2.778  0.9497E-59
 -2.768  0.5018E-58
 -2.758  0.2623E-57
 -2.748  0.1357E-56
 -2.738  0.6939E-56
 -2.728  0.3512E-55
 -2.718  0.1758E-54
 -2.708  0.8706E-54
 -2.698  0.4265E-53
 -2.688  0.2067E-52
 -2.678  0.9911E-52
 -2.668  0.4701E-51
 -2.658  0.2205E-50
 -2.648  0.1024E-49
 -2.638  0.4700E-49
 -2.628  0.2135E-48
 -2.618  0.9594E-48
 -2.608  0.4264E-47
 -2.598  0.1875E-46
 -2.588  0.8158E-46
 -2.578  0.3511E-45
 -2.568  0.1495E-44
 -2.558  0.6294E-44
 -2.548  0.2622E-43
 -2.538  0.1081E-42
 -2.528  0.4406E-42
 -2.518  0.1777E-41
 -2.508  0.7091E-41
 -2.498  0.2799E-40
 -2.488  0.1093E-39
 -2.478  0.4221E-39
 -2.468  0.1613E-38
 -2.458  0.6098E-38
 -2.448  0.2280E-37
 -2.438  0.8435E-37
 -2.428  0.3087E-36
 -2.418  0.1118E-35
 -2.408  0.4002E-35
 -2.398  0.1418E-34
 -2.388  0.4970E-34
 -2.378  0.1723E-33
 -2.368  0.5910E-33
 -2.358  0.2005E-32
 -2.348  0.6731E-32
 -2.338  0.2235E-31
 -2.328  0.7341E-31
 -2.318  0.2386E-30
 -2.308  0.7669E-30
 -2.298  0.2439E-29
 -2.288  0.7672E-29
 -2.278  0.2387E-28
 -2.268  0.7350E-28
 -2.258  0.2239E-27
 -2.248  0.6744E-27
 -2.238  0.2010E-26
 -2.228  0.5927E-26
 -2.218  0.1729E-25
 -2.208  0.4988E-25
 -2.198  0.1424E-24
 -2.188  0.4020E-24
 -2.178  0.1123E-23
 -2.168  0.3103E-23
 -2.158  0.8483E-23
 -2.148  0.2294E-22
 -2.138  0.6137E-22
 -2.128  0.1624E-21
 -2.118  0.4252E-21
 -2.108  0.1101E-20
 -2.098  0.2822E-20
 -2.088  0.7152E-20
 -2.078  0.1793E-19
 -2.068  0.4448E-19
 -2.058  0.1091E-18
 -2.048  0.2649E-18
 -2.038  0.6362E-18
 -2.028  0.1511E-17
 -2.018  0.3552E-17
 -2.008  0.8257E-17
 -1.998  0.1899E-16
 -1.988  0.4321E-16
 -1.978  0.9724E-16
 -1.968  0.2165E-15
 -1.958  0.4769E-15
 -1.948  0.1039E-14
 -1.938  0.2240E-14
 -1.928  0.4777E-14
 -1.918  0.1008E-13
 -1.908  0.2103E-13
 -1.898  0.4342E-13
 -1.888  0.8869E-13
 -1.878  0.1792E-12
 -1.868  0.3582E-12
 -1.858  0.7083E-12
 -1.848  0.1386E-11
 -1.838  0.2682E-11
 -1.828  0.5135E-11
 -1.818  0.9727E-11
 -1.808  0.1823E-10
 -1.798  0.3379E-10
 -1.788  0.6198E-10
 -1.778  0.1125E-09
 -1.768  0.2019E-09
 -1.758  0.3586E-09
 -1.748  0.6302E-09
 -1.738  0.1096E-08
 -1.728  0.1885E-08
 -1.718  0.3208E-08
 -1.708  0.5402E-08
 -1.698  0.9002E-08
 -1.688  0.1484E-07
 -1.678  0.2421E-07
 -1.668  0.3909E-07
 -1.658  0.6244E-07
 -1.648  0.9872E-07
 -1.638  0.1545E-06
 -1.628  0.2392E-06
 -1.618  0.3665E-06
 -1.608  0.5560E-06
 -1.598  0.8348E-06
 -1.588  0.1241E-05
 -1.578  0.1826E-05
 -1.568  0.2660E-05
 -1.558  0.3837E-05
 -1.548  0.5481E-05
 -1.538  0.7753E-05
 -1.528  0.1086E-04
 -1.518  0.1508E-04
 -1.508  0.2073E-04
 -1.498  0.2824E-04
 -1.488  0.3812E-04
 -1.478  0.5100E-04
 -1.468  0.6764E-04
 -1.458  0.8893E-04
 -1.448  0.1159E-03
 -1.438  0.1498E-03
 -1.428  0.1921E-03
 -1.418  0.2443E-03
 -1.408  0.3082E-03
 -1.398  0.3858E-03
 -1.388  0.4793E-03
 -1.378  0.5908E-03
 -1.368  0.7227E-03
 -1.358  0.8775E-03
 -1.348  0.1058E-02
 -1.338  0.1265E-02
 -1.328  0.1502E-02
 -1.318  0.1770E-02
 -1.308  0.2070E-02
 -1.298  0.2403E-02
 -1.288  0.2767E-02
 -1.278  0.3162E-02
 -1.268  0.3585E-02
 -1.258  0.4032E-02
 -1.248  0.4497E-02
 -1.238  0.4975E-02
 -1.228  0.5457E-02
 -1.218  0.5934E-02
 -1.208  0.6396E-02
 -1.198  0.6833E-02
 -1.188  0.7234E-02
 -1.178  0.7588E-02
 -1.168  0.7886E-02
 -1.158  0.8119E-02
 -1.148  0.8279E-02
 -1.138  0.8361E-02
 -1.128  0.8362E-02
 -1.118  0.8281E-02
 -1.108  0.8119E-02
 -1.098  0.7881E-02
 -1.088  0.7574E-02
 -1.078  0.7204E-02
 -1.068  0.6784E-02
 -1.058  0.6322E-02
 -1.048  0.5832E-02
 -1.038  0.5324E-02
 -1.028  0.4810E-02
 -1.018  0.4301E-02
 -1.008  0.3806E-02
 -0.998  0.3333E-02
 -0.988  0.2890E-02
 -0.978  0.2480E-02
 -0.968  0.2107E-02
 -0.958  0.1774E-02
 -0.948  0.1482E-02
 -0.938  0.1229E-02
 -0.928  0.1015E-02
 -0.918  0.8383E-03
 -0.908  0.6970E-03
 -0.898  0.5892E-03
 -0.888  0.5128E-03
 -0.878  0.4664E-03
 -0.868  0.4486E-03
 -0.858  0.4586E-03
 -0.848  0.4962E-03
 -0.838  0.5614E-03
 -0.828  0.6547E-03
 -0.818  0.7770E-03
 -0.808  0.9292E-03
 -0.798  0.1112E-02
 -0.788  0.1327E-02
 -0.778  0.1574E-02
 -0.768  0.1852E-02
 -0.758  0.2163E-02
 -0.748  0.2504E-02
 -0.738  0.2873E-02
 -0.728  0.3268E-02
 -0.718  0.3685E-02
 -0.708  0.4121E-02
 -0.698  0.4572E-02
 -0.688  0.5032E-02
 -0.678  0.5499E-02
 -0.668  0.5969E-02
 -0.658  0.6439E-02
 -0.648  0.6909E-02
 -0.638  0.7377E-02
 -0.628  0.7847E-02
 -0.618  0.8320E-02
 -0.608  0.8801E-02
 -0.598  0.9297E-02
 -0.588  0.9813E-02
 -0.578  0.1036E-01
 -0.568  0.1093E-01
 -0.558  0.1154E-01
 -0.548  0.1220E-01
 -0.538  0.1289E-01
 -0.528  0.1363E-01
 -0.518  0.1440E-01
 -0.508  0.1519E-01
 -0.498  0.1600E-01
 -0.488  0.1680E-01
 -0.478  0.1758E-01
 -0.468  0.1831E-01
 -0.458  0.1898E-01
 -0.448  0.1956E-01
 -0.438  0.2003E-01
 -0.428  0.2037E-01
 -0.418  0.2057E-01
 -0.408  0.2062E-01
 -0.398  0.2051E-01
 -0.388  0.2025E-01
 -0.378  0.1983E-01
 -0.368  0.1927E-01
 -0.358  0.1858E-01
 -0.348  0.1779E-01
 -0.338  0.1691E-01
 -0.328  0.1597E-01
 -0.318  0.1499E-01
 -0.308  0.1401E-01
 -0.298  0.1303E-01
 -0.288  0.1209E-01
 -0.278  0.1119E-01
 -0.268  0.1036E-01
 -0.258  0.9595E-02
 -0.248  0.8908E-02
 -0.238  0.8299E-02
 -0.228  0.7765E-02
 -0.218  0.7301E-02
 -0.208  0.6898E-02
 -0.198  0.6549E-02
 -0.188  0.6242E-02
 -0.178  0.5967E-02
 -0.168  0.5716E-02
 -0.158  0.5480E-02
 -0.148  0.5251E-02
 -0.138  0.5027E-02
 -0.128  0.4804E-02
 -0.118  0.4582E-02
 -0.108  0.4362E-02
 -0.098  0.4149E-02
 -0.088  0.3948E-02
 -0.078  0.3766E-02
 -0.068  0.3609E-02
 -0.058  0.3486E-02
 -0.048  0.3404E-02
 -0.038  0.3370E-02
 -0.028  0.3392E-02
 -0.018  0.3474E-02
 -0.008  0.3621E-02
  0.002  0.3834E-02
  0.012  0.4114E-02
  0.022  0.4459E-02
  0.032  0.4867E-02
  0.042  0.5332E-02
  0.052  0.5847E-02
  0.062  0.6403E-02
  0.072  0.6991E-02
  0.082  0.7600E-02
  0.092  0.8216E-02
  0.102  0.8829E-02
  0.112  0.9426E-02
  0.122  0.9993E-02
  0.132  0.1052E-01
  0.142  0.1099E-01
  0.152  0.1141E-01
  0.162  0.1175E-01
  0.172  0.1202E-01
  0.182  0.1221E-01
  0.192  0.1231E-01
  0.202  0.1234E-01
  0.212  0.1228E-01
  0.222  0.1214E-01
  0.232  0.1194E-01
  0.242  0.1167E-01
  0.252  0.1135E-01
  0.262  0.1099E-01
  0.272  0.1059E-01
  0.282  0.1017E-01
  0.292  0.9743E-02
  0.302  0.9311E-02
  0.312  0.8884E-02
  0.322  0.8471E-02
  0.332  0.8075E-02
  0.342  0.7702E-02
  0.352  0.7351E-02
  0.362  0.7023E-02
  0.372  0.6716E-02
  0.382  0.6426E-02
  0.392  0.6151E-02
  0.402  0.5885E-02
  0.412  0.5624E-02
  0.422  0.5364E-02
  0.432  0.5102E-02
  0.442  0.4833E-02
  0.452  0.4558E-02
  0.462  0.4275E-02
  0.472  0.3984E-02
  0.482  0.3688E-02
  0.492  0.3389E-02
  0.502  0.3089E-02
  0.512  0.2792E-02
  0.522  0.2501E-02
  0.532  0.2220E-02
  0.542  0.1953E-02
  0.552  0.1701E-02
  0.562  0.1467E-02
  0.572  0.1253E-02
  0.582  0.1059E-02
  0.592  0.8865E-03
  0.602  0.7343E-03
  0.612  0.6020E-03
  0.622  0.4884E-03
  0.632  0.3921E-03
  0.642  0.3116E-03
  0.652  0.2449E-03
  0.662  0.1906E-03
  0.672  0.1467E-03
  0.682  0.1117E-03
  0.692  0.8419E-04
  0.702  0.6278E-04
  0.712  0.4631E-04
  0.722  0.3381E-04
  0.732  0.2442E-04
  0.742  0.1745E-04
  0.752  0.1234E-04
  0.762  0.8629E-05
  0.772  0.5972E-05
  0.782  0.4089E-05
  0.792  0.2770E-05
  0.802  0.1857E-05
  0.812  0.1232E-05
  0.822  0.8081E-06
  0.832  0.5246E-06
  0.842  0.3369E-06
