 -5.548  0.1274E-07
 -5.538  0.1970E-07
 -5.528  0.3014E-07
 -5.518  0.4561E-07
 -5.508  0.6830E-07
 -5.498  0.1012E-06
 -5.488  0.1483E-06
 -5.478  0.2150E-06
 -5.468  0.3085E-06
 -5.458  0.4380E-06
 -5.448  0.6153E-06
 -5.438  0.8553E-06
 -5.428  0.1177E-05
 -5.418  0.1602E-05
 -5.408  0.2158E-05
 -5.398  0.2878E-05
 -5.388  0.3799E-05
 -5.378  0.4964E-05
 -5.368  0.6423E-05
 -5.358  0.8231E-05
 -5.348  0.1045E-04
 -5.338  0.1314E-04
 -5.328  0.1637E-04
 -5.318  0.2021E-04
 -5.308  0.2475E-04
 -5.298  0.3005E-04
 -5.288  0.3621E-04
 -5.278  0.4331E-04
 -5.268  0.5144E-04
 -5.258  0.6071E-04
 -5.248  0.7123E-04
 -5.238  0.8311E-04
 -5.228  0.9650E-04
 -5.218  0.1116E-03
 -5.208  0.1285E-03
 -5.198  0.1475E-03
 -5.188  0.1687E-03
 -5.178  0.1925E-03
 -5.168  0.2192E-03
 -5.158  0.2490E-03
 -5.148  0.2823E-03
 -5.138  0.3194E-03
 -5.128  0.3609E-03
 -5.118  0.4073E-03
 -5.108  0.4593E-03
 -5.098  0.5176E-03
 -5.088  0.5837E-03
 -5.078  0.6589E-03
 -5.068  0.7455E-03
 -5.058  0.8464E-03
 -5.048  0.9653E-03
 -5.038  0.1107E-02
 -5.028  0.1279E-02
 -5.018  0.1488E-02
 -5.008  0.1744E-02
 -4.998  0.2058E-02
 -4.988  0.2445E-02
 -4.978  0.2919E-02
 -4.968  0.3498E-02
 -4.958  0.4199E-02
 -4.948  0.5041E-02
 -4.938  0.6042E-02
 -4.928  0.7220E-02
 -4.918  0.8589E-02
 -4.908  0.1016E-01
 -4.898  0.1194E-01
 -4.888  0.1393E-01
 -4.878  0.1611E-01
 -4.868  0.1848E-01
 -4.858  0.2100E-01
 -4.848  0.2364E-01
 -4.838  0.2636E-01
 -4.828  0.2910E-01
 -4.818  0.3180E-01
 -4.808  0.3440E-01
 -4.798  0.3682E-01
 -4.788  0.3901E-01
 -4.778  0.4089E-01
 -4.768  0.4241E-01
 -4.758  0.4352E-01
 -4.748  0.4419E-01
 -4.738  0.4440E-01
 -4.728  0.4413E-01
 -4.718  0.4339E-01
 -4.708  0.4221E-01
 -4.698  0.4063E-01
 -4.688  0.3868E-01
 -4.678  0.3643E-01
 -4.668  0.3395E-01
 -4.658  0.3130E-01
 -4.648  0.2854E-01
 -4.638  0.2575E-01
 -4.628  0.2298E-01
 -4.618  0.2029E-01
 -4.608  0.1772E-01
 -4.598  0.1531E-01
 -4.588  0.1309E-01
 -4.578  0.1107E-01
 -4.568  0.9259E-02
 -4.558  0.7662E-02
 -4.548  0.6273E-02
 -4.538  0.5080E-02
 -4.528  0.4070E-02
 -4.518  0.3226E-02
 -4.508  0.2529E-02
 -4.498  0.1961E-02
 -4.488  0.1505E-02
 -4.478  0.1142E-02
 -4.468  0.8578E-03
 -4.458  0.6372E-03
 -4.448  0.4682E-03
 -4.438  0.3404E-03
 -4.428  0.2448E-03
 -4.418  0.1741E-03
 -4.408  0.1225E-03
 -4.398  0.8531E-04
 -4.388  0.5876E-04
 -4.378  0.4003E-04
 -4.368  0.2698E-04
 -4.358  0.1799E-04
 -4.348  0.1187E-04
 -4.338  0.7743E-05
 -4.328  0.4998E-05
 -4.318  0.3191E-05
 -4.308  0.2016E-05
 -4.298  0.1260E-05
 -4.288  0.7788E-06
 -4.278  0.4762E-06
 -4.268  0.2881E-06
 -4.258  0.1724E-06
 -4.248  0.1021E-06
 -4.238  0.5979E-07
 -4.228  0.3464E-07
 -4.218  0.1986E-07
 -4.208  0.1126E-07
 -4.198  0.6315E-08
 -4.188  0.3504E-08
 -4.178  0.1923E-08
 -4.168  0.1044E-08
 -4.158  0.5610E-09
 -4.148  0.2981E-09
 -4.138  0.1567E-09
 -4.128  0.8151E-10
 -4.118  0.4194E-10
 -4.108  0.2134E-10
 -4.098  0.1075E-10
 -4.088  0.5352E-11
 -4.078  0.2637E-11
 -4.068  0.1285E-11
 -4.058  0.6197E-12
 -4.048  0.2956E-12
 -4.038  0.1395E-12
 -4.028  0.6511E-13
 -4.018  0.3007E-13
 -4.008  0.1373E-13
 -3.998  0.6207E-14
 -3.988  0.2775E-14
 -3.978  0.1227E-14
 -3.968  0.5369E-15
 -3.958  0.2324E-15
 -3.948  0.9949E-16
 -3.938  0.4214E-16
 -3.928  0.1766E-16
 -3.918  0.7318E-17
 -3.908  0.3001E-17
 -3.898  0.1217E-17
 -3.888  0.4884E-18
 -3.878  0.1939E-18
 -3.868  0.7614E-19
 -3.858  0.2958E-19
 -3.848  0.1137E-19
 -3.838  0.4321E-20
 -3.828  0.1625E-20
 -3.818  0.6046E-21
 -3.808  0.2225E-21
 -3.798  0.8102E-22
 -3.788  0.2918E-22
 -3.778  0.1040E-22
 -3.768  0.3665E-23
 -3.758  0.1278E-23
 -3.748  0.4408E-24
 -3.738  0.1504E-24
 -3.728  0.5078E-25
 -3.718  0.1696E-25
 -3.708  0.5602E-26
 -3.698  0.1831E-26
 -3.688  0.5919E-27
 -3.678  0.1893E-27
 -3.668  0.5989E-28
 -3.658  0.1875E-28
 -3.648  0.5804E-29
 -3.638  0.1778E-29
 -3.628  0.5387E-30
 -3.618  0.1615E-30
 -3.608  0.4788E-31
 -3.598  0.1404E-31
 -3.588  0.4076E-32
 -3.578  0.1170E-32
 -3.568  0.3323E-33
 -3.558  0.9334E-34
 -3.548  0.2594E-34
 -3.538  0.7132E-35
 -3.528  0.1940E-35
 -3.518  0.5219E-36
 -3.508  0.1389E-36
 -3.498  0.3657E-37
 -3.488  0.9526E-38
 -3.478  0.2455E-38
 -3.468  0.6257E-39
 -3.458  0.1578E-39
 -3.448  0.3936E-40
 -3.438  0.9713E-41
 -3.428  0.2371E-41
 -3.418  0.5726E-42
 -3.408  0.1368E-42
 -3.398  0.3233E-43
 -3.388  0.7559E-44
 -3.378  0.1748E-44
 -3.368  0.4000E-45
 -3.358  0.9054E-46
 -3.348  0.2027E-46
 -3.338  0.4490E-47
 -3.328  0.9839E-48
 -3.318  0.2133E-48
 -3.308  0.4574E-49
 -3.298  0.9702E-50
 -3.288  0.2036E-50
 -3.278  0.4227E-51
 -3.268  0.8681E-52
 -3.258  0.1764E-52
 -3.248  0.3544E-53
 -3.238  0.7047E-54
 -3.228  0.1386E-54
 -3.218  0.2697E-55
 -3.208  0.5191E-56
 -3.198  0.9884E-57
 -3.188  0.1862E-57
 -3.178  0.3469E-58
 -3.168  0.6395E-59
 -3.158  0.1166E-59
 -3.148  0.2104E-60
 -3.138  0.3754E-61
 -3.128  0.6628E-62
 -3.118  0.1158E-62
 -3.108  0.2000E-63
 -3.098  0.3418E-64
 -3.088  0.5779E-65
 -3.078  0.9666E-66
 -3.068  0.1599E-66
 -3.058  0.2618E-67
 -3.048  0.4239E-68
 -3.038  0.6790E-69
 -3.028  0.1076E-69
 -3.018  0.1687E-70
 -3.008  0.2616E-71
 -2.998  0.4015E-72
 -2.988  0.6288E-73
 -2.978  0.2230E-73
 -2.968  0.8766E-73
 -2.958  0.5601E-72
 -2.948  0.3594E-71
 -2.938  0.2282E-70
 -2.928  0.1433E-69
 -2.918  0.8906E-69
 -2.908  0.5474E-68
 -2.898  0.3329E-67
 -2.888  0.2002E-66
 -2.878  0.1192E-65
 -2.868  0.7015E-65
 -2.858  0.4085E-64
 -2.848  0.2353E-63
 -2.838  0.1341E-62
 -2.828  0.7562E-62
 -2.818  0.4218E-61
 -2.808  0.2327E-60
 -2.798  0.1270E-59
 -2.788  0.6858E-59
 -2.778  0.3663E-58
 -2.768  0.1936E-57
 -2.758  0.1012E-56
 -2.748  0.5232E-56
 -2.738  0.2676E-55
 -2.728  0.1354E-54
 -2.718  0.6780E-54
 -2.708  0.3358E-53
 -2.698  0.1645E-52
 -2.688  0.7973E-52
 -2.678  0.3822E-51
 -2.668  0.1813E-50
 -2.658  0.8506E-50
 -2.648  0.3948E-49
 -2.638  0.1813E-48
 -2.628  0.8234E-48
 -2.618  0.3700E-47
 -2.608  0.1645E-46
 -2.598  0.7233E-46
 -2.588  0.3146E-45
 -2.578  0.1354E-44
 -2.568  0.5764E-44
 -2.558  0.2428E-43
 -2.548  0.1011E-42
 -2.538  0.4168E-42
 -2.528  0.1699E-41
 -2.518  0.6854E-41
 -2.508  0.2735E-40
 -2.498  0.1079E-39
 -2.488  0.4215E-39
 -2.478  0.1628E-38
 -2.468  0.6221E-38
 -2.458  0.2352E-37
 -2.448  0.8795E-37
 -2.438  0.3253E-36
 -2.428  0.1191E-35
 -2.418  0.4310E-35
 -2.408  0.1544E-34
 -2.398  0.5469E-34
 -2.388  0.1917E-33
 -2.378  0.6646E-33
 -2.368  0.2279E-32
 -2.358  0.7734E-32
 -2.348  0.2596E-31
 -2.338  0.8620E-31
 -2.328  0.2832E-30
 -2.318  0.9201E-30
 -2.308  0.2958E-29
 -2.298  0.9406E-29
 -2.288  0.2959E-28
 -2.278  0.9209E-28
 -2.268  0.2835E-27
 -2.258  0.8634E-27
 -2.248  0.2601E-26
 -2.238  0.7753E-26
 -2.228  0.2286E-25
 -2.218  0.6667E-25
 -2.208  0.1924E-24
 -2.198  0.5491E-24
 -2.188  0.1551E-23
 -2.178  0.4332E-23
 -2.168  0.1197E-22
 -2.158  0.3272E-22
 -2.148  0.8849E-22
 -2.138  0.2367E-21
 -2.128  0.6265E-21
 -2.118  0.1640E-20
 -2.108  0.4248E-20
 -2.098  0.1088E-19
 -2.088  0.2759E-19
 -2.078  0.6918E-19
 -2.068  0.1716E-18
 -2.058  0.4210E-18
 -2.048  0.1022E-17
 -2.038  0.2454E-17
 -2.028  0.5831E-17
 -2.018  0.1370E-16
 -2.008  0.3186E-16
 -1.998  0.7327E-16
 -1.988  0.1667E-15
 -1.978  0.3752E-15
 -1.968  0.8354E-15
 -1.958  0.1840E-14
 -1.948  0.4010E-14
 -1.938  0.8645E-14
 -1.928  0.1844E-13
 -1.918  0.3890E-13
 -1.908  0.8118E-13
 -1.898  0.1676E-12
 -1.888  0.3424E-12
 -1.878  0.6919E-12
 -1.868  0.1383E-11
 -1.858  0.2736E-11
 -1.848  0.5353E-11
 -1.838  0.1036E-10
 -1.828  0.1984E-10
 -1.818  0.3759E-10
 -1.808  0.7046E-10
 -1.798  0.1307E-09
 -1.788  0.2397E-09
 -1.778  0.4352E-09
 -1.768  0.7816E-09
 -1.758  0.1389E-08
 -1.748  0.2441E-08
 -1.738  0.4247E-08
 -1.728  0.7310E-08
 -1.718  0.1245E-07
 -1.708  0.2098E-07
 -1.698  0.3498E-07
 -1.688  0.5772E-07
 -1.678  0.9426E-07
 -1.668  0.1523E-06
 -1.658  0.2436E-06
 -1.648  0.3856E-06
 -1.638  0.6042E-06
 -1.628  0.9369E-06
 -1.618  0.1438E-05
 -1.608  0.2186E-05
 -1.598  0.3289E-05
 -1.588  0.4899E-05
 -1.578  0.7226E-05
 -1.568  0.1056E-04
 -1.558  0.1527E-04
 -1.548  0.2188E-04
 -1.538  0.3106E-04
 -1.528  0.4368E-04
 -1.518  0.6087E-04
 -1.508  0.8405E-04
 -1.498  0.1150E-03
 -1.488  0.1560E-03
 -1.478  0.2099E-03
 -1.468  0.2799E-03
 -1.458  0.3701E-03
 -1.448  0.4854E-03
 -1.438  0.6315E-03
 -1.428  0.8149E-03
 -1.418  0.1043E-02
 -1.408  0.1326E-02
 -1.398  0.1671E-02
 -1.388  0.2091E-02
 -1.378  0.2596E-02
 -1.368  0.3198E-02
 -1.358  0.3911E-02
 -1.348  0.4745E-02
 -1.338  0.5715E-02
 -1.328  0.6829E-02
 -1.318  0.8097E-02
 -1.308  0.9525E-02
 -1.298  0.1112E-01
 -1.288  0.1287E-01
 -1.278  0.1477E-01
 -1.268  0.1682E-01
 -1.258  0.1899E-01
 -1.248  0.2125E-01
 -1.238  0.2358E-01
 -1.228  0.2593E-01
 -1.218  0.2826E-01
 -1.208  0.3051E-01
 -1.198  0.3265E-01
 -1.188  0.3460E-01
 -1.178  0.3632E-01
 -1.168  0.3776E-01
 -1.158  0.3888E-01
 -1.148  0.3964E-01
 -1.138  0.4002E-01
 -1.128  0.4000E-01
 -1.118  0.3958E-01
 -1.108  0.3877E-01
 -1.098  0.3759E-01
 -1.088  0.3608E-01
 -1.078  0.3427E-01
 -1.068  0.3222E-01
 -1.058  0.2997E-01
 -1.048  0.2760E-01
 -1.038  0.2515E-01
 -1.028  0.2267E-01
 -1.018  0.2023E-01
 -1.008  0.1786E-01
 -0.998  0.1560E-01
 -0.988  0.1349E-01
 -0.978  0.1153E-01
 -0.968  0.9761E-02
 -0.958  0.8174E-02
 -0.948  0.6773E-02
 -0.938  0.5553E-02
 -0.928  0.4507E-02
 -0.918  0.3620E-02
 -0.908  0.2880E-02
 -0.898  0.2271E-02
 -0.888  0.1776E-02
 -0.878  0.1381E-02
 -0.868  0.1070E-02
 -0.858  0.8316E-03
 -0.848  0.6530E-03
 -0.838  0.5241E-03
 -0.828  0.4363E-03
 -0.818  0.3824E-03
 -0.808  0.3567E-03
 -0.798  0.3545E-03
 -0.788  0.3723E-03
 -0.778  0.4072E-03
 -0.768  0.4572E-03
 -0.758  0.5207E-03
 -0.748  0.5964E-03
 -0.738  0.6834E-03
 -0.728  0.7810E-03
 -0.718  0.8888E-03
 -0.708  0.1006E-02
 -0.698  0.1134E-02
 -0.688  0.1271E-02
 -0.678  0.1418E-02
 -0.668  0.1577E-02
 -0.658  0.1749E-02
 -0.648  0.1936E-02
 -0.638  0.2140E-02
 -0.628  0.2365E-02
 -0.618  0.2615E-02
 -0.608  0.2893E-02
 -0.598  0.3206E-02
 -0.588  0.3558E-02
 -0.578  0.3955E-02
 -0.568  0.4400E-02
 -0.558  0.4899E-02
 -0.548  0.5454E-02
 -0.538  0.6067E-02
 -0.528  0.6738E-02
 -0.518  0.7466E-02
 -0.508  0.8246E-02
 -0.498  0.9071E-02
 -0.488  0.9932E-02
 -0.478  0.1082E-01
 -0.468  0.1171E-01
 -0.458  0.1261E-01
 -0.448  0.1347E-01
 -0.438  0.1430E-01
 -0.428  0.1508E-01
 -0.418  0.1577E-01
 -0.408  0.1638E-01
 -0.398  0.1688E-01
 -0.388  0.1727E-01
 -0.378  0.1753E-01
 -0.368  0.1766E-01
 -0.358  0.1767E-01
 -0.348  0.1755E-01
 -0.338  0.1732E-01
 -0.328  0.1698E-01
 -0.318  0.1655E-01
 -0.308  0.1604E-01
 -0.298  0.1548E-01
 -0.288  0.1487E-01
 -0.278  0.1424E-01
 -0.268  0.1360E-01
 -0.258  0.1296E-01
 -0.248  0.1234E-01
 -0.238  0.1175E-01
 -0.228  0.1119E-01
 -0.218  0.1066E-01
 -0.208  0.1017E-01
 -0.198  0.9705E-02
 -0.188  0.9276E-02
 -0.178  0.8876E-02
 -0.168  0.8501E-02
 -0.158  0.8150E-02
 -0.148  0.7822E-02
 -0.138  0.7520E-02
 -0.128  0.7247E-02
 -0.118  0.7010E-02
 -0.108  0.6818E-02
 -0.098  0.6684E-02
 -0.088  0.6621E-02
 -0.078  0.6645E-02
 -0.068  0.6770E-02
 -0.058  0.7013E-02
 -0.048  0.7389E-02
 -0.038  0.7909E-02
 -0.028  0.8584E-02
 -0.018  0.9417E-02
 -0.008  0.1041E-01
  0.002  0.1156E-01
  0.012  0.1284E-01
  0.022  0.1425E-01
  0.032  0.1576E-01
  0.042  0.1734E-01
  0.052  0.1895E-01
  0.062  0.2055E-01
  0.072  0.2211E-01
  0.082  0.2357E-01
  0.092  0.2490E-01
  0.102  0.2605E-01
  0.112  0.2700E-01
  0.122  0.2772E-01
  0.132  0.2818E-01
  0.142  0.2839E-01
  0.152  0.2832E-01
  0.162  0.2801E-01
  0.172  0.2746E-01
  0.182  0.2671E-01
  0.192  0.2578E-01
  0.202  0.2472E-01
  0.212  0.2357E-01
  0.222  0.2239E-01
  0.232  0.2121E-01
  0.242  0.2008E-01
  0.252  0.1904E-01
  0.262  0.1813E-01
  0.272  0.1737E-01
  0.282  0.1677E-01
  0.292  0.1637E-01
  0.302  0.1614E-01
  0.312  0.1609E-01
  0.322  0.1621E-01
  0.332  0.1646E-01
  0.342  0.1683E-01
  0.352  0.1727E-01
  0.362  0.1776E-01
  0.372  0.1826E-01
  0.382  0.1872E-01
  0.392  0.1911E-01
  0.402  0.1941E-01
  0.412  0.1958E-01
  0.422  0.1960E-01
  0.432  0.1946E-01
  0.442  0.1915E-01
  0.452  0.1867E-01
  0.462  0.1803E-01
  0.472  0.1724E-01
  0.482  0.1632E-01
  0.492  0.1530E-01
  0.502  0.1419E-01
  0.512  0.1302E-01
  0.522  0.1183E-01
  0.532  0.1063E-01
  0.542  0.9458E-02
  0.552  0.8324E-02
  0.562  0.7248E-02
  0.572  0.6245E-02
  0.582  0.5323E-02
  0.592  0.4490E-02
  0.602  0.3747E-02
  0.612  0.3093E-02
  0.622  0.2527E-02
  0.632  0.2042E-02
  0.642  0.1633E-02
  0.652  0.1292E-02
  0.662  0.1011E-02
  0.672  0.7827E-03
  0.682  0.5996E-03
  0.692  0.4545E-03
  0.702  0.3408E-03
  0.712  0.2528E-03
  0.722  0.1856E-03
  0.732  0.1347E-03
  0.742  0.9681E-04
  0.752  0.6881E-04
  0.762  0.4838E-04
  0.772  0.3366E-04
  0.782  0.2317E-04
  0.792  0.1578E-04
  0.802  0.1063E-04
  0.812  0.7084E-05
  0.822  0.4671E-05
  0.832  0.3048E-05
  0.842  0.1967E-05
