 -5.548  0.2188E-10
 -5.538  0.3383E-10
 -5.528  0.5174E-10
 -5.518  0.7830E-10
 -5.508  0.1172E-09
 -5.498  0.1736E-09
 -5.488  0.2544E-09
 -5.478  0.3688E-09
 -5.468  0.5289E-09
 -5.458  0.7505E-09
 -5.448  0.1054E-08
 -5.438  0.1464E-08
 -5.428  0.2012E-08
 -5.418  0.2736E-08
 -5.408  0.3682E-08
 -5.398  0.4904E-08
 -5.388  0.6464E-08
 -5.378  0.8432E-08
 -5.368  0.1089E-07
 -5.358  0.1392E-07
 -5.348  0.1761E-07
 -5.338  0.2207E-07
 -5.328  0.2739E-07
 -5.318  0.3366E-07
 -5.308  0.4099E-07
 -5.298  0.4947E-07
 -5.288  0.5918E-07
 -5.278  0.7019E-07
 -5.268  0.8259E-07
 -5.258  0.9642E-07
 -5.248  0.1118E-06
 -5.238  0.1286E-06
 -5.228  0.1471E-06
 -5.218  0.1673E-06
 -5.208  0.1892E-06
 -5.198  0.2130E-06
 -5.188  0.2387E-06
 -5.178  0.2664E-06
 -5.168  0.2962E-06
 -5.158  0.3283E-06
 -5.148  0.3626E-06
 -5.138  0.3992E-06
 -5.128  0.4382E-06
 -5.118  0.4793E-06
 -5.108  0.5223E-06
 -5.098  0.5670E-06
 -5.088  0.6128E-06
 -5.078  0.6593E-06
 -5.068  0.7056E-06
 -5.058  0.7510E-06
 -5.048  0.7947E-06
 -5.038  0.8356E-06
 -5.028  0.8730E-06
 -5.018  0.9058E-06
 -5.008  0.9334E-06
 -4.998  0.9550E-06
 -4.988  0.9704E-06
 -4.978  0.9791E-06
 -4.968  0.9813E-06
 -4.958  0.9771E-06
 -4.948  0.9670E-06
 -4.938  0.9517E-06
 -4.928  0.9320E-06
 -4.918  0.9089E-06
 -4.908  0.8834E-06
 -4.898  0.8566E-06
 -4.888  0.8294E-06
 -4.878  0.8028E-06
 -4.868  0.7775E-06
 -4.858  0.7541E-06
 -4.848  0.7329E-06
 -4.838  0.7142E-06
 -4.828  0.6979E-06
 -4.818  0.6837E-06
 -4.808  0.6712E-06
 -4.798  0.6599E-06
 -4.788  0.6492E-06
 -4.778  0.6383E-06
 -4.768  0.6267E-06
 -4.758  0.6136E-06
 -4.748  0.5986E-06
 -4.738  0.5813E-06
 -4.728  0.5614E-06
 -4.718  0.5387E-06
 -4.708  0.5133E-06
 -4.698  0.4855E-06
 -4.688  0.4554E-06
 -4.678  0.4235E-06
 -4.668  0.3904E-06
 -4.658  0.3566E-06
 -4.648  0.3227E-06
 -4.638  0.2892E-06
 -4.628  0.2566E-06
 -4.618  0.2254E-06
 -4.608  0.1960E-06
 -4.598  0.1688E-06
 -4.588  0.1438E-06
 -4.578  0.1212E-06
 -4.568  0.1012E-06
 -4.558  0.8354E-07
 -4.548  0.6826E-07
 -4.538  0.5519E-07
 -4.528  0.4415E-07
 -4.518  0.3495E-07
 -4.508  0.2737E-07
 -4.498  0.2121E-07
 -4.488  0.1626E-07
 -4.478  0.1233E-07
 -4.468  0.9250E-08
 -4.458  0.6866E-08
 -4.448  0.5043E-08
 -4.438  0.3664E-08
 -4.428  0.2633E-08
 -4.418  0.1872E-08
 -4.408  0.1317E-08
 -4.398  0.9166E-09
 -4.388  0.6310E-09
 -4.378  0.4298E-09
 -4.368  0.2896E-09
 -4.358  0.1930E-09
 -4.348  0.1273E-09
 -4.338  0.8302E-10
 -4.328  0.5357E-10
 -4.318  0.3420E-10
 -4.308  0.2160E-10
 -4.298  0.1349E-10
 -4.288  0.8339E-11
 -4.278  0.5098E-11
 -4.268  0.3084E-11
 -4.258  0.1845E-11
 -4.248  0.1092E-11
 -4.238  0.6395E-12
 -4.228  0.3704E-12
 -4.218  0.2123E-12
 -4.208  0.1203E-12
 -4.198  0.6748E-13
 -4.188  0.3743E-13
 -4.178  0.2054E-13
 -4.168  0.1115E-13
 -4.158  0.5990E-14
 -4.148  0.3183E-14
 -4.138  0.1673E-14
 -4.128  0.8697E-15
 -4.118  0.4474E-15
 -4.108  0.2276E-15
 -4.098  0.1146E-15
 -4.088  0.5706E-16
 -4.078  0.2811E-16
 -4.068  0.1370E-16
 -4.058  0.6603E-17
 -4.048  0.3149E-17
 -4.038  0.1486E-17
 -4.028  0.6933E-18
 -4.018  0.3201E-18
 -4.008  0.1462E-18
 -3.998  0.6605E-19
 -3.988  0.2952E-19
 -3.978  0.1305E-19
 -3.968  0.5710E-20
 -3.958  0.2471E-20
 -3.948  0.1058E-20
 -3.938  0.4479E-21
 -3.928  0.1876E-21
 -3.918  0.7775E-22
 -3.908  0.3187E-22
 -3.898  0.1293E-22
 -3.888  0.5186E-23
 -3.878  0.2058E-23
 -3.868  0.8081E-24
 -3.858  0.3139E-24
 -3.848  0.1206E-24
 -3.838  0.4584E-25
 -3.828  0.1724E-25
 -3.818  0.6411E-26
 -3.808  0.2359E-26
 -3.798  0.8588E-27
 -3.788  0.3092E-27
 -3.778  0.1102E-27
 -3.768  0.3882E-28
 -3.758  0.1353E-28
 -3.748  0.4668E-29
 -3.738  0.1593E-29
 -3.728  0.5375E-30
 -3.718  0.1795E-30
 -3.708  0.5927E-31
 -3.698  0.1937E-31
 -3.688  0.6260E-32
 -3.678  0.2002E-32
 -3.668  0.6332E-33
 -3.658  0.1981E-33
 -3.648  0.6133E-34
 -3.638  0.1878E-34
 -3.628  0.5690E-35
 -3.618  0.1705E-35
 -3.608  0.5055E-36
 -3.598  0.1483E-36
 -3.588  0.4302E-37
 -3.578  0.1235E-37
 -3.568  0.3506E-38
 -3.558  0.9846E-39
 -3.548  0.2736E-39
 -3.538  0.7520E-40
 -3.528  0.2045E-40
 -3.518  0.5501E-41
 -3.508  0.1464E-41
 -3.498  0.3853E-42
 -3.488  0.1003E-42
 -3.478  0.2585E-43
 -3.468  0.6588E-44
 -3.458  0.1661E-44
 -3.448  0.4143E-45
 -3.438  0.1022E-45
 -3.428  0.2495E-46
 -3.418  0.6023E-47
 -3.408  0.1439E-47
 -3.398  0.3400E-48
 -3.388  0.7947E-49
 -3.378  0.1838E-49
 -3.368  0.4204E-50
 -3.358  0.9512E-51
 -3.348  0.2129E-51
 -3.338  0.4716E-52
 -3.328  0.1033E-52
 -3.318  0.2239E-53
 -3.308  0.4801E-54
 -3.298  0.1018E-54
 -3.288  0.2136E-55
 -3.278  0.4434E-56
 -3.268  0.9104E-57
 -3.258  0.1849E-57
 -3.248  0.3716E-58
 -3.238  0.7387E-59
 -3.228  0.1453E-59
 -3.218  0.2826E-60
 -3.208  0.5438E-61
 -3.198  0.1035E-61
 -3.188  0.1950E-62
 -3.178  0.3632E-63
 -3.168  0.6694E-64
 -3.158  0.1220E-64
 -3.148  0.2201E-65
 -3.138  0.3927E-66
 -3.128  0.6932E-67
 -3.118  0.1210E-67
 -3.108  0.2091E-68
 -3.098  0.3573E-69
 -3.088  0.6040E-70
 -3.078  0.1010E-70
 -3.068  0.1671E-71
 -3.058  0.2734E-72
 -3.048  0.4426E-73
 -3.038  0.7089E-74
 -3.028  0.1123E-74
 -3.018  0.1760E-75
 -3.008  0.2736E-76
 -2.998  0.4668E-77
 -2.988  0.3868E-77
 -2.978  0.2153E-76
 -2.968  0.1406E-75
 -2.958  0.9119E-75
 -2.948  0.5853E-74
 -2.938  0.3716E-73
 -2.928  0.2334E-72
 -2.918  0.1450E-71
 -2.908  0.8916E-71
 -2.898  0.5422E-70
 -2.888  0.3261E-69
 -2.878  0.1941E-68
 -2.868  0.1143E-67
 -2.858  0.6654E-67
 -2.848  0.3833E-66
 -2.838  0.2185E-65
 -2.828  0.1232E-64
 -2.818  0.6869E-64
 -2.808  0.3790E-63
 -2.798  0.2069E-62
 -2.788  0.1117E-61
 -2.778  0.5966E-61
 -2.768  0.3152E-60
 -2.758  0.1648E-59
 -2.748  0.8521E-59
 -2.738  0.4359E-58
 -2.728  0.2206E-57
 -2.718  0.1104E-56
 -2.708  0.5469E-56
 -2.698  0.2679E-55
 -2.688  0.1299E-54
 -2.678  0.6226E-54
 -2.668  0.2953E-53
 -2.658  0.1385E-52
 -2.648  0.6430E-52
 -2.638  0.2953E-51
 -2.628  0.1341E-50
 -2.618  0.6026E-50
 -2.608  0.2679E-49
 -2.598  0.1178E-48
 -2.588  0.5125E-48
 -2.578  0.2205E-47
 -2.568  0.9388E-47
 -2.558  0.3954E-46
 -2.548  0.1647E-45
 -2.538  0.6789E-45
 -2.528  0.2768E-44
 -2.518  0.1116E-43
 -2.508  0.4454E-43
 -2.498  0.1758E-42
 -2.488  0.6865E-42
 -2.478  0.2652E-41
 -2.468  0.1013E-40
 -2.458  0.3830E-40
 -2.448  0.1432E-39
 -2.438  0.5299E-39
 -2.428  0.1939E-38
 -2.418  0.7020E-38
 -2.408  0.2514E-37
 -2.398  0.8907E-37
 -2.388  0.3122E-36
 -2.378  0.1082E-35
 -2.368  0.3712E-35
 -2.358  0.1260E-34
 -2.348  0.4228E-34
 -2.338  0.1404E-33
 -2.328  0.4612E-33
 -2.318  0.1499E-32
 -2.308  0.4817E-32
 -2.298  0.1532E-31
 -2.288  0.4819E-31
 -2.278  0.1500E-30
 -2.268  0.4617E-30
 -2.258  0.1406E-29
 -2.248  0.4237E-29
 -2.238  0.1263E-28
 -2.228  0.3723E-28
 -2.218  0.1086E-27
 -2.208  0.3133E-27
 -2.198  0.8943E-27
 -2.188  0.2525E-26
 -2.178  0.7054E-26
 -2.168  0.1949E-25
 -2.158  0.5329E-25
 -2.148  0.1441E-24
 -2.138  0.3855E-24
 -2.128  0.1020E-23
 -2.118  0.2671E-23
 -2.108  0.6918E-23
 -2.098  0.1772E-22
 -2.088  0.4492E-22
 -2.078  0.1126E-21
 -2.068  0.2794E-21
 -2.058  0.6855E-21
 -2.048  0.1664E-20
 -2.038  0.3995E-20
 -2.028  0.9491E-20
 -2.018  0.2230E-19
 -2.008  0.5185E-19
 -1.998  0.1192E-18
 -1.988  0.2713E-18
 -1.978  0.6105E-18
 -1.968  0.1359E-17
 -1.958  0.2994E-17
 -1.948  0.6523E-17
 -1.938  0.1406E-16
 -1.928  0.2998E-16
 -1.918  0.6323E-16
 -1.908  0.1319E-15
 -1.898  0.2724E-15
 -1.888  0.5562E-15
 -1.878  0.1124E-14
 -1.868  0.2246E-14
 -1.858  0.4440E-14
 -1.848  0.8683E-14
 -1.838  0.1680E-13
 -1.828  0.3216E-13
 -1.818  0.6089E-13
 -1.808  0.1140E-12
 -1.798  0.2113E-12
 -1.788  0.3874E-12
 -1.778  0.7026E-12
 -1.768  0.1261E-11
 -1.758  0.2237E-11
 -1.748  0.3928E-11
 -1.738  0.6824E-11
 -1.728  0.1173E-10
 -1.718  0.1993E-10
 -1.708  0.3353E-10
 -1.698  0.5578E-10
 -1.688  0.9182E-10
 -1.678  0.1495E-09
 -1.668  0.2409E-09
 -1.658  0.3840E-09
 -1.648  0.6056E-09
 -1.638  0.9448E-09
 -1.628  0.1458E-08
 -1.618  0.2227E-08
 -1.608  0.3365E-08
 -1.598  0.5031E-08
 -1.588  0.7443E-08
 -1.578  0.1089E-07
 -1.568  0.1578E-07
 -1.558  0.2261E-07
 -1.548  0.3206E-07
 -1.538  0.4499E-07
 -1.528  0.6248E-07
 -1.518  0.8588E-07
 -1.508  0.1168E-06
 -1.498  0.1573E-06
 -1.488  0.2096E-06
 -1.478  0.2764E-06
 -1.468  0.3610E-06
 -1.458  0.4666E-06
 -1.448  0.5973E-06
 -1.438  0.7570E-06
 -1.428  0.9501E-06
 -1.418  0.1181E-05
 -1.408  0.1454E-05
 -1.398  0.1774E-05
 -1.388  0.2143E-05
 -1.378  0.2566E-05
 -1.368  0.3045E-05
 -1.358  0.3581E-05
 -1.348  0.4176E-05
 -1.338  0.4827E-05
 -1.328  0.5533E-05
 -1.318  0.6291E-05
 -1.308  0.7094E-05
 -1.298  0.7936E-05
 -1.288  0.8809E-05
 -1.278  0.9704E-05
 -1.268  0.1061E-04
 -1.258  0.1151E-04
 -1.248  0.1239E-04
 -1.238  0.1325E-04
 -1.228  0.1406E-04
 -1.218  0.1481E-04
 -1.208  0.1549E-04
 -1.198  0.1607E-04
 -1.188  0.1656E-04
 -1.178  0.1693E-04
 -1.168  0.1718E-04
 -1.158  0.1729E-04
 -1.148  0.1727E-04
 -1.138  0.1711E-04
 -1.128  0.1682E-04
 -1.118  0.1639E-04
 -1.108  0.1584E-04
 -1.098  0.1517E-04
 -1.088  0.1440E-04
 -1.078  0.1356E-04
 -1.068  0.1264E-04
 -1.058  0.1168E-04
 -1.048  0.1069E-04
 -1.038  0.9695E-05
 -1.028  0.8709E-05
 -1.018  0.7748E-05
 -1.008  0.6827E-05
 -0.998  0.5960E-05
 -0.988  0.5154E-05
 -0.978  0.4419E-05
 -0.968  0.3758E-05
 -0.958  0.3175E-05
 -0.948  0.2671E-05
 -0.938  0.2246E-05
 -0.928  0.1900E-05
 -0.918  0.1631E-05
 -0.908  0.1439E-05
 -0.898  0.1323E-05
 -0.888  0.1285E-05
 -0.878  0.1325E-05
 -0.868  0.1447E-05
 -0.858  0.1655E-05
 -0.848  0.1956E-05
 -0.838  0.2355E-05
 -0.828  0.2861E-05
 -0.818  0.3481E-05
 -0.808  0.4222E-05
 -0.798  0.5090E-05
 -0.788  0.6092E-05
 -0.778  0.7227E-05
 -0.768  0.8497E-05
 -0.758  0.9895E-05
 -0.748  0.1141E-04
 -0.738  0.1304E-04
 -0.728  0.1476E-04
 -0.718  0.1654E-04
 -0.708  0.1837E-04
 -0.698  0.2021E-04
 -0.688  0.2203E-04
 -0.678  0.2382E-04
 -0.668  0.2552E-04
 -0.658  0.2713E-04
 -0.648  0.2862E-04
 -0.638  0.2998E-04
 -0.628  0.3119E-04
 -0.618  0.3225E-04
 -0.608  0.3318E-04
 -0.598  0.3398E-04
 -0.588  0.3467E-04
 -0.578  0.3529E-04
 -0.568  0.3586E-04
 -0.558  0.3642E-04
 -0.548  0.3699E-04
 -0.538  0.3761E-04
 -0.528  0.3830E-04
 -0.518  0.3908E-04
 -0.508  0.3996E-04
 -0.498  0.4093E-04
 -0.488  0.4198E-04
 -0.478  0.4310E-04
 -0.468  0.4426E-04
 -0.458  0.4541E-04
 -0.448  0.4651E-04
 -0.438  0.4752E-04
 -0.428  0.4839E-04
 -0.418  0.4907E-04
 -0.408  0.4953E-04
 -0.398  0.4973E-04
 -0.388  0.4964E-04
 -0.378  0.4926E-04
 -0.368  0.4857E-04
 -0.358  0.4759E-04
 -0.348  0.4633E-04
 -0.338  0.4483E-04
 -0.328  0.4312E-04
 -0.318  0.4125E-04
 -0.308  0.3925E-04
 -0.298  0.3717E-04
 -0.288  0.3507E-04
 -0.278  0.3299E-04
 -0.268  0.3096E-04
 -0.258  0.2902E-04
 -0.248  0.2718E-04
 -0.238  0.2547E-04
 -0.228  0.2390E-04
 -0.218  0.2247E-04
 -0.208  0.2117E-04
 -0.198  0.1999E-04
 -0.188  0.1893E-04
 -0.178  0.1797E-04
 -0.168  0.1711E-04
 -0.158  0.1633E-04
 -0.148  0.1562E-04
 -0.138  0.1500E-04
 -0.128  0.1446E-04
 -0.118  0.1402E-04
 -0.108  0.1370E-04
 -0.098  0.1353E-04
 -0.088  0.1355E-04
 -0.078  0.1379E-04
 -0.068  0.1430E-04
 -0.058  0.1513E-04
 -0.048  0.1633E-04
 -0.038  0.1795E-04
 -0.028  0.2004E-04
 -0.018  0.2265E-04
 -0.008  0.2581E-04
  0.002  0.2956E-04
  0.012  0.3393E-04
  0.022  0.3893E-04
  0.032  0.4455E-04
  0.042  0.5078E-04
  0.052  0.5761E-04
  0.062  0.6497E-04
  0.072  0.7282E-04
  0.082  0.8107E-04
  0.092  0.8965E-04
  0.102  0.9846E-04
  0.112  0.1074E-03
  0.122  0.1163E-03
  0.132  0.1251E-03
  0.142  0.1337E-03
  0.152  0.1420E-03
  0.162  0.1498E-03
  0.172  0.1572E-03
  0.182  0.1640E-03
  0.192  0.1703E-03
  0.202  0.1760E-03
  0.212  0.1813E-03
  0.222  0.1861E-03
  0.232  0.1907E-03
  0.242  0.1950E-03
  0.252  0.1992E-03
  0.262  0.2035E-03
  0.272  0.2080E-03
  0.282  0.2127E-03
  0.292  0.2178E-03
  0.302  0.2232E-03
  0.312  0.2291E-03
  0.322  0.2351E-03
  0.332  0.2414E-03
  0.342  0.2476E-03
  0.352  0.2536E-03
  0.362  0.2590E-03
  0.372  0.2636E-03
  0.382  0.2671E-03
  0.392  0.2693E-03
  0.402  0.2698E-03
  0.412  0.2686E-03
  0.422  0.2653E-03
  0.432  0.2601E-03
  0.442  0.2529E-03
  0.452  0.2437E-03
  0.462  0.2327E-03
  0.472  0.2201E-03
  0.482  0.2063E-03
  0.492  0.1914E-03
  0.502  0.1759E-03
  0.512  0.1599E-03
  0.522  0.1440E-03
  0.532  0.1283E-03
  0.542  0.1132E-03
  0.552  0.9877E-04
  0.562  0.8530E-04
  0.572  0.7291E-04
  0.582  0.6166E-04
  0.592  0.5159E-04
  0.602  0.4272E-04
  0.612  0.3500E-04
  0.622  0.2837E-04
  0.632  0.2275E-04
  0.642  0.1805E-04
  0.652  0.1417E-04
  0.662  0.1101E-04
  0.672  0.8461E-05
  0.682  0.6434E-05
  0.692  0.4840E-05
  0.702  0.3603E-05
  0.712  0.2653E-05
  0.722  0.1933E-05
  0.732  0.1393E-05
  0.742  0.9936E-06
  0.752  0.7011E-06
  0.762  0.4894E-06
  0.772  0.3380E-06
  0.782  0.2310E-06
  0.792  0.1562E-06
  0.802  0.1045E-06
  0.812  0.6913E-07
  0.822  0.4526E-07
  0.832  0.2932E-07
  0.842  0.1879E-07
