 -5.548  0.5523E-10
 -5.538  0.8539E-10
 -5.528  0.1306E-09
 -5.518  0.1976E-09
 -5.508  0.2959E-09
 -5.498  0.4382E-09
 -5.488  0.6420E-09
 -5.478  0.9306E-09
 -5.468  0.1334E-08
 -5.458  0.1893E-08
 -5.448  0.2658E-08
 -5.438  0.3691E-08
 -5.428  0.5072E-08
 -5.418  0.6896E-08
 -5.408  0.9278E-08
 -5.398  0.1235E-07
 -5.388  0.1627E-07
 -5.378  0.2121E-07
 -5.368  0.2737E-07
 -5.358  0.3496E-07
 -5.348  0.4420E-07
 -5.338  0.5532E-07
 -5.328  0.6856E-07
 -5.318  0.8415E-07
 -5.308  0.1023E-06
 -5.298  0.1232E-06
 -5.288  0.1470E-06
 -5.278  0.1739E-06
 -5.268  0.2040E-06
 -5.258  0.2373E-06
 -5.248  0.2738E-06
 -5.238  0.3138E-06
 -5.228  0.3570E-06
 -5.218  0.4036E-06
 -5.208  0.4536E-06
 -5.198  0.5069E-06
 -5.188  0.5638E-06
 -5.178  0.6243E-06
 -5.168  0.6884E-06
 -5.158  0.7563E-06
 -5.148  0.8282E-06
 -5.138  0.9039E-06
 -5.128  0.9835E-06
 -5.118  0.1067E-05
 -5.108  0.1153E-05
 -5.098  0.1243E-05
 -5.088  0.1334E-05
 -5.078  0.1426E-05
 -5.068  0.1517E-05
 -5.058  0.1607E-05
 -5.048  0.1693E-05
 -5.038  0.1774E-05
 -5.028  0.1848E-05
 -5.018  0.1913E-05
 -5.008  0.1968E-05
 -4.998  0.2012E-05
 -4.988  0.2043E-05
 -4.978  0.2061E-05
 -4.968  0.2067E-05
 -4.958  0.2059E-05
 -4.948  0.2041E-05
 -4.938  0.2012E-05
 -4.928  0.1974E-05
 -4.918  0.1929E-05
 -4.908  0.1880E-05
 -4.898  0.1827E-05
 -4.888  0.1774E-05
 -4.878  0.1722E-05
 -4.868  0.1672E-05
 -4.858  0.1625E-05
 -4.848  0.1582E-05
 -4.838  0.1544E-05
 -4.828  0.1511E-05
 -4.818  0.1481E-05
 -4.808  0.1454E-05
 -4.798  0.1429E-05
 -4.788  0.1405E-05
 -4.778  0.1380E-05
 -4.768  0.1353E-05
 -4.758  0.1323E-05
 -4.748  0.1289E-05
 -4.738  0.1250E-05
 -4.728  0.1205E-05
 -4.718  0.1155E-05
 -4.708  0.1099E-05
 -4.698  0.1038E-05
 -4.688  0.9728E-06
 -4.678  0.9038E-06
 -4.668  0.8324E-06
 -4.658  0.7597E-06
 -4.648  0.6869E-06
 -4.638  0.6151E-06
 -4.628  0.5455E-06
 -4.618  0.4790E-06
 -4.608  0.4164E-06
 -4.598  0.3583E-06
 -4.588  0.3052E-06
 -4.578  0.2572E-06
 -4.568  0.2146E-06
 -4.558  0.1772E-06
 -4.548  0.1447E-06
 -4.538  0.1170E-06
 -4.528  0.9359E-07
 -4.518  0.7407E-07
 -4.508  0.5800E-07
 -4.498  0.4494E-07
 -4.488  0.3445E-07
 -4.478  0.2612E-07
 -4.468  0.1960E-07
 -4.458  0.1455E-07
 -4.448  0.1068E-07
 -4.438  0.7762E-08
 -4.428  0.5579E-08
 -4.418  0.3967E-08
 -4.408  0.2791E-08
 -4.398  0.1942E-08
 -4.388  0.1337E-08
 -4.378  0.9107E-09
 -4.368  0.6136E-09
 -4.358  0.4090E-09
 -4.348  0.2697E-09
 -4.338  0.1759E-09
 -4.328  0.1135E-09
 -4.318  0.7249E-10
 -4.308  0.4578E-10
 -4.298  0.2860E-10
 -4.288  0.1768E-10
 -4.278  0.1081E-10
 -4.268  0.6538E-11
 -4.258  0.3912E-11
 -4.248  0.2316E-11
 -4.238  0.1356E-11
 -4.228  0.7855E-12
 -4.218  0.4501E-12
 -4.208  0.2552E-12
 -4.198  0.1431E-12
 -4.188  0.7940E-13
 -4.178  0.4358E-13
 -4.168  0.2366E-13
 -4.158  0.1271E-13
 -4.148  0.6752E-14
 -4.138  0.3549E-14
 -4.128  0.1845E-14
 -4.118  0.9492E-15
 -4.108  0.4830E-15
 -4.098  0.2432E-15
 -4.088  0.1211E-15
 -4.078  0.5965E-16
 -4.068  0.2907E-16
 -4.058  0.1401E-16
 -4.048  0.6684E-17
 -4.038  0.3153E-17
 -4.028  0.1472E-17
 -4.018  0.6796E-18
 -4.008  0.3104E-18
 -3.998  0.1402E-18
 -3.988  0.6269E-19
 -3.978  0.2772E-19
 -3.968  0.1213E-19
 -3.958  0.5247E-20
 -3.948  0.2246E-20
 -3.938  0.9513E-21
 -3.928  0.3985E-21
 -3.918  0.1652E-21
 -3.908  0.6771E-22
 -3.898  0.2746E-22
 -3.888  0.1102E-22
 -3.878  0.4373E-23
 -3.868  0.1717E-23
 -3.858  0.6669E-24
 -3.848  0.2563E-24
 -3.838  0.9741E-25
 -3.828  0.3663E-25
 -3.818  0.1363E-25
 -3.808  0.5014E-26
 -3.798  0.1825E-26
 -3.788  0.6574E-27
 -3.778  0.2342E-27
 -3.768  0.8254E-28
 -3.758  0.2878E-28
 -3.748  0.9925E-29
 -3.738  0.3386E-29
 -3.728  0.1143E-29
 -3.718  0.3816E-30
 -3.708  0.1261E-30
 -3.698  0.4119E-31
 -3.688  0.1331E-31
 -3.678  0.4258E-32
 -3.668  0.1347E-32
 -3.658  0.4215E-33
 -3.648  0.1305E-33
 -3.638  0.3996E-34
 -3.628  0.1211E-34
 -3.618  0.3628E-35
 -3.608  0.1076E-35
 -3.598  0.3155E-36
 -3.588  0.9155E-37
 -3.578  0.2628E-37
 -3.568  0.7461E-38
 -3.558  0.2096E-38
 -3.548  0.5824E-39
 -3.538  0.1601E-39
 -3.528  0.4353E-40
 -3.518  0.1171E-40
 -3.508  0.3117E-41
 -3.498  0.8205E-42
 -3.488  0.2137E-42
 -3.478  0.5505E-43
 -3.468  0.1403E-43
 -3.458  0.3538E-44
 -3.448  0.8824E-45
 -3.438  0.2177E-45
 -3.428  0.5314E-46
 -3.418  0.1283E-46
 -3.408  0.3065E-47
 -3.398  0.7243E-48
 -3.388  0.1693E-48
 -3.378  0.3915E-49
 -3.368  0.8957E-50
 -3.358  0.2027E-50
 -3.348  0.4538E-51
 -3.338  0.1005E-51
 -3.328  0.2202E-52
 -3.318  0.4773E-53
 -3.308  0.1023E-53
 -3.298  0.2170E-54
 -3.288  0.4554E-55
 -3.278  0.9453E-56
 -3.268  0.1941E-56
 -3.258  0.3943E-57
 -3.248  0.7923E-58
 -3.238  0.1575E-58
 -3.228  0.3098E-59
 -3.218  0.6026E-60
 -3.208  0.1160E-60
 -3.198  0.2208E-61
 -3.188  0.4158E-62
 -3.178  0.7748E-63
 -3.168  0.1428E-63
 -3.158  0.2604E-64
 -3.148  0.4696E-65
 -3.138  0.8380E-66
 -3.128  0.1479E-66
 -3.118  0.2583E-67
 -3.108  0.4462E-68
 -3.098  0.7625E-69
 -3.088  0.1289E-69
 -3.078  0.2156E-70
 -3.068  0.3566E-71
 -3.058  0.5836E-72
 -3.048  0.9449E-73
 -3.038  0.1513E-73
 -3.028  0.2398E-74
 -3.018  0.3758E-75
 -3.008  0.5838E-76
 -2.998  0.9679E-77
 -2.988  0.6317E-77
 -2.978  0.3309E-76
 -2.968  0.2157E-75
 -2.958  0.1399E-74
 -2.948  0.8982E-74
 -2.938  0.5703E-73
 -2.928  0.3582E-72
 -2.918  0.2226E-71
 -2.908  0.1368E-70
 -2.898  0.8320E-70
 -2.888  0.5005E-69
 -2.878  0.2978E-68
 -2.868  0.1753E-67
 -2.858  0.1021E-66
 -2.848  0.5882E-66
 -2.838  0.3352E-65
 -2.828  0.1890E-64
 -2.818  0.1054E-63
 -2.808  0.5816E-63
 -2.798  0.3174E-62
 -2.788  0.1714E-61
 -2.778  0.9155E-61
 -2.768  0.4838E-60
 -2.758  0.2529E-59
 -2.748  0.1308E-58
 -2.738  0.6689E-58
 -2.728  0.3385E-57
 -2.718  0.1695E-56
 -2.708  0.8393E-56
 -2.698  0.4112E-55
 -2.688  0.1993E-54
 -2.678  0.9554E-54
 -2.668  0.4531E-53
 -2.658  0.2126E-52
 -2.648  0.9868E-52
 -2.638  0.4531E-51
 -2.628  0.2058E-50
 -2.618  0.9248E-50
 -2.608  0.4111E-49
 -2.598  0.1808E-48
 -2.588  0.7864E-48
 -2.578  0.3384E-47
 -2.568  0.1441E-46
 -2.558  0.6067E-46
 -2.548  0.2528E-45
 -2.538  0.1042E-44
 -2.528  0.4248E-44
 -2.518  0.1713E-43
 -2.508  0.6836E-43
 -2.498  0.2698E-42
 -2.488  0.1053E-41
 -2.478  0.4069E-41
 -2.468  0.1555E-40
 -2.458  0.5878E-40
 -2.448  0.2198E-39
 -2.438  0.8131E-39
 -2.428  0.2976E-38
 -2.418  0.1077E-37
 -2.408  0.3858E-37
 -2.398  0.1367E-36
 -2.388  0.4791E-36
 -2.378  0.1661E-35
 -2.368  0.5697E-35
 -2.358  0.1933E-34
 -2.348  0.6488E-34
 -2.338  0.2154E-33
 -2.328  0.7077E-33
 -2.318  0.2300E-32
 -2.308  0.7392E-32
 -2.298  0.2351E-31
 -2.288  0.7395E-31
 -2.278  0.2301E-30
 -2.268  0.7085E-30
 -2.258  0.2158E-29
 -2.248  0.6501E-29
 -2.238  0.1938E-28
 -2.228  0.5713E-28
 -2.218  0.1666E-27
 -2.208  0.4808E-27
 -2.198  0.1372E-26
 -2.188  0.3875E-26
 -2.178  0.1083E-25
 -2.168  0.2991E-25
 -2.158  0.8177E-25
 -2.148  0.2211E-24
 -2.138  0.5916E-24
 -2.128  0.1566E-23
 -2.118  0.4099E-23
 -2.108  0.1062E-22
 -2.098  0.2720E-22
 -2.088  0.6894E-22
 -2.078  0.1728E-21
 -2.068  0.4287E-21
 -2.058  0.1052E-20
 -2.048  0.2553E-20
 -2.038  0.6132E-20
 -2.028  0.1457E-19
 -2.018  0.3423E-19
 -2.008  0.7957E-19
 -1.998  0.1830E-18
 -1.988  0.4163E-18
 -1.978  0.9369E-18
 -1.968  0.2086E-17
 -1.958  0.4594E-17
 -1.948  0.1001E-16
 -1.938  0.2158E-16
 -1.928  0.4600E-16
 -1.918  0.9704E-16
 -1.908  0.2025E-15
 -1.898  0.4180E-15
 -1.888  0.8536E-15
 -1.878  0.1724E-14
 -1.868  0.3446E-14
 -1.858  0.6814E-14
 -1.848  0.1333E-13
 -1.838  0.2578E-13
 -1.828  0.4935E-13
 -1.818  0.9345E-13
 -1.808  0.1751E-12
 -1.798  0.3244E-12
 -1.788  0.5947E-12
 -1.778  0.1079E-11
 -1.768  0.1935E-11
 -1.758  0.3434E-11
 -1.748  0.6031E-11
 -1.738  0.1048E-10
 -1.728  0.1800E-10
 -1.718  0.3061E-10
 -1.708  0.5148E-10
 -1.698  0.8566E-10
 -1.688  0.1410E-09
 -1.678  0.2297E-09
 -1.668  0.3700E-09
 -1.658  0.5899E-09
 -1.648  0.9303E-09
 -1.638  0.1452E-08
 -1.628  0.2241E-08
 -1.618  0.3423E-08
 -1.608  0.5173E-08
 -1.598  0.7736E-08
 -1.588  0.1145E-07
 -1.578  0.1676E-07
 -1.568  0.2428E-07
 -1.558  0.3480E-07
 -1.548  0.4937E-07
 -1.538  0.6930E-07
 -1.528  0.9628E-07
 -1.518  0.1324E-06
 -1.508  0.1802E-06
 -1.498  0.2427E-06
 -1.488  0.3236E-06
 -1.478  0.4272E-06
 -1.468  0.5583E-06
 -1.458  0.7223E-06
 -1.448  0.9254E-06
 -1.438  0.1174E-05
 -1.428  0.1475E-05
 -1.418  0.1836E-05
 -1.408  0.2264E-05
 -1.398  0.2765E-05
 -1.388  0.3346E-05
 -1.378  0.4014E-05
 -1.368  0.4771E-05
 -1.358  0.5623E-05
 -1.348  0.6570E-05
 -1.338  0.7612E-05
 -1.328  0.8746E-05
 -1.318  0.9968E-05
 -1.308  0.1127E-04
 -1.298  0.1264E-04
 -1.288  0.1407E-04
 -1.278  0.1554E-04
 -1.268  0.1704E-04
 -1.258  0.1855E-04
 -1.248  0.2003E-04
 -1.238  0.2148E-04
 -1.228  0.2286E-04
 -1.218  0.2415E-04
 -1.208  0.2532E-04
 -1.198  0.2635E-04
 -1.188  0.2722E-04
 -1.178  0.2790E-04
 -1.168  0.2837E-04
 -1.158  0.2863E-04
 -1.148  0.2865E-04
 -1.138  0.2844E-04
 -1.128  0.2800E-04
 -1.118  0.2733E-04
 -1.108  0.2645E-04
 -1.098  0.2537E-04
 -1.088  0.2412E-04
 -1.078  0.2272E-04
 -1.068  0.2120E-04
 -1.058  0.1961E-04
 -1.048  0.1796E-04
 -1.038  0.1630E-04
 -1.028  0.1464E-04
 -1.018  0.1303E-04
 -1.008  0.1149E-04
 -0.998  0.1003E-04
 -0.988  0.8676E-05
 -0.978  0.7439E-05
 -0.968  0.6328E-05
 -0.958  0.5348E-05
 -0.948  0.4502E-05
 -0.938  0.3789E-05
 -0.928  0.3210E-05
 -0.918  0.2763E-05
 -0.908  0.2446E-05
 -0.898  0.2260E-05
 -0.888  0.2206E-05
 -0.878  0.2287E-05
 -0.868  0.2509E-05
 -0.858  0.2879E-05
 -0.848  0.3408E-05
 -0.838  0.4108E-05
 -0.828  0.4990E-05
 -0.818  0.6069E-05
 -0.808  0.7355E-05
 -0.798  0.8860E-05
 -0.788  0.1059E-04
 -0.778  0.1255E-04
 -0.768  0.1473E-04
 -0.758  0.1713E-04
 -0.748  0.1972E-04
 -0.738  0.2249E-04
 -0.728  0.2541E-04
 -0.718  0.2843E-04
 -0.708  0.3150E-04
 -0.698  0.3459E-04
 -0.688  0.3763E-04
 -0.678  0.4058E-04
 -0.668  0.4338E-04
 -0.658  0.4601E-04
 -0.648  0.4840E-04
 -0.638  0.5056E-04
 -0.628  0.5245E-04
 -0.618  0.5408E-04
 -0.608  0.5547E-04
 -0.598  0.5663E-04
 -0.588  0.5761E-04
 -0.578  0.5845E-04
 -0.568  0.5920E-04
 -0.558  0.5993E-04
 -0.548  0.6068E-04
 -0.538  0.6150E-04
 -0.528  0.6243E-04
 -0.518  0.6351E-04
 -0.508  0.6474E-04
 -0.498  0.6612E-04
 -0.488  0.6763E-04
 -0.478  0.6924E-04
 -0.468  0.7089E-04
 -0.458  0.7253E-04
 -0.448  0.7407E-04
 -0.438  0.7546E-04
 -0.428  0.7661E-04
 -0.418  0.7745E-04
 -0.408  0.7792E-04
 -0.398  0.7796E-04
 -0.388  0.7755E-04
 -0.378  0.7667E-04
 -0.368  0.7531E-04
 -0.358  0.7349E-04
 -0.348  0.7125E-04
 -0.338  0.6863E-04
 -0.328  0.6571E-04
 -0.318  0.6254E-04
 -0.308  0.5920E-04
 -0.298  0.5578E-04
 -0.288  0.5234E-04
 -0.278  0.4895E-04
 -0.268  0.4567E-04
 -0.258  0.4254E-04
 -0.248  0.3961E-04
 -0.238  0.3691E-04
 -0.228  0.3443E-04
 -0.218  0.3218E-04
 -0.208  0.3016E-04
 -0.198  0.2835E-04
 -0.188  0.2673E-04
 -0.178  0.2529E-04
 -0.168  0.2399E-04
 -0.158  0.2283E-04
 -0.148  0.2179E-04
 -0.138  0.2088E-04
 -0.128  0.2010E-04
 -0.118  0.1946E-04
 -0.108  0.1900E-04
 -0.098  0.1875E-04
 -0.088  0.1875E-04
 -0.078  0.1906E-04
 -0.068  0.1975E-04
 -0.058  0.2087E-04
 -0.048  0.2251E-04
 -0.038  0.2471E-04
 -0.028  0.2756E-04
 -0.018  0.3111E-04
 -0.008  0.3541E-04
  0.002  0.4052E-04
  0.012  0.4645E-04
  0.022  0.5323E-04
  0.032  0.6085E-04
  0.042  0.6929E-04
  0.052  0.7851E-04
  0.062  0.8845E-04
  0.072  0.9902E-04
  0.082  0.1101E-03
  0.092  0.1216E-03
  0.102  0.1334E-03
  0.112  0.1453E-03
  0.122  0.1572E-03
  0.132  0.1689E-03
  0.142  0.1802E-03
  0.152  0.1911E-03
  0.162  0.2013E-03
  0.172  0.2108E-03
  0.182  0.2196E-03
  0.192  0.2275E-03
  0.202  0.2346E-03
  0.212  0.2410E-03
  0.222  0.2467E-03
  0.232  0.2518E-03
  0.242  0.2566E-03
  0.252  0.2611E-03
  0.262  0.2655E-03
  0.272  0.2701E-03
  0.282  0.2749E-03
  0.292  0.2801E-03
  0.302  0.2858E-03
  0.312  0.2918E-03
  0.322  0.2982E-03
  0.332  0.3048E-03
  0.342  0.3114E-03
  0.352  0.3178E-03
  0.362  0.3236E-03
  0.372  0.3284E-03
  0.382  0.3321E-03
  0.392  0.3341E-03
  0.402  0.3343E-03
  0.412  0.3323E-03
  0.422  0.3281E-03
  0.432  0.3214E-03
  0.442  0.3123E-03
  0.452  0.3009E-03
  0.462  0.2873E-03
  0.472  0.2718E-03
  0.482  0.2547E-03
  0.492  0.2364E-03
  0.502  0.2173E-03
  0.512  0.1977E-03
  0.522  0.1781E-03
  0.532  0.1588E-03
  0.542  0.1401E-03
  0.552  0.1223E-03
  0.562  0.1057E-03
  0.572  0.9041E-04
  0.582  0.7651E-04
  0.592  0.6406E-04
  0.602  0.5308E-04
  0.612  0.4351E-04
  0.622  0.3530E-04
  0.632  0.2833E-04
  0.642  0.2249E-04
  0.652  0.1767E-04
  0.662  0.1374E-04
  0.672  0.1057E-04
  0.682  0.8040E-05
  0.692  0.6053E-05
  0.702  0.4509E-05
  0.712  0.3323E-05
  0.722  0.2423E-05
  0.732  0.1748E-05
  0.742  0.1247E-05
  0.752  0.8809E-06
  0.762  0.6154E-06
  0.772  0.4254E-06
  0.782  0.2909E-06
  0.792  0.1968E-06
  0.802  0.1318E-06
  0.812  0.8727E-07
  0.822  0.5719E-07
  0.832  0.3707E-07
  0.842  0.2378E-07
