 -5.548  0.1880E-06
 -5.538  0.2907E-06
 -5.528  0.4446E-06
 -5.518  0.6727E-06
 -5.508  0.1007E-05
 -5.498  0.1491E-05
 -5.488  0.2184E-05
 -5.478  0.3166E-05
 -5.468  0.4539E-05
 -5.458  0.6438E-05
 -5.448  0.9034E-05
 -5.438  0.1254E-04
 -5.428  0.1723E-04
 -5.418  0.2341E-04
 -5.408  0.3148E-04
 -5.398  0.4188E-04
 -5.388  0.5513E-04
 -5.378  0.7181E-04
 -5.368  0.9255E-04
 -5.358  0.1181E-03
 -5.348  0.1490E-03
 -5.338  0.1862E-03
 -5.328  0.2302E-03
 -5.318  0.2819E-03
 -5.308  0.3416E-03
 -5.298  0.4100E-03
 -5.288  0.4873E-03
 -5.278  0.5737E-03
 -5.268  0.6693E-03
 -5.258  0.7737E-03
 -5.248  0.8867E-03
 -5.238  0.1008E-02
 -5.228  0.1136E-02
 -5.218  0.1271E-02
 -5.208  0.1412E-02
 -5.198  0.1559E-02
 -5.188  0.1711E-02
 -5.178  0.1867E-02
 -5.168  0.2027E-02
 -5.158  0.2193E-02
 -5.148  0.2363E-02
 -5.138  0.2538E-02
 -5.128  0.2720E-02
 -5.118  0.2908E-02
 -5.108  0.3104E-02
 -5.098  0.3309E-02
 -5.088  0.3522E-02
 -5.078  0.3745E-02
 -5.068  0.3976E-02
 -5.058  0.4217E-02
 -5.048  0.4466E-02
 -5.038  0.4723E-02
 -5.028  0.4987E-02
 -5.018  0.5257E-02
 -5.008  0.5532E-02
 -4.998  0.5813E-02
 -4.988  0.6100E-02
 -4.978  0.6392E-02
 -4.968  0.6690E-02
 -4.958  0.6998E-02
 -4.948  0.7315E-02
 -4.938  0.7645E-02
 -4.928  0.7990E-02
 -4.918  0.8351E-02
 -4.908  0.8732E-02
 -4.898  0.9132E-02
 -4.888  0.9551E-02
 -4.878  0.9989E-02
 -4.868  0.1044E-01
 -4.858  0.1091E-01
 -4.848  0.1137E-01
 -4.838  0.1184E-01
 -4.828  0.1228E-01
 -4.818  0.1270E-01
 -4.808  0.1309E-01
 -4.798  0.1342E-01
 -4.788  0.1368E-01
 -4.778  0.1387E-01
 -4.768  0.1397E-01
 -4.758  0.1397E-01
 -4.748  0.1386E-01
 -4.738  0.1365E-01
 -4.728  0.1334E-01
 -4.718  0.1292E-01
 -4.708  0.1240E-01
 -4.698  0.1180E-01
 -4.688  0.1112E-01
 -4.678  0.1038E-01
 -4.668  0.9599E-02
 -4.658  0.8789E-02
 -4.648  0.7968E-02
 -4.638  0.7152E-02
 -4.628  0.6355E-02
 -4.618  0.5589E-02
 -4.608  0.4865E-02
 -4.598  0.4191E-02
 -4.588  0.3573E-02
 -4.578  0.3015E-02
 -4.568  0.2517E-02
 -4.558  0.2079E-02
 -4.548  0.1699E-02
 -4.538  0.1375E-02
 -4.528  0.1100E-02
 -4.518  0.8709E-03
 -4.508  0.6822E-03
 -4.498  0.5287E-03
 -4.488  0.4054E-03
 -4.478  0.3075E-03
 -4.468  0.2308E-03
 -4.458  0.1714E-03
 -4.448  0.1259E-03
 -4.438  0.9148E-04
 -4.428  0.6576E-04
 -4.418  0.4677E-04
 -4.408  0.3291E-04
 -4.398  0.2291E-04
 -4.388  0.1577E-04
 -4.378  0.1074E-04
 -4.368  0.7241E-05
 -4.358  0.4827E-05
 -4.348  0.3184E-05
 -4.338  0.2077E-05
 -4.328  0.1341E-05
 -4.318  0.8561E-06
 -4.308  0.5407E-06
 -4.298  0.3379E-06
 -4.288  0.2089E-06
 -4.278  0.1277E-06
 -4.268  0.7727E-07
 -4.258  0.4624E-07
 -4.248  0.2738E-07
 -4.238  0.1603E-07
 -4.228  0.9290E-08
 -4.218  0.5324E-08
 -4.208  0.3019E-08
 -4.198  0.1693E-08
 -4.188  0.9396E-09
 -4.178  0.5157E-09
 -4.168  0.2801E-09
 -4.158  0.1504E-09
 -4.148  0.7994E-10
 -4.138  0.4203E-10
 -4.128  0.2186E-10
 -4.118  0.1124E-10
 -4.108  0.5723E-11
 -4.098  0.2881E-11
 -4.088  0.1435E-11
 -4.078  0.7070E-12
 -4.068  0.3446E-12
 -4.058  0.1662E-12
 -4.048  0.7926E-13
 -4.038  0.3740E-13
 -4.028  0.1746E-13
 -4.018  0.8062E-14
 -4.008  0.3683E-14
 -3.998  0.1664E-14
 -3.988  0.7440E-15
 -3.978  0.3290E-15
 -3.968  0.1440E-15
 -3.958  0.6230E-16
 -3.948  0.2667E-16
 -3.938  0.1130E-16
 -3.928  0.4734E-17
 -3.918  0.1962E-17
 -3.908  0.8045E-18
 -3.898  0.3263E-18
 -3.888  0.1310E-18
 -3.878  0.5198E-19
 -3.868  0.2041E-19
 -3.858  0.7930E-20
 -3.848  0.3048E-20
 -3.838  0.1159E-20
 -3.828  0.4357E-21
 -3.818  0.1621E-21
 -3.808  0.5967E-22
 -3.798  0.2172E-22
 -3.788  0.7824E-23
 -3.778  0.2788E-23
 -3.768  0.9827E-24
 -3.758  0.3427E-24
 -3.748  0.1182E-24
 -3.738  0.4033E-25
 -3.728  0.1362E-25
 -3.718  0.4547E-26
 -3.708  0.1502E-26
 -3.698  0.4909E-27
 -3.688  0.1587E-27
 -3.678  0.5076E-28
 -3.668  0.1606E-28
 -3.658  0.5026E-29
 -3.648  0.1556E-29
 -3.638  0.4767E-30
 -3.628  0.1444E-30
 -3.618  0.4329E-31
 -3.608  0.1284E-31
 -3.598  0.3766E-32
 -3.588  0.1093E-32
 -3.578  0.3137E-33
 -3.568  0.8909E-34
 -3.558  0.2503E-34
 -3.548  0.6955E-35
 -3.538  0.1912E-35
 -3.528  0.5201E-36
 -3.518  0.1399E-36
 -3.508  0.3724E-37
 -3.498  0.9806E-38
 -3.488  0.2554E-38
 -3.478  0.6582E-39
 -3.468  0.1678E-39
 -3.458  0.4230E-40
 -3.448  0.1055E-40
 -3.438  0.2604E-41
 -3.428  0.6357E-42
 -3.418  0.1535E-42
 -3.408  0.3668E-43
 -3.398  0.8669E-44
 -3.388  0.2027E-44
 -3.378  0.4687E-45
 -3.368  0.1072E-45
 -3.358  0.2427E-46
 -3.348  0.5435E-47
 -3.338  0.1204E-47
 -3.328  0.2638E-48
 -3.318  0.5719E-49
 -3.308  0.1226E-49
 -3.298  0.2601E-50
 -3.288  0.5459E-51
 -3.278  0.1133E-51
 -3.268  0.2327E-52
 -3.258  0.4728E-53
 -3.248  0.9503E-54
 -3.238  0.1889E-54
 -3.228  0.3716E-55
 -3.218  0.7231E-56
 -3.208  0.1392E-56
 -3.198  0.2650E-57
 -3.188  0.4992E-58
 -3.178  0.9301E-59
 -3.168  0.1715E-59
 -3.158  0.3127E-60
 -3.148  0.5640E-61
 -3.138  0.1007E-61
 -3.128  0.1777E-62
 -3.118  0.3104E-63
 -3.108  0.5362E-64
 -3.098  0.9164E-65
 -3.088  0.1549E-65
 -3.078  0.2592E-66
 -3.068  0.4288E-67
 -3.058  0.7019E-68
 -3.048  0.1136E-68
 -3.038  0.1820E-69
 -3.028  0.2885E-70
 -3.018  0.4522E-71
 -3.008  0.7013E-72
 -2.998  0.1078E-72
 -2.988  0.1803E-73
 -2.978  0.1376E-73
 -2.968  0.7455E-73
 -2.958  0.4814E-72
 -2.948  0.3089E-71
 -2.938  0.1962E-70
 -2.928  0.1232E-69
 -2.918  0.7656E-69
 -2.908  0.4706E-68
 -2.898  0.2862E-67
 -2.888  0.1721E-66
 -2.878  0.1024E-65
 -2.868  0.6030E-65
 -2.858  0.3512E-64
 -2.848  0.2023E-63
 -2.838  0.1153E-62
 -2.828  0.6501E-62
 -2.818  0.3626E-61
 -2.808  0.2000E-60
 -2.798  0.1092E-59
 -2.788  0.5895E-59
 -2.778  0.3149E-58
 -2.768  0.1664E-57
 -2.758  0.8698E-57
 -2.748  0.4498E-56
 -2.738  0.2301E-55
 -2.728  0.1164E-54
 -2.718  0.5829E-54
 -2.708  0.2887E-53
 -2.698  0.1414E-52
 -2.688  0.6854E-52
 -2.678  0.3286E-51
 -2.668  0.1559E-50
 -2.658  0.7312E-50
 -2.648  0.3394E-49
 -2.638  0.1558E-48
 -2.628  0.7079E-48
 -2.618  0.3181E-47
 -2.608  0.1414E-46
 -2.598  0.6218E-46
 -2.588  0.2705E-45
 -2.578  0.1164E-44
 -2.568  0.4955E-44
 -2.558  0.2087E-43
 -2.548  0.8694E-43
 -2.538  0.3583E-42
 -2.528  0.1461E-41
 -2.518  0.5892E-41
 -2.508  0.2351E-40
 -2.498  0.9280E-40
 -2.488  0.3623E-39
 -2.478  0.1400E-38
 -2.468  0.5348E-38
 -2.458  0.2022E-37
 -2.448  0.7560E-37
 -2.438  0.2797E-36
 -2.428  0.1024E-35
 -2.418  0.3705E-35
 -2.408  0.1327E-34
 -2.398  0.4701E-34
 -2.388  0.1648E-33
 -2.378  0.5713E-33
 -2.368  0.1960E-32
 -2.358  0.6649E-32
 -2.348  0.2232E-31
 -2.338  0.7410E-31
 -2.328  0.2434E-30
 -2.318  0.7910E-30
 -2.308  0.2543E-29
 -2.298  0.8086E-29
 -2.288  0.2544E-28
 -2.278  0.7916E-28
 -2.268  0.2437E-27
 -2.258  0.7422E-27
 -2.248  0.2236E-26
 -2.238  0.6665E-26
 -2.228  0.1965E-25
 -2.218  0.5732E-25
 -2.208  0.1654E-24
 -2.198  0.4721E-24
 -2.188  0.1333E-23
 -2.178  0.3724E-23
 -2.168  0.1029E-22
 -2.158  0.2813E-22
 -2.148  0.7607E-22
 -2.138  0.2035E-21
 -2.128  0.5386E-21
 -2.118  0.1410E-20
 -2.108  0.3652E-20
 -2.098  0.9357E-20
 -2.088  0.2372E-19
 -2.078  0.5946E-19
 -2.068  0.1475E-18
 -2.058  0.3619E-18
 -2.048  0.8786E-18
 -2.038  0.2110E-17
 -2.028  0.5012E-17
 -2.018  0.1178E-16
 -2.008  0.2738E-16
 -1.998  0.6298E-16
 -1.988  0.1433E-15
 -1.978  0.3225E-15
 -1.968  0.7181E-15
 -1.958  0.1582E-14
 -1.948  0.3447E-14
 -1.938  0.7430E-14
 -1.928  0.1585E-13
 -1.918  0.3343E-13
 -1.908  0.6977E-13
 -1.898  0.1441E-12
 -1.888  0.2943E-12
 -1.878  0.5946E-12
 -1.868  0.1189E-11
 -1.858  0.2351E-11
 -1.848  0.4600E-11
 -1.838  0.8904E-11
 -1.828  0.1705E-10
 -1.818  0.3230E-10
 -1.808  0.6055E-10
 -1.798  0.1123E-09
 -1.788  0.2060E-09
 -1.778  0.3739E-09
 -1.768  0.6714E-09
 -1.758  0.1193E-08
 -1.748  0.2097E-08
 -1.738  0.3648E-08
 -1.728  0.6278E-08
 -1.718  0.1069E-07
 -1.708  0.1801E-07
 -1.698  0.3003E-07
 -1.688  0.4955E-07
 -1.678  0.8091E-07
 -1.668  0.1307E-06
 -1.658  0.2091E-06
 -1.648  0.3309E-06
 -1.638  0.5183E-06
 -1.628  0.8037E-06
 -1.618  0.1234E-05
 -1.608  0.1874E-05
 -1.598  0.2819E-05
 -1.588  0.4199E-05
 -1.578  0.6193E-05
 -1.568  0.9045E-05
 -1.558  0.1308E-04
 -1.548  0.1874E-04
 -1.538  0.2660E-04
 -1.528  0.3741E-04
 -1.518  0.5211E-04
 -1.508  0.7196E-04
 -1.498  0.9847E-04
 -1.488  0.1336E-03
 -1.478  0.1796E-03
 -1.468  0.2396E-03
 -1.458  0.3168E-03
 -1.448  0.4156E-03
 -1.438  0.5408E-03
 -1.428  0.6981E-03
 -1.418  0.8941E-03
 -1.408  0.1136E-02
 -1.398  0.1433E-02
 -1.388  0.1794E-02
 -1.378  0.2229E-02
 -1.368  0.2749E-02
 -1.358  0.3365E-02
 -1.348  0.4087E-02
 -1.338  0.4928E-02
 -1.328  0.5896E-02
 -1.318  0.7000E-02
 -1.308  0.8247E-02
 -1.298  0.9639E-02
 -1.288  0.1118E-01
 -1.278  0.1285E-01
 -1.268  0.1466E-01
 -1.258  0.1658E-01
 -1.248  0.1859E-01
 -1.238  0.2066E-01
 -1.228  0.2277E-01
 -1.218  0.2486E-01
 -1.208  0.2690E-01
 -1.198  0.2884E-01
 -1.188  0.3062E-01
 -1.178  0.3221E-01
 -1.168  0.3356E-01
 -1.158  0.3463E-01
 -1.148  0.3538E-01
 -1.138  0.3580E-01
 -1.128  0.3585E-01
 -1.118  0.3555E-01
 -1.108  0.3490E-01
 -1.098  0.3391E-01
 -1.088  0.3261E-01
 -1.078  0.3105E-01
 -1.068  0.2925E-01
 -1.058  0.2727E-01
 -1.048  0.2516E-01
 -1.038  0.2298E-01
 -1.028  0.2076E-01
 -1.018  0.1857E-01
 -1.008  0.1643E-01
 -0.998  0.1438E-01
 -0.988  0.1246E-01
 -0.978  0.1069E-01
 -0.968  0.9069E-02
 -0.958  0.7619E-02
 -0.948  0.6339E-02
 -0.938  0.5225E-02
 -0.928  0.4273E-02
 -0.918  0.3471E-02
 -0.908  0.2810E-02
 -0.898  0.2277E-02
 -0.888  0.1859E-02
 -0.878  0.1546E-02
 -0.868  0.1326E-02
 -0.858  0.1189E-02
 -0.848  0.1127E-02
 -0.838  0.1135E-02
 -0.828  0.1205E-02
 -0.818  0.1334E-02
 -0.808  0.1518E-02
 -0.798  0.1754E-02
 -0.788  0.2039E-02
 -0.778  0.2369E-02
 -0.768  0.2742E-02
 -0.758  0.3153E-02
 -0.748  0.3596E-02
 -0.738  0.4065E-02
 -0.728  0.4552E-02
 -0.718  0.5050E-02
 -0.708  0.5549E-02
 -0.698  0.6041E-02
 -0.688  0.6516E-02
 -0.678  0.6966E-02
 -0.668  0.7384E-02
 -0.658  0.7765E-02
 -0.648  0.8105E-02
 -0.638  0.8402E-02
 -0.628  0.8659E-02
 -0.618  0.8879E-02
 -0.608  0.9070E-02
 -0.598  0.9241E-02
 -0.588  0.9402E-02
 -0.578  0.9567E-02
 -0.568  0.9748E-02
 -0.558  0.9957E-02
 -0.548  0.1021E-01
 -0.538  0.1051E-01
 -0.528  0.1087E-01
 -0.518  0.1129E-01
 -0.508  0.1178E-01
 -0.498  0.1233E-01
 -0.488  0.1293E-01
 -0.478  0.1357E-01
 -0.468  0.1424E-01
 -0.458  0.1493E-01
 -0.448  0.1561E-01
 -0.438  0.1626E-01
 -0.428  0.1686E-01
 -0.418  0.1739E-01
 -0.408  0.1785E-01
 -0.398  0.1820E-01
 -0.388  0.1844E-01
 -0.378  0.1856E-01
 -0.368  0.1856E-01
 -0.358  0.1844E-01
 -0.348  0.1821E-01
 -0.338  0.1786E-01
 -0.328  0.1743E-01
 -0.318  0.1691E-01
 -0.308  0.1633E-01
 -0.298  0.1571E-01
 -0.288  0.1506E-01
 -0.278  0.1441E-01
 -0.268  0.1376E-01
 -0.258  0.1312E-01
 -0.248  0.1251E-01
 -0.238  0.1194E-01
 -0.228  0.1141E-01
 -0.218  0.1091E-01
 -0.208  0.1044E-01
 -0.198  0.1001E-01
 -0.188  0.9602E-02
 -0.178  0.9211E-02
 -0.168  0.8832E-02
 -0.158  0.8459E-02
 -0.148  0.8088E-02
 -0.138  0.7716E-02
 -0.128  0.7343E-02
 -0.118  0.6970E-02
 -0.108  0.6602E-02
 -0.098  0.6245E-02
 -0.088  0.5907E-02
 -0.078  0.5596E-02
 -0.068  0.5322E-02
 -0.058  0.5096E-02
 -0.048  0.4926E-02
 -0.038  0.4822E-02
 -0.028  0.4792E-02
 -0.018  0.4839E-02
 -0.008  0.4968E-02
  0.002  0.5178E-02
  0.012  0.5469E-02
  0.022  0.5834E-02
  0.032  0.6267E-02
  0.042  0.6758E-02
  0.052  0.7294E-02
  0.062  0.7861E-02
  0.072  0.8445E-02
  0.082  0.9030E-02
  0.092  0.9599E-02
  0.102  0.1014E-01
  0.112  0.1063E-01
  0.122  0.1107E-01
  0.132  0.1143E-01
  0.142  0.1172E-01
  0.152  0.1193E-01
  0.162  0.1206E-01
  0.172  0.1210E-01
  0.182  0.1206E-01
  0.192  0.1196E-01
  0.202  0.1179E-01
  0.212  0.1157E-01
  0.222  0.1131E-01
  0.232  0.1103E-01
  0.242  0.1073E-01
  0.252  0.1044E-01
  0.262  0.1017E-01
  0.272  0.9927E-02
  0.282  0.9718E-02
  0.292  0.9552E-02
  0.302  0.9434E-02
  0.312  0.9364E-02
  0.322  0.9340E-02
  0.332  0.9358E-02
  0.342  0.9409E-02
  0.352  0.9483E-02
  0.362  0.9569E-02
  0.372  0.9654E-02
  0.382  0.9725E-02
  0.392  0.9768E-02
  0.402  0.9772E-02
  0.412  0.9726E-02
  0.422  0.9621E-02
  0.432  0.9452E-02
  0.442  0.9216E-02
  0.452  0.8914E-02
  0.462  0.8547E-02
  0.472  0.8122E-02
  0.482  0.7647E-02
  0.492  0.7131E-02
  0.502  0.6586E-02
  0.512  0.6021E-02
  0.522  0.5450E-02
  0.532  0.4883E-02
  0.542  0.4331E-02
  0.552  0.3801E-02
  0.562  0.3301E-02
  0.572  0.2837E-02
  0.582  0.2413E-02
  0.592  0.2031E-02
  0.602  0.1691E-02
  0.612  0.1394E-02
  0.622  0.1136E-02
  0.632  0.9165E-03
  0.642  0.7315E-03
  0.652  0.5776E-03
  0.662  0.4513E-03
  0.672  0.3488E-03
  0.682  0.2668E-03
  0.692  0.2019E-03
  0.702  0.1511E-03
  0.712  0.1119E-03
  0.722  0.8203E-04
  0.732  0.5948E-04
  0.742  0.4266E-04
  0.752  0.3028E-04
  0.762  0.2126E-04
  0.772  0.1477E-04
  0.782  0.1015E-04
  0.792  0.6902E-05
  0.802  0.4643E-05
  0.812  0.3090E-05
  0.822  0.2035E-05
  0.832  0.1326E-05
  0.842  0.8546E-06
