 -5.548  0.3645E-06
 -5.538  0.5636E-06
 -5.528  0.8619E-06
 -5.518  0.1304E-05
 -5.508  0.1952E-05
 -5.498  0.2890E-05
 -5.488  0.4234E-05
 -5.478  0.6136E-05
 -5.468  0.8797E-05
 -5.458  0.1248E-04
 -5.448  0.1751E-04
 -5.438  0.2431E-04
 -5.428  0.3339E-04
 -5.418  0.4537E-04
 -5.408  0.6099E-04
 -5.398  0.8114E-04
 -5.388  0.1068E-03
 -5.378  0.1391E-03
 -5.368  0.1792E-03
 -5.358  0.2285E-03
 -5.348  0.2884E-03
 -5.338  0.3602E-03
 -5.328  0.4453E-03
 -5.318  0.5449E-03
 -5.308  0.6600E-03
 -5.298  0.7916E-03
 -5.288  0.9402E-03
 -5.278  0.1106E-02
 -5.268  0.1289E-02
 -5.258  0.1488E-02
 -5.248  0.1703E-02
 -5.238  0.1932E-02
 -5.228  0.2175E-02
 -5.218  0.2428E-02
 -5.208  0.2692E-02
 -5.198  0.2963E-02
 -5.188  0.3242E-02
 -5.178  0.3526E-02
 -5.168  0.3815E-02
 -5.158  0.4109E-02
 -5.148  0.4409E-02
 -5.138  0.4716E-02
 -5.128  0.5029E-02
 -5.118  0.5352E-02
 -5.108  0.5684E-02
 -5.098  0.6029E-02
 -5.088  0.6386E-02
 -5.078  0.6757E-02
 -5.068  0.7141E-02
 -5.058  0.7537E-02
 -5.048  0.7946E-02
 -5.038  0.8364E-02
 -5.028  0.8790E-02
 -5.018  0.9220E-02
 -5.008  0.9652E-02
 -4.998  0.1008E-01
 -4.988  0.1051E-01
 -4.978  0.1093E-01
 -4.968  0.1133E-01
 -4.958  0.1173E-01
 -4.948  0.1212E-01
 -4.938  0.1249E-01
 -4.928  0.1285E-01
 -4.918  0.1319E-01
 -4.908  0.1352E-01
 -4.898  0.1384E-01
 -4.888  0.1415E-01
 -4.878  0.1443E-01
 -4.868  0.1471E-01
 -4.858  0.1496E-01
 -4.848  0.1519E-01
 -4.838  0.1539E-01
 -4.828  0.1556E-01
 -4.818  0.1569E-01
 -4.808  0.1577E-01
 -4.798  0.1579E-01
 -4.788  0.1575E-01
 -4.778  0.1564E-01
 -4.768  0.1545E-01
 -4.758  0.1518E-01
 -4.748  0.1483E-01
 -4.738  0.1439E-01
 -4.728  0.1387E-01
 -4.718  0.1327E-01
 -4.708  0.1261E-01
 -4.698  0.1188E-01
 -4.688  0.1110E-01
 -4.678  0.1028E-01
 -4.668  0.9446E-02
 -4.658  0.8597E-02
 -4.648  0.7753E-02
 -4.638  0.6927E-02
 -4.628  0.6129E-02
 -4.618  0.5371E-02
 -4.608  0.4660E-02
 -4.598  0.4004E-02
 -4.588  0.3405E-02
 -4.578  0.2866E-02
 -4.568  0.2389E-02
 -4.558  0.1970E-02
 -4.548  0.1608E-02
 -4.538  0.1299E-02
 -4.528  0.1038E-02
 -4.518  0.8212E-03
 -4.508  0.6427E-03
 -4.498  0.4978E-03
 -4.488  0.3814E-03
 -4.478  0.2892E-03
 -4.468  0.2169E-03
 -4.458  0.1610E-03
 -4.448  0.1182E-03
 -4.438  0.8587E-04
 -4.428  0.6172E-04
 -4.418  0.4388E-04
 -4.408  0.3087E-04
 -4.398  0.2148E-04
 -4.388  0.1479E-04
 -4.378  0.1007E-04
 -4.368  0.6788E-05
 -4.358  0.4525E-05
 -4.348  0.2984E-05
 -4.338  0.1947E-05
 -4.328  0.1256E-05
 -4.318  0.8021E-06
 -4.308  0.5066E-06
 -4.298  0.3166E-06
 -4.288  0.1957E-06
 -4.278  0.1197E-06
 -4.268  0.7239E-07
 -4.258  0.4332E-07
 -4.248  0.2564E-07
 -4.238  0.1502E-07
 -4.228  0.8701E-08
 -4.218  0.4987E-08
 -4.208  0.2828E-08
 -4.198  0.1586E-08
 -4.188  0.8800E-09
 -4.178  0.4831E-09
 -4.168  0.2623E-09
 -4.158  0.1409E-09
 -4.148  0.7488E-10
 -4.138  0.3936E-10
 -4.128  0.2047E-10
 -4.118  0.1053E-10
 -4.108  0.5360E-11
 -4.098  0.2698E-11
 -4.088  0.1344E-11
 -4.078  0.6622E-12
 -4.068  0.3228E-12
 -4.058  0.1556E-12
 -4.048  0.7423E-13
 -4.038  0.3503E-13
 -4.028  0.1635E-13
 -4.018  0.7550E-14
 -4.008  0.3449E-14
 -3.998  0.1559E-14
 -3.988  0.6968E-15
 -3.978  0.3082E-15
 -3.968  0.1348E-15
 -3.958  0.5835E-16
 -3.948  0.2498E-16
 -3.938  0.1058E-16
 -3.928  0.4433E-17
 -3.918  0.1838E-17
 -3.908  0.7535E-18
 -3.898  0.3056E-18
 -3.888  0.1226E-18
 -3.878  0.4869E-19
 -3.868  0.1912E-19
 -3.858  0.7427E-20
 -3.848  0.2854E-20
 -3.838  0.1085E-20
 -3.828  0.4081E-21
 -3.818  0.1518E-21
 -3.808  0.5588E-22
 -3.798  0.2035E-22
 -3.788  0.7328E-23
 -3.778  0.2611E-23
 -3.768  0.9204E-24
 -3.758  0.3209E-24
 -3.748  0.1107E-24
 -3.738  0.3778E-25
 -3.728  0.1275E-25
 -3.718  0.4258E-26
 -3.708  0.1407E-26
 -3.698  0.4598E-27
 -3.688  0.1486E-27
 -3.678  0.4754E-28
 -3.668  0.1504E-28
 -3.658  0.4707E-29
 -3.648  0.1457E-29
 -3.638  0.4464E-30
 -3.628  0.1353E-30
 -3.618  0.4055E-31
 -3.608  0.1202E-31
 -3.598  0.3527E-32
 -3.588  0.1023E-32
 -3.578  0.2938E-33
 -3.568  0.8343E-34
 -3.558  0.2344E-34
 -3.548  0.6514E-35
 -3.538  0.1791E-35
 -3.528  0.4871E-36
 -3.518  0.1311E-36
 -3.508  0.3488E-37
 -3.498  0.9184E-38
 -3.488  0.2392E-38
 -3.478  0.6164E-39
 -3.468  0.1571E-39
 -3.458  0.3962E-40
 -3.448  0.9884E-41
 -3.438  0.2439E-41
 -3.428  0.5954E-42
 -3.418  0.1438E-42
 -3.408  0.3435E-43
 -3.398  0.8119E-44
 -3.388  0.1898E-44
 -3.378  0.4390E-45
 -3.368  0.1004E-45
 -3.358  0.2273E-46
 -3.348  0.5091E-47
 -3.338  0.1128E-47
 -3.328  0.2471E-48
 -3.318  0.5356E-49
 -3.308  0.1148E-49
 -3.298  0.2436E-50
 -3.288  0.5113E-51
 -3.278  0.1061E-51
 -3.268  0.2180E-52
 -3.258  0.4429E-53
 -3.248  0.8900E-54
 -3.238  0.1770E-54
 -3.228  0.3480E-55
 -3.218  0.6772E-56
 -3.208  0.1303E-56
 -3.198  0.2482E-57
 -3.188  0.4675E-58
 -3.178  0.8711E-59
 -3.168  0.1606E-59
 -3.158  0.2928E-60
 -3.148  0.5283E-61
 -3.138  0.9427E-62
 -3.128  0.1664E-62
 -3.118  0.2907E-63
 -3.108  0.5022E-64
 -3.098  0.8583E-65
 -3.088  0.1451E-65
 -3.078  0.2427E-66
 -3.068  0.4016E-67
 -3.058  0.6573E-68
 -3.048  0.1064E-68
 -3.038  0.1705E-69
 -3.028  0.2702E-70
 -3.018  0.4235E-71
 -3.008  0.6568E-72
 -2.998  0.1012E-72
 -2.988  0.1797E-73
 -2.978  0.2008E-73
 -2.968  0.1170E-72
 -2.958  0.7569E-72
 -2.948  0.4857E-71
 -2.938  0.3084E-70
 -2.928  0.1937E-69
 -2.918  0.1204E-68
 -2.908  0.7399E-68
 -2.898  0.4499E-67
 -2.888  0.2707E-66
 -2.878  0.1611E-65
 -2.868  0.9481E-65
 -2.858  0.5522E-64
 -2.848  0.3181E-63
 -2.838  0.1813E-62
 -2.828  0.1022E-61
 -2.818  0.5701E-61
 -2.808  0.3145E-60
 -2.798  0.1717E-59
 -2.788  0.9269E-59
 -2.778  0.4951E-58
 -2.768  0.2616E-57
 -2.758  0.1368E-56
 -2.748  0.7072E-56
 -2.738  0.3618E-55
 -2.728  0.1831E-54
 -2.718  0.9164E-54
 -2.708  0.4539E-53
 -2.698  0.2224E-52
 -2.688  0.1078E-51
 -2.678  0.5167E-51
 -2.668  0.2450E-50
 -2.658  0.1150E-49
 -2.648  0.5336E-49
 -2.638  0.2450E-48
 -2.628  0.1113E-47
 -2.618  0.5001E-47
 -2.608  0.2223E-46
 -2.598  0.9776E-46
 -2.588  0.4253E-45
 -2.578  0.1830E-44
 -2.568  0.7791E-44
 -2.558  0.3281E-43
 -2.548  0.1367E-42
 -2.538  0.5634E-42
 -2.528  0.2297E-41
 -2.518  0.9265E-41
 -2.508  0.3697E-40
 -2.498  0.1459E-39
 -2.488  0.5697E-39
 -2.478  0.2201E-38
 -2.468  0.8409E-38
 -2.458  0.3179E-37
 -2.448  0.1189E-36
 -2.438  0.4397E-36
 -2.428  0.1609E-35
 -2.418  0.5826E-35
 -2.408  0.2086E-34
 -2.398  0.7392E-34
 -2.388  0.2591E-33
 -2.378  0.8983E-33
 -2.368  0.3081E-32
 -2.358  0.1045E-31
 -2.348  0.3509E-31
 -2.338  0.1165E-30
 -2.328  0.3827E-30
 -2.318  0.1244E-29
 -2.308  0.3998E-29
 -2.298  0.1271E-28
 -2.288  0.3999E-28
 -2.278  0.1245E-27
 -2.268  0.3832E-27
 -2.258  0.1167E-26
 -2.248  0.3516E-26
 -2.238  0.1048E-25
 -2.228  0.3090E-25
 -2.218  0.9011E-25
 -2.208  0.2600E-24
 -2.198  0.7422E-24
 -2.188  0.2096E-23
 -2.178  0.5854E-23
 -2.168  0.1618E-22
 -2.158  0.4422E-22
 -2.148  0.1196E-21
 -2.138  0.3199E-21
 -2.128  0.8467E-21
 -2.118  0.2217E-20
 -2.108  0.5741E-20
 -2.098  0.1471E-19
 -2.088  0.3728E-19
 -2.078  0.9348E-19
 -2.068  0.2319E-18
 -2.058  0.5689E-18
 -2.048  0.1381E-17
 -2.038  0.3316E-17
 -2.028  0.7877E-17
 -2.018  0.1851E-16
 -2.008  0.4303E-16
 -1.998  0.9897E-16
 -1.988  0.2252E-15
 -1.978  0.5067E-15
 -1.968  0.1128E-14
 -1.958  0.2485E-14
 -1.948  0.5414E-14
 -1.938  0.1167E-13
 -1.928  0.2489E-13
 -1.918  0.5249E-13
 -1.908  0.1095E-12
 -1.898  0.2261E-12
 -1.888  0.4618E-12
 -1.878  0.9330E-12
 -1.868  0.1865E-11
 -1.858  0.3687E-11
 -1.848  0.7212E-11
 -1.838  0.1395E-10
 -1.828  0.2671E-10
 -1.818  0.5058E-10
 -1.808  0.9477E-10
 -1.798  0.1756E-09
 -1.788  0.3220E-09
 -1.778  0.5841E-09
 -1.768  0.1048E-08
 -1.758  0.1861E-08
 -1.748  0.3268E-08
 -1.738  0.5679E-08
 -1.728  0.9761E-08
 -1.718  0.1660E-07
 -1.708  0.2793E-07
 -1.698  0.4650E-07
 -1.688  0.7658E-07
 -1.678  0.1248E-06
 -1.668  0.2012E-06
 -1.658  0.3209E-06
 -1.648  0.5065E-06
 -1.638  0.7909E-06
 -1.628  0.1222E-05
 -1.618  0.1869E-05
 -1.608  0.2827E-05
 -1.598  0.4233E-05
 -1.588  0.6272E-05
 -1.578  0.9196E-05
 -1.568  0.1335E-04
 -1.558  0.1917E-04
 -1.548  0.2725E-04
 -1.538  0.3835E-04
 -1.528  0.5343E-04
 -1.518  0.7368E-04
 -1.508  0.1006E-03
 -1.498  0.1360E-03
 -1.488  0.1821E-03
 -1.478  0.2415E-03
 -1.468  0.3172E-03
 -1.458  0.4127E-03
 -1.448  0.5319E-03
 -1.438  0.6793E-03
 -1.428  0.8597E-03
 -1.418  0.1078E-02
 -1.408  0.1341E-02
 -1.398  0.1653E-02
 -1.388  0.2021E-02
 -1.378  0.2450E-02
 -1.368  0.2946E-02
 -1.358  0.3514E-02
 -1.348  0.4159E-02
 -1.338  0.4884E-02
 -1.328  0.5692E-02
 -1.318  0.6584E-02
 -1.308  0.7558E-02
 -1.298  0.8613E-02
 -1.288  0.9743E-02
 -1.278  0.1094E-01
 -1.268  0.1219E-01
 -1.258  0.1349E-01
 -1.248  0.1481E-01
 -1.238  0.1615E-01
 -1.228  0.1746E-01
 -1.218  0.1874E-01
 -1.208  0.1995E-01
 -1.198  0.2107E-01
 -1.188  0.2207E-01
 -1.178  0.2293E-01
 -1.168  0.2362E-01
 -1.158  0.2412E-01
 -1.148  0.2442E-01
 -1.138  0.2450E-01
 -1.128  0.2436E-01
 -1.118  0.2400E-01
 -1.108  0.2342E-01
 -1.098  0.2264E-01
 -1.088  0.2168E-01
 -1.078  0.2056E-01
 -1.068  0.1931E-01
 -1.058  0.1796E-01
 -1.048  0.1653E-01
 -1.038  0.1507E-01
 -1.028  0.1360E-01
 -1.018  0.1215E-01
 -1.008  0.1074E-01
 -0.998  0.9403E-02
 -0.988  0.8148E-02
 -0.978  0.6992E-02
 -0.968  0.5942E-02
 -0.958  0.5004E-02
 -0.948  0.4181E-02
 -0.938  0.3469E-02
 -0.928  0.2868E-02
 -0.918  0.2371E-02
 -0.908  0.1974E-02
 -0.898  0.1670E-02
 -0.888  0.1455E-02
 -0.878  0.1322E-02
 -0.868  0.1269E-02
 -0.858  0.1292E-02
 -0.848  0.1389E-02
 -0.838  0.1559E-02
 -0.828  0.1803E-02
 -0.818  0.2120E-02
 -0.808  0.2511E-02
 -0.798  0.2975E-02
 -0.788  0.3512E-02
 -0.778  0.4119E-02
 -0.768  0.4792E-02
 -0.758  0.5525E-02
 -0.748  0.6310E-02
 -0.738  0.7137E-02
 -0.728  0.7994E-02
 -0.718  0.8865E-02
 -0.708  0.9736E-02
 -0.698  0.1059E-01
 -0.688  0.1141E-01
 -0.678  0.1219E-01
 -0.668  0.1290E-01
 -0.658  0.1354E-01
 -0.648  0.1410E-01
 -0.638  0.1458E-01
 -0.628  0.1497E-01
 -0.618  0.1528E-01
 -0.608  0.1553E-01
 -0.598  0.1571E-01
 -0.588  0.1585E-01
 -0.578  0.1597E-01
 -0.568  0.1608E-01
 -0.558  0.1620E-01
 -0.548  0.1634E-01
 -0.538  0.1651E-01
 -0.528  0.1673E-01
 -0.518  0.1700E-01
 -0.508  0.1732E-01
 -0.498  0.1768E-01
 -0.488  0.1808E-01
 -0.478  0.1849E-01
 -0.468  0.1890E-01
 -0.458  0.1928E-01
 -0.448  0.1963E-01
 -0.438  0.1991E-01
 -0.428  0.2012E-01
 -0.418  0.2022E-01
 -0.408  0.2020E-01
 -0.398  0.2007E-01
 -0.388  0.1981E-01
 -0.378  0.1942E-01
 -0.368  0.1891E-01
 -0.358  0.1828E-01
 -0.348  0.1756E-01
 -0.338  0.1676E-01
 -0.328  0.1590E-01
 -0.318  0.1499E-01
 -0.308  0.1406E-01
 -0.298  0.1312E-01
 -0.288  0.1221E-01
 -0.278  0.1132E-01
 -0.268  0.1048E-01
 -0.258  0.9688E-02
 -0.248  0.8959E-02
 -0.238  0.8295E-02
 -0.228  0.7696E-02
 -0.218  0.7160E-02
 -0.208  0.6681E-02
 -0.198  0.6256E-02
 -0.188  0.5875E-02
 -0.178  0.5533E-02
 -0.168  0.5222E-02
 -0.158  0.4936E-02
 -0.148  0.4668E-02
 -0.138  0.4415E-02
 -0.128  0.4174E-02
 -0.118  0.3944E-02
 -0.108  0.3726E-02
 -0.098  0.3522E-02
 -0.088  0.3335E-02
 -0.078  0.3171E-02
 -0.068  0.3033E-02
 -0.058  0.2929E-02
 -0.048  0.2863E-02
 -0.038  0.2842E-02
 -0.028  0.2870E-02
 -0.018  0.2951E-02
 -0.008  0.3088E-02
  0.002  0.3283E-02
  0.012  0.3535E-02
  0.022  0.3843E-02
  0.032  0.4205E-02
  0.042  0.4615E-02
  0.052  0.5068E-02
  0.062  0.5556E-02
  0.072  0.6070E-02
  0.082  0.6601E-02
  0.092  0.7139E-02
  0.102  0.7673E-02
  0.112  0.8193E-02
  0.122  0.8688E-02
  0.132  0.9147E-02
  0.142  0.9562E-02
  0.152  0.9926E-02
  0.162  0.1023E-01
  0.172  0.1047E-01
  0.182  0.1064E-01
  0.192  0.1075E-01
  0.202  0.1078E-01
  0.212  0.1075E-01
  0.222  0.1066E-01
  0.232  0.1051E-01
  0.242  0.1031E-01
  0.252  0.1008E-01
  0.262  0.9806E-02
  0.272  0.9513E-02
  0.282  0.9206E-02
  0.292  0.8896E-02
  0.302  0.8588E-02
  0.312  0.8291E-02
  0.322  0.8008E-02
  0.332  0.7743E-02
  0.342  0.7498E-02
  0.352  0.7273E-02
  0.362  0.7065E-02
  0.372  0.6870E-02
  0.382  0.6685E-02
  0.392  0.6504E-02
  0.402  0.6321E-02
  0.412  0.6131E-02
  0.422  0.5930E-02
  0.432  0.5713E-02
  0.442  0.5477E-02
  0.452  0.5222E-02
  0.462  0.4947E-02
  0.472  0.4654E-02
  0.482  0.4344E-02
  0.492  0.4022E-02
  0.502  0.3693E-02
  0.512  0.3360E-02
  0.522  0.3029E-02
  0.532  0.2705E-02
  0.542  0.2392E-02
  0.552  0.2095E-02
  0.562  0.1816E-02
  0.572  0.1558E-02
  0.582  0.1324E-02
  0.592  0.1113E-02
  0.602  0.9259E-03
  0.612  0.7624E-03
  0.622  0.6212E-03
  0.632  0.5008E-03
  0.642  0.3996E-03
  0.652  0.3154E-03
  0.662  0.2463E-03
  0.672  0.1904E-03
  0.682  0.1456E-03
  0.692  0.1101E-03
  0.702  0.8244E-04
  0.712  0.6105E-04
  0.722  0.4474E-04
  0.732  0.3243E-04
  0.742  0.2326E-04
  0.752  0.1651E-04
  0.762  0.1159E-04
  0.772  0.8051E-05
  0.782  0.5533E-05
  0.792  0.3762E-05
  0.802  0.2531E-05
  0.812  0.1684E-05
  0.822  0.1109E-05
  0.832  0.7226E-06
  0.842  0.4657E-06
