 -5.548  0.2903E-06
 -5.538  0.4487E-06
 -5.528  0.6863E-06
 -5.518  0.1038E-05
 -5.508  0.1554E-05
 -5.498  0.2301E-05
 -5.488  0.3370E-05
 -5.478  0.4884E-05
 -5.468  0.7001E-05
 -5.458  0.9929E-05
 -5.448  0.1393E-04
 -5.438  0.1934E-04
 -5.428  0.2655E-04
 -5.418  0.3607E-04
 -5.408  0.4848E-04
 -5.398  0.6446E-04
 -5.388  0.8480E-04
 -5.378  0.1104E-03
 -5.368  0.1422E-03
 -5.358  0.1811E-03
 -5.348  0.2284E-03
 -5.338  0.2850E-03
 -5.328  0.3518E-03
 -5.318  0.4299E-03
 -5.308  0.5199E-03
 -5.298  0.6223E-03
 -5.288  0.7374E-03
 -5.278  0.8650E-03
 -5.268  0.1005E-02
 -5.258  0.1156E-02
 -5.248  0.1317E-02
 -5.238  0.1487E-02
 -5.228  0.1664E-02
 -5.218  0.1846E-02
 -5.208  0.2031E-02
 -5.198  0.2218E-02
 -5.188  0.2404E-02
 -5.178  0.2588E-02
 -5.168  0.2769E-02
 -5.158  0.2948E-02
 -5.148  0.3123E-02
 -5.138  0.3298E-02
 -5.128  0.3472E-02
 -5.118  0.3649E-02
 -5.108  0.3830E-02
 -5.098  0.4020E-02
 -5.088  0.4222E-02
 -5.078  0.4438E-02
 -5.068  0.4673E-02
 -5.058  0.4929E-02
 -5.048  0.5209E-02
 -5.038  0.5513E-02
 -5.028  0.5843E-02
 -5.018  0.6199E-02
 -5.008  0.6579E-02
 -4.998  0.6980E-02
 -4.988  0.7400E-02
 -4.978  0.7833E-02
 -4.968  0.8275E-02
 -4.958  0.8718E-02
 -4.948  0.9155E-02
 -4.938  0.9580E-02
 -4.928  0.9985E-02
 -4.918  0.1036E-01
 -4.908  0.1070E-01
 -4.898  0.1100E-01
 -4.888  0.1125E-01
 -4.878  0.1144E-01
 -4.868  0.1158E-01
 -4.858  0.1166E-01
 -4.848  0.1168E-01
 -4.838  0.1163E-01
 -4.828  0.1152E-01
 -4.818  0.1135E-01
 -4.808  0.1113E-01
 -4.798  0.1085E-01
 -4.788  0.1053E-01
 -4.778  0.1016E-01
 -4.768  0.9751E-02
 -4.758  0.9309E-02
 -4.748  0.8839E-02
 -4.738  0.8345E-02
 -4.728  0.7834E-02
 -4.718  0.7309E-02
 -4.708  0.6778E-02
 -4.698  0.6246E-02
 -4.688  0.5716E-02
 -4.678  0.5196E-02
 -4.668  0.4688E-02
 -4.658  0.4199E-02
 -4.648  0.3732E-02
 -4.638  0.3290E-02
 -4.628  0.2876E-02
 -4.618  0.2494E-02
 -4.608  0.2143E-02
 -4.598  0.1825E-02
 -4.588  0.1541E-02
 -4.578  0.1288E-02
 -4.568  0.1067E-02
 -4.558  0.8753E-03
 -4.548  0.7111E-03
 -4.538  0.5720E-03
 -4.528  0.4556E-03
 -4.518  0.3592E-03
 -4.508  0.2803E-03
 -4.498  0.2166E-03
 -4.488  0.1656E-03
 -4.478  0.1253E-03
 -4.468  0.9383E-04
 -4.458  0.6954E-04
 -4.448  0.5099E-04
 -4.438  0.3700E-04
 -4.428  0.2657E-04
 -4.418  0.1887E-04
 -4.408  0.1327E-04
 -4.398  0.9226E-05
 -4.388  0.6348E-05
 -4.378  0.4322E-05
 -4.368  0.2911E-05
 -4.358  0.1940E-05
 -4.348  0.1279E-05
 -4.338  0.8339E-06
 -4.328  0.5380E-06
 -4.318  0.3434E-06
 -4.308  0.2169E-06
 -4.298  0.1355E-06
 -4.288  0.8374E-07
 -4.278  0.5120E-07
 -4.268  0.3097E-07
 -4.258  0.1853E-07
 -4.248  0.1097E-07
 -4.238  0.6424E-08
 -4.228  0.3722E-08
 -4.218  0.2133E-08
 -4.208  0.1209E-08
 -4.198  0.6782E-09
 -4.188  0.3763E-09
 -4.178  0.2065E-09
 -4.168  0.1122E-09
 -4.158  0.6025E-10
 -4.148  0.3201E-10
 -4.138  0.1683E-10
 -4.128  0.8752E-11
 -4.118  0.4502E-11
 -4.108  0.2291E-11
 -4.098  0.1154E-11
 -4.088  0.5746E-12
 -4.078  0.2831E-12
 -4.068  0.1380E-12
 -4.058  0.6653E-13
 -4.048  0.3173E-13
 -4.038  0.1497E-13
 -4.028  0.6990E-14
 -4.018  0.3228E-14
 -4.008  0.1474E-14
 -3.998  0.6663E-15
 -3.988  0.2979E-15
 -3.978  0.1317E-15
 -3.968  0.5763E-16
 -3.958  0.2494E-16
 -3.948  0.1068E-16
 -3.938  0.4523E-17
 -3.928  0.1895E-17
 -3.918  0.7856E-18
 -3.908  0.3221E-18
 -3.898  0.1307E-18
 -3.888  0.5243E-19
 -3.878  0.2081E-19
 -3.868  0.8173E-20
 -3.858  0.3175E-20
 -3.848  0.1220E-20
 -3.838  0.4639E-21
 -3.828  0.1745E-21
 -3.818  0.6490E-22
 -3.808  0.2389E-22
 -3.798  0.8697E-23
 -3.788  0.3133E-23
 -3.778  0.1116E-23
 -3.768  0.3934E-24
 -3.758  0.1372E-24
 -3.748  0.4732E-25
 -3.738  0.1615E-25
 -3.728  0.5451E-26
 -3.718  0.1820E-26
 -3.708  0.6014E-27
 -3.698  0.1965E-27
 -3.688  0.6354E-28
 -3.678  0.2032E-28
 -3.668  0.6429E-29
 -3.658  0.2012E-29
 -3.648  0.6230E-30
 -3.638  0.1908E-30
 -3.628  0.5782E-31
 -3.618  0.1733E-31
 -3.608  0.5140E-32
 -3.598  0.1508E-32
 -3.588  0.4375E-33
 -3.578  0.1256E-33
 -3.568  0.3567E-34
 -3.558  0.1002E-34
 -3.548  0.2785E-35
 -3.538  0.7656E-36
 -3.528  0.2082E-36
 -3.518  0.5602E-37
 -3.508  0.1491E-37
 -3.498  0.3926E-38
 -3.488  0.1023E-38
 -3.478  0.2635E-39
 -3.468  0.6717E-40
 -3.458  0.1694E-40
 -3.448  0.4225E-41
 -3.438  0.1043E-41
 -3.428  0.2545E-42
 -3.418  0.6147E-43
 -3.408  0.1468E-43
 -3.398  0.3470E-44
 -3.388  0.8114E-45
 -3.378  0.1877E-45
 -3.368  0.4294E-46
 -3.358  0.9718E-47
 -3.348  0.2176E-47
 -3.338  0.4820E-48
 -3.328  0.1056E-48
 -3.318  0.2289E-49
 -3.308  0.4909E-50
 -3.298  0.1041E-50
 -3.288  0.2186E-51
 -3.278  0.4537E-52
 -3.268  0.9318E-53
 -3.258  0.1893E-53
 -3.248  0.3805E-54
 -3.238  0.7564E-55
 -3.228  0.1488E-55
 -3.218  0.2895E-56
 -3.208  0.5572E-57
 -3.198  0.1061E-57
 -3.188  0.1998E-58
 -3.178  0.3724E-59
 -3.168  0.6864E-60
 -3.158  0.1252E-60
 -3.148  0.2258E-61
 -3.138  0.4030E-62
 -3.128  0.7114E-63
 -3.118  0.1242E-63
 -3.108  0.2147E-64
 -3.098  0.3669E-65
 -3.088  0.6203E-66
 -3.078  0.1037E-66
 -3.068  0.1717E-67
 -3.058  0.2810E-68
 -3.048  0.4550E-69
 -3.038  0.7288E-70
 -3.028  0.1155E-70
 -3.018  0.1810E-71
 -3.008  0.2808E-72
 -2.998  0.4316E-73
 -2.988  0.7124E-74
 -2.978  0.4879E-74
 -2.968  0.2571E-73
 -2.958  0.1659E-72
 -2.948  0.1065E-71
 -2.938  0.6759E-71
 -2.928  0.4245E-70
 -2.918  0.2638E-69
 -2.908  0.1622E-68
 -2.898  0.9860E-68
 -2.888  0.5931E-67
 -2.878  0.3530E-66
 -2.868  0.2078E-65
 -2.858  0.1210E-64
 -2.848  0.6971E-64
 -2.838  0.3973E-63
 -2.828  0.2240E-62
 -2.818  0.1249E-61
 -2.808  0.6893E-61
 -2.798  0.3762E-60
 -2.788  0.2031E-59
 -2.778  0.1085E-58
 -2.768  0.5733E-58
 -2.758  0.2997E-57
 -2.748  0.1550E-56
 -2.738  0.7928E-56
 -2.728  0.4012E-55
 -2.718  0.2008E-54
 -2.708  0.9946E-54
 -2.698  0.4873E-53
 -2.688  0.2362E-52
 -2.678  0.1132E-51
 -2.668  0.5370E-51
 -2.658  0.2520E-50
 -2.648  0.1169E-49
 -2.638  0.5370E-49
 -2.628  0.2439E-48
 -2.618  0.1096E-47
 -2.608  0.4872E-47
 -2.598  0.2142E-46
 -2.588  0.9320E-46
 -2.578  0.4011E-45
 -2.568  0.1707E-44
 -2.558  0.7191E-44
 -2.548  0.2996E-43
 -2.538  0.1235E-42
 -2.528  0.5034E-42
 -2.518  0.2030E-41
 -2.508  0.8101E-41
 -2.498  0.3198E-40
 -2.488  0.1249E-39
 -2.478  0.4823E-39
 -2.468  0.1843E-38
 -2.458  0.6966E-38
 -2.448  0.2605E-37
 -2.438  0.9637E-37
 -2.428  0.3527E-36
 -2.418  0.1277E-35
 -2.408  0.4572E-35
 -2.398  0.1620E-34
 -2.388  0.5678E-34
 -2.378  0.1969E-33
 -2.368  0.6752E-33
 -2.358  0.2291E-32
 -2.348  0.7690E-32
 -2.338  0.2553E-31
 -2.328  0.8387E-31
 -2.318  0.2725E-30
 -2.308  0.8761E-30
 -2.298  0.2786E-29
 -2.288  0.8765E-29
 -2.278  0.2728E-28
 -2.268  0.8397E-28
 -2.258  0.2557E-27
 -2.248  0.7705E-27
 -2.238  0.2296E-26
 -2.228  0.6771E-26
 -2.218  0.1975E-25
 -2.208  0.5698E-25
 -2.198  0.1627E-24
 -2.188  0.4593E-24
 -2.178  0.1283E-23
 -2.168  0.3545E-23
 -2.158  0.9692E-23
 -2.148  0.2621E-22
 -2.138  0.7012E-22
 -2.128  0.1856E-21
 -2.118  0.4858E-21
 -2.108  0.1258E-20
 -2.098  0.3224E-20
 -2.088  0.8171E-20
 -2.078  0.2049E-19
 -2.068  0.5082E-19
 -2.058  0.1247E-18
 -2.048  0.3027E-18
 -2.038  0.7269E-18
 -2.028  0.1727E-17
 -2.018  0.4058E-17
 -2.008  0.9433E-17
 -1.998  0.2170E-16
 -1.988  0.4936E-16
 -1.978  0.1111E-15
 -1.968  0.2474E-15
 -1.958  0.5448E-15
 -1.948  0.1187E-14
 -1.938  0.2559E-14
 -1.928  0.5457E-14
 -1.918  0.1151E-13
 -1.908  0.2403E-13
 -1.898  0.4960E-13
 -1.888  0.1013E-12
 -1.878  0.2047E-12
 -1.868  0.4092E-12
 -1.858  0.8091E-12
 -1.848  0.1583E-11
 -1.838  0.3063E-11
 -1.828  0.5865E-11
 -1.818  0.1111E-10
 -1.808  0.2082E-10
 -1.798  0.3859E-10
 -1.788  0.7078E-10
 -1.778  0.1284E-09
 -1.768  0.2306E-09
 -1.758  0.4095E-09
 -1.748  0.7196E-09
 -1.738  0.1251E-08
 -1.728  0.2152E-08
 -1.718  0.3662E-08
 -1.708  0.6166E-08
 -1.698  0.1027E-07
 -1.688  0.1694E-07
 -1.678  0.2763E-07
 -1.668  0.4459E-07
 -1.658  0.7122E-07
 -1.648  0.1126E-06
 -1.638  0.1761E-06
 -1.628  0.2726E-06
 -1.618  0.4176E-06
 -1.608  0.6333E-06
 -1.598  0.9506E-06
 -1.588  0.1412E-05
 -1.578  0.2077E-05
 -1.568  0.3025E-05
 -1.558  0.4361E-05
 -1.548  0.6226E-05
 -1.538  0.8803E-05
 -1.528  0.1232E-04
 -1.518  0.1709E-04
 -1.508  0.2348E-04
 -1.498  0.3196E-04
 -1.488  0.4310E-04
 -1.478  0.5761E-04
 -1.468  0.7631E-04
 -1.458  0.1002E-03
 -1.448  0.1305E-03
 -1.438  0.1684E-03
 -1.428  0.2156E-03
 -1.418  0.2737E-03
 -1.408  0.3448E-03
 -1.398  0.4308E-03
 -1.388  0.5342E-03
 -1.378  0.6573E-03
 -1.368  0.8026E-03
 -1.358  0.9726E-03
 -1.348  0.1170E-02
 -1.338  0.1397E-02
 -1.328  0.1655E-02
 -1.318  0.1947E-02
 -1.308  0.2272E-02
 -1.298  0.2632E-02
 -1.288  0.3026E-02
 -1.278  0.3452E-02
 -1.268  0.3907E-02
 -1.258  0.4387E-02
 -1.248  0.4885E-02
 -1.238  0.5396E-02
 -1.228  0.5910E-02
 -1.218  0.6418E-02
 -1.208  0.6909E-02
 -1.198  0.7372E-02
 -1.188  0.7796E-02
 -1.178  0.8170E-02
 -1.168  0.8483E-02
 -1.158  0.8725E-02
 -1.148  0.8890E-02
 -1.138  0.8971E-02
 -1.128  0.8965E-02
 -1.118  0.8872E-02
 -1.108  0.8693E-02
 -1.098  0.8434E-02
 -1.088  0.8100E-02
 -1.078  0.7702E-02
 -1.068  0.7248E-02
 -1.058  0.6752E-02
 -1.048  0.6226E-02
 -1.038  0.5682E-02
 -1.028  0.5132E-02
 -1.018  0.4587E-02
 -1.008  0.4058E-02
 -0.998  0.3553E-02
 -0.988  0.3079E-02
 -0.978  0.2642E-02
 -0.968  0.2244E-02
 -0.958  0.1889E-02
 -0.948  0.1577E-02
 -0.938  0.1308E-02
 -0.928  0.1081E-02
 -0.918  0.8932E-03
 -0.908  0.7434E-03
 -0.898  0.6293E-03
 -0.888  0.5490E-03
 -0.878  0.5007E-03
 -0.868  0.4832E-03
 -0.858  0.4958E-03
 -0.848  0.5380E-03
 -0.838  0.6102E-03
 -0.828  0.7129E-03
 -0.818  0.8469E-03
 -0.808  0.1013E-02
 -0.798  0.1214E-02
 -0.788  0.1448E-02
 -0.778  0.1717E-02
 -0.768  0.2022E-02
 -0.758  0.2361E-02
 -0.748  0.2733E-02
 -0.738  0.3135E-02
 -0.728  0.3566E-02
 -0.718  0.4021E-02
 -0.708  0.4496E-02
 -0.698  0.4987E-02
 -0.688  0.5488E-02
 -0.678  0.5996E-02
 -0.668  0.6507E-02
 -0.658  0.7017E-02
 -0.648  0.7527E-02
 -0.638  0.8034E-02
 -0.628  0.8542E-02
 -0.618  0.9054E-02
 -0.608  0.9573E-02
 -0.598  0.1011E-01
 -0.588  0.1066E-01
 -0.578  0.1125E-01
 -0.568  0.1186E-01
 -0.558  0.1252E-01
 -0.548  0.1323E-01
 -0.538  0.1398E-01
 -0.528  0.1477E-01
 -0.518  0.1559E-01
 -0.508  0.1645E-01
 -0.498  0.1731E-01
 -0.488  0.1818E-01
 -0.478  0.1901E-01
 -0.468  0.1980E-01
 -0.458  0.2052E-01
 -0.448  0.2114E-01
 -0.438  0.2165E-01
 -0.428  0.2202E-01
 -0.418  0.2223E-01
 -0.408  0.2228E-01
 -0.398  0.2216E-01
 -0.388  0.2187E-01
 -0.378  0.2142E-01
 -0.368  0.2081E-01
 -0.358  0.2006E-01
 -0.348  0.1920E-01
 -0.338  0.1825E-01
 -0.328  0.1724E-01
 -0.318  0.1618E-01
 -0.308  0.1511E-01
 -0.298  0.1406E-01
 -0.288  0.1304E-01
 -0.278  0.1207E-01
 -0.268  0.1117E-01
 -0.258  0.1035E-01
 -0.248  0.9611E-02
 -0.238  0.8955E-02
 -0.228  0.8380E-02
 -0.218  0.7881E-02
 -0.208  0.7449E-02
 -0.198  0.7073E-02
 -0.188  0.6744E-02
 -0.178  0.6449E-02
 -0.168  0.6180E-02
 -0.158  0.5926E-02
 -0.148  0.5680E-02
 -0.138  0.5438E-02
 -0.128  0.5196E-02
 -0.118  0.4955E-02
 -0.108  0.4716E-02
 -0.098  0.4484E-02
 -0.088  0.4263E-02
 -0.078  0.4061E-02
 -0.068  0.3887E-02
 -0.058  0.3747E-02
 -0.048  0.3650E-02
 -0.038  0.3605E-02
 -0.028  0.3618E-02
 -0.018  0.3694E-02
 -0.008  0.3838E-02
  0.002  0.4052E-02
  0.012  0.4336E-02
  0.022  0.4690E-02
  0.032  0.5108E-02
  0.042  0.5586E-02
  0.052  0.6116E-02
  0.062  0.6690E-02
  0.072  0.7295E-02
  0.082  0.7922E-02
  0.092  0.8557E-02
  0.102  0.9187E-02
  0.112  0.9800E-02
  0.122  0.1038E-01
  0.132  0.1092E-01
  0.142  0.1141E-01
  0.152  0.1183E-01
  0.162  0.1218E-01
  0.172  0.1245E-01
  0.182  0.1263E-01
  0.192  0.1274E-01
  0.202  0.1276E-01
  0.212  0.1269E-01
  0.222  0.1256E-01
  0.232  0.1235E-01
  0.242  0.1207E-01
  0.252  0.1175E-01
  0.262  0.1138E-01
  0.272  0.1098E-01
  0.282  0.1056E-01
  0.292  0.1013E-01
  0.302  0.9698E-02
  0.312  0.9275E-02
  0.322  0.8866E-02
  0.332  0.8477E-02
  0.342  0.8110E-02
  0.352  0.7767E-02
  0.362  0.7446E-02
  0.372  0.7145E-02
  0.382  0.6861E-02
  0.392  0.6589E-02
  0.402  0.6324E-02
  0.412  0.6062E-02
  0.422  0.5797E-02
  0.432  0.5526E-02
  0.442  0.5247E-02
  0.452  0.4957E-02
  0.462  0.4657E-02
  0.472  0.4347E-02
  0.482  0.4028E-02
  0.492  0.3705E-02
  0.502  0.3380E-02
  0.512  0.3057E-02
  0.522  0.2741E-02
  0.532  0.2434E-02
  0.542  0.2142E-02
  0.552  0.1867E-02
  0.562  0.1611E-02
  0.572  0.1376E-02
  0.582  0.1164E-02
  0.592  0.9741E-03
  0.602  0.8070E-03
  0.612  0.6617E-03
  0.622  0.5370E-03
  0.632  0.4312E-03
  0.642  0.3426E-03
  0.652  0.2694E-03
  0.662  0.2096E-03
  0.672  0.1614E-03
  0.682  0.1229E-03
  0.692  0.9265E-04
  0.702  0.6909E-04
  0.712  0.5098E-04
  0.722  0.3722E-04
  0.732  0.2688E-04
  0.742  0.1921E-04
  0.752  0.1358E-04
  0.762  0.9503E-05
  0.772  0.6578E-05
  0.782  0.4504E-05
  0.792  0.3052E-05
  0.802  0.2046E-05
  0.812  0.1357E-05
  0.822  0.8904E-06
  0.832  0.5781E-06
  0.842  0.3713E-06
