 -5.548  0.2184E-09
 -5.538  0.3380E-09
 -5.528  0.5177E-09
 -5.518  0.7846E-09
 -5.508  0.1177E-08
 -5.498  0.1746E-08
 -5.488  0.2565E-08
 -5.478  0.3730E-08
 -5.468  0.5369E-08
 -5.458  0.7650E-08
 -5.448  0.1079E-07
 -5.438  0.1508E-07
 -5.428  0.2087E-07
 -5.418  0.2861E-07
 -5.408  0.3887E-07
 -5.398  0.5233E-07
 -5.388  0.6987E-07
 -5.378  0.9252E-07
 -5.368  0.1216E-06
 -5.358  0.1585E-06
 -5.348  0.2053E-06
 -5.338  0.2642E-06
 -5.328  0.3379E-06
 -5.318  0.4299E-06
 -5.308  0.5442E-06
 -5.298  0.6857E-06
 -5.288  0.8606E-06
 -5.278  0.1076E-05
 -5.268  0.1341E-05
 -5.258  0.1667E-05
 -5.248  0.2066E-05
 -5.238  0.2553E-05
 -5.228  0.3147E-05
 -5.218  0.3871E-05
 -5.208  0.4749E-05
 -5.198  0.5814E-05
 -5.188  0.7104E-05
 -5.178  0.8666E-05
 -5.168  0.1056E-04
 -5.158  0.1287E-04
 -5.148  0.1570E-04
 -5.138  0.1918E-04
 -5.128  0.2352E-04
 -5.118  0.2897E-04
 -5.108  0.3591E-04
 -5.098  0.4483E-04
 -5.088  0.5641E-04
 -5.078  0.7156E-04
 -5.068  0.9148E-04
 -5.058  0.1177E-03
 -5.048  0.1524E-03
 -5.038  0.1979E-03
 -5.028  0.2575E-03
 -5.018  0.3351E-03
 -5.008  0.4352E-03
 -4.998  0.5633E-03
 -4.988  0.7256E-03
 -4.978  0.9290E-03
 -4.968  0.1181E-02
 -4.958  0.1490E-02
 -4.948  0.1864E-02
 -4.938  0.2311E-02
 -4.928  0.2839E-02
 -4.918  0.3453E-02
 -4.908  0.4158E-02
 -4.898  0.4958E-02
 -4.888  0.5850E-02
 -4.878  0.6832E-02
 -4.868  0.7895E-02
 -4.858  0.9027E-02
 -4.848  0.1021E-01
 -4.838  0.1143E-01
 -4.828  0.1266E-01
 -4.818  0.1387E-01
 -4.808  0.1504E-01
 -4.798  0.1612E-01
 -4.788  0.1710E-01
 -4.778  0.1795E-01
 -4.768  0.1864E-01
 -4.758  0.1914E-01
 -4.748  0.1945E-01
 -4.738  0.1955E-01
 -4.728  0.1944E-01
 -4.718  0.1913E-01
 -4.708  0.1861E-01
 -4.698  0.1792E-01
 -4.688  0.1706E-01
 -4.678  0.1608E-01
 -4.668  0.1498E-01
 -4.658  0.1381E-01
 -4.648  0.1260E-01
 -4.638  0.1137E-01
 -4.628  0.1015E-01
 -4.618  0.8960E-02
 -4.608  0.7826E-02
 -4.598  0.6763E-02
 -4.588  0.5781E-02
 -4.578  0.4889E-02
 -4.568  0.4090E-02
 -4.558  0.3385E-02
 -4.548  0.2771E-02
 -4.538  0.2244E-02
 -4.528  0.1798E-02
 -4.518  0.1425E-02
 -4.508  0.1117E-02
 -4.498  0.8666E-03
 -4.488  0.6649E-03
 -4.478  0.5047E-03
 -4.468  0.3790E-03
 -4.458  0.2815E-03
 -4.448  0.2069E-03
 -4.438  0.1504E-03
 -4.428  0.1081E-03
 -4.418  0.7693E-04
 -4.408  0.5414E-04
 -4.398  0.3769E-04
 -4.388  0.2596E-04
 -4.378  0.1769E-04
 -4.368  0.1192E-04
 -4.358  0.7949E-05
 -4.348  0.5243E-05
 -4.338  0.3421E-05
 -4.328  0.2208E-05
 -4.318  0.1410E-05
 -4.308  0.8907E-06
 -4.298  0.5566E-06
 -4.288  0.3441E-06
 -4.278  0.2104E-06
 -4.268  0.1273E-06
 -4.258  0.7619E-07
 -4.248  0.4511E-07
 -4.238  0.2642E-07
 -4.228  0.1531E-07
 -4.218  0.8773E-08
 -4.208  0.4974E-08
 -4.198  0.2790E-08
 -4.188  0.1548E-08
 -4.178  0.8498E-09
 -4.168  0.4615E-09
 -4.158  0.2479E-09
 -4.148  0.1317E-09
 -4.138  0.6925E-10
 -4.128  0.3602E-10
 -4.118  0.1853E-10
 -4.108  0.9430E-11
 -4.098  0.4748E-11
 -4.088  0.2365E-11
 -4.078  0.1165E-11
 -4.068  0.5679E-12
 -4.058  0.2738E-12
 -4.048  0.1306E-12
 -4.038  0.6163E-13
 -4.028  0.2877E-13
 -4.018  0.1328E-13
 -4.008  0.6069E-14
 -3.998  0.2743E-14
 -3.988  0.1226E-14
 -3.978  0.5422E-15
 -3.968  0.2372E-15
 -3.958  0.1027E-15
 -3.948  0.4396E-16
 -3.938  0.1862E-16
 -3.928  0.7801E-17
 -3.918  0.3233E-17
 -3.908  0.1326E-17
 -3.898  0.5378E-18
 -3.888  0.2158E-18
 -3.878  0.8566E-19
 -3.868  0.3364E-19
 -3.858  0.1307E-19
 -3.848  0.5022E-20
 -3.838  0.1909E-20
 -3.828  0.7181E-21
 -3.818  0.2672E-21
 -3.808  0.9832E-22
 -3.798  0.3580E-22
 -3.788  0.1289E-22
 -3.778  0.4594E-23
 -3.768  0.1619E-23
 -3.758  0.5647E-24
 -3.748  0.1948E-24
 -3.738  0.6647E-25
 -3.728  0.2244E-25
 -3.718  0.7493E-26
 -3.708  0.2475E-26
 -3.698  0.8090E-27
 -3.688  0.2615E-27
 -3.678  0.8364E-28
 -3.668  0.2646E-28
 -3.658  0.8283E-29
 -3.648  0.2565E-29
 -3.638  0.7855E-30
 -3.628  0.2380E-30
 -3.618  0.7134E-31
 -3.608  0.2116E-31
 -3.598  0.6206E-32
 -3.588  0.1801E-32
 -3.578  0.5170E-33
 -3.568  0.1468E-33
 -3.558  0.4124E-34
 -3.548  0.1146E-34
 -3.538  0.3151E-35
 -3.528  0.8571E-36
 -3.518  0.2306E-36
 -3.508  0.6137E-37
 -3.498  0.1616E-37
 -3.488  0.4209E-38
 -3.478  0.1085E-38
 -3.468  0.2765E-39
 -3.458  0.6971E-40
 -3.448  0.1739E-40
 -3.438  0.4292E-41
 -3.428  0.1048E-41
 -3.418  0.2530E-42
 -3.408  0.6045E-43
 -3.398  0.1429E-43
 -3.388  0.3340E-44
 -3.378  0.7725E-45
 -3.368  0.1767E-45
 -3.358  0.4000E-46
 -3.348  0.8957E-47
 -3.338  0.1984E-47
 -3.328  0.4347E-48
 -3.318  0.9424E-49
 -3.308  0.2021E-49
 -3.298  0.4287E-50
 -3.288  0.8996E-51
 -3.278  0.1868E-51
 -3.268  0.3835E-52
 -3.258  0.7792E-53
 -3.248  0.1566E-53
 -3.238  0.3114E-54
 -3.228  0.6124E-55
 -3.218  0.1192E-55
 -3.208  0.2293E-56
 -3.198  0.4367E-57
 -3.188  0.8226E-58
 -3.178  0.1533E-58
 -3.168  0.2826E-59
 -3.158  0.5153E-60
 -3.148  0.9295E-61
 -3.138  0.1659E-61
 -3.128  0.2929E-62
 -3.118  0.5114E-63
 -3.108  0.8836E-64
 -3.098  0.1510E-64
 -3.088  0.2553E-65
 -3.078  0.4271E-66
 -3.068  0.7066E-67
 -3.058  0.1157E-67
 -3.048  0.1873E-68
 -3.038  0.3000E-69
 -3.028  0.4754E-70
 -3.018  0.7452E-71
 -3.008  0.1156E-71
 -2.998  0.1779E-72
 -2.988  0.3127E-73
 -2.978  0.3299E-73
 -2.968  0.1905E-72
 -2.958  0.1232E-71
 -2.948  0.7908E-71
 -2.938  0.5021E-70
 -2.928  0.3154E-69
 -2.918  0.1960E-68
 -2.908  0.1205E-67
 -2.898  0.7325E-67
 -2.888  0.4406E-66
 -2.878  0.2622E-65
 -2.868  0.1544E-64
 -2.858  0.8989E-64
 -2.848  0.5179E-63
 -2.838  0.2952E-62
 -2.828  0.1664E-61
 -2.818  0.9281E-61
 -2.808  0.5121E-60
 -2.798  0.2795E-59
 -2.788  0.1509E-58
 -2.778  0.8061E-58
 -2.768  0.4259E-57
 -2.758  0.2226E-56
 -2.748  0.1151E-55
 -2.738  0.5889E-55
 -2.728  0.2980E-54
 -2.718  0.1492E-53
 -2.708  0.7389E-53
 -2.698  0.3620E-52
 -2.688  0.1754E-51
 -2.678  0.8411E-51
 -2.668  0.3989E-50
 -2.658  0.1872E-49
 -2.648  0.8688E-49
 -2.638  0.3989E-48
 -2.628  0.1812E-47
 -2.618  0.8142E-47
 -2.608  0.3619E-46
 -2.598  0.1592E-45
 -2.588  0.6924E-45
 -2.578  0.2980E-44
 -2.568  0.1268E-43
 -2.558  0.5342E-43
 -2.548  0.2226E-42
 -2.538  0.9172E-42
 -2.528  0.3740E-41
 -2.518  0.1508E-40
 -2.508  0.6018E-40
 -2.498  0.2375E-39
 -2.488  0.9275E-39
 -2.478  0.3583E-38
 -2.468  0.1369E-37
 -2.458  0.5175E-37
 -2.448  0.1935E-36
 -2.438  0.7159E-36
 -2.428  0.2620E-35
 -2.418  0.9485E-35
 -2.408  0.3397E-34
 -2.398  0.1203E-33
 -2.388  0.4218E-33
 -2.378  0.1462E-32
 -2.368  0.5016E-32
 -2.358  0.1702E-31
 -2.348  0.5712E-31
 -2.338  0.1897E-30
 -2.328  0.6231E-30
 -2.318  0.2025E-29
 -2.308  0.6508E-29
 -2.298  0.2070E-28
 -2.288  0.6511E-28
 -2.278  0.2026E-27
 -2.268  0.6238E-27
 -2.258  0.1900E-26
 -2.248  0.5724E-26
 -2.238  0.1706E-25
 -2.228  0.5030E-25
 -2.218  0.1467E-24
 -2.208  0.4233E-24
 -2.198  0.1208E-23
 -2.188  0.3412E-23
 -2.178  0.9531E-23
 -2.168  0.2634E-22
 -2.158  0.7199E-22
 -2.148  0.1947E-21
 -2.138  0.5208E-21
 -2.128  0.1378E-20
 -2.118  0.3609E-20
 -2.108  0.9346E-20
 -2.098  0.2395E-19
 -2.088  0.6069E-19
 -2.078  0.1522E-18
 -2.068  0.3774E-18
 -2.058  0.9261E-18
 -2.048  0.2248E-17
 -2.038  0.5398E-17
 -2.028  0.1282E-16
 -2.018  0.3013E-16
 -2.008  0.7005E-16
 -1.998  0.1611E-15
 -1.988  0.3665E-15
 -1.978  0.8248E-15
 -1.968  0.1836E-14
 -1.958  0.4045E-14
 -1.948  0.8812E-14
 -1.938  0.1899E-13
 -1.928  0.4050E-13
 -1.918  0.8543E-13
 -1.908  0.1783E-12
 -1.898  0.3680E-12
 -1.888  0.7514E-12
 -1.878  0.1518E-11
 -1.868  0.3034E-11
 -1.858  0.5998E-11
 -1.848  0.1173E-10
 -1.838  0.2269E-10
 -1.828  0.4344E-10
 -1.818  0.8224E-10
 -1.808  0.1541E-09
 -1.798  0.2855E-09
 -1.788  0.5233E-09
 -1.778  0.9490E-09
 -1.768  0.1702E-08
 -1.758  0.3021E-08
 -1.748  0.5305E-08
 -1.738  0.9214E-08
 -1.728  0.1583E-07
 -1.718  0.2691E-07
 -1.708  0.4526E-07
 -1.698  0.7530E-07
 -1.688  0.1239E-06
 -1.678  0.2018E-06
 -1.668  0.3250E-06
 -1.658  0.5180E-06
 -1.648  0.8167E-06
 -1.638  0.1274E-05
 -1.628  0.1966E-05
 -1.618  0.3001E-05
 -1.608  0.4533E-05
 -1.598  0.6774E-05
 -1.588  0.1002E-04
 -1.578  0.1465E-04
 -1.568  0.2121E-04
 -1.558  0.3037E-04
 -1.548  0.4304E-04
 -1.538  0.6034E-04
 -1.528  0.8372E-04
 -1.518  0.1149E-03
 -1.508  0.1561E-03
 -1.498  0.2099E-03
 -1.488  0.2793E-03
 -1.478  0.3677E-03
 -1.468  0.4792E-03
 -1.458  0.6181E-03
 -1.448  0.7891E-03
 -1.438  0.9973E-03
 -1.428  0.1248E-02
 -1.418  0.1545E-02
 -1.408  0.1895E-02
 -1.398  0.2301E-02
 -1.388  0.2767E-02
 -1.378  0.3296E-02
 -1.368  0.3887E-02
 -1.358  0.4542E-02
 -1.348  0.5258E-02
 -1.338  0.6030E-02
 -1.328  0.6854E-02
 -1.318  0.7720E-02
 -1.308  0.8619E-02
 -1.298  0.9540E-02
 -1.288  0.1047E-01
 -1.278  0.1139E-01
 -1.268  0.1229E-01
 -1.258  0.1316E-01
 -1.248  0.1397E-01
 -1.238  0.1471E-01
 -1.228  0.1537E-01
 -1.218  0.1594E-01
 -1.208  0.1640E-01
 -1.198  0.1674E-01
 -1.188  0.1696E-01
 -1.178  0.1705E-01
 -1.168  0.1701E-01
 -1.158  0.1684E-01
 -1.148  0.1654E-01
 -1.138  0.1612E-01
 -1.128  0.1559E-01
 -1.118  0.1495E-01
 -1.108  0.1422E-01
 -1.098  0.1342E-01
 -1.088  0.1256E-01
 -1.078  0.1165E-01
 -1.068  0.1071E-01
 -1.058  0.9768E-02
 -1.048  0.8826E-02
 -1.038  0.7903E-02
 -1.028  0.7012E-02
 -1.018  0.6164E-02
 -1.008  0.5368E-02
 -0.998  0.4631E-02
 -0.988  0.3956E-02
 -0.978  0.3347E-02
 -0.968  0.2804E-02
 -0.958  0.2327E-02
 -0.948  0.1911E-02
 -0.938  0.1555E-02
 -0.928  0.1253E-02
 -0.918  0.9997E-03
 -0.908  0.7908E-03
 -0.898  0.6206E-03
 -0.888  0.4842E-03
 -0.878  0.3768E-03
 -0.868  0.2942E-03
 -0.858  0.2327E-03
 -0.848  0.1890E-03
 -0.838  0.1608E-03
 -0.828  0.1458E-03
 -0.818  0.1427E-03
 -0.808  0.1504E-03
 -0.798  0.1684E-03
 -0.788  0.1963E-03
 -0.778  0.2341E-03
 -0.768  0.2821E-03
 -0.758  0.3404E-03
 -0.748  0.4094E-03
 -0.738  0.4892E-03
 -0.728  0.5800E-03
 -0.718  0.6817E-03
 -0.708  0.7940E-03
 -0.698  0.9163E-03
 -0.688  0.1048E-02
 -0.678  0.1188E-02
 -0.668  0.1335E-02
 -0.658  0.1489E-02
 -0.648  0.1648E-02
 -0.638  0.1812E-02
 -0.628  0.1982E-02
 -0.618  0.2157E-02
 -0.608  0.2339E-02
 -0.598  0.2532E-02
 -0.588  0.2740E-02
 -0.578  0.2967E-02
 -0.568  0.3220E-02
 -0.558  0.3507E-02
 -0.548  0.3837E-02
 -0.538  0.4219E-02
 -0.528  0.4662E-02
 -0.518  0.5175E-02
 -0.508  0.5766E-02
 -0.498  0.6441E-02
 -0.488  0.7203E-02
 -0.478  0.8053E-02
 -0.468  0.8987E-02
 -0.458  0.9997E-02
 -0.448  0.1107E-01
 -0.438  0.1219E-01
 -0.428  0.1334E-01
 -0.418  0.1449E-01
 -0.408  0.1562E-01
 -0.398  0.1669E-01
 -0.388  0.1768E-01
 -0.378  0.1855E-01
 -0.368  0.1929E-01
 -0.358  0.1985E-01
 -0.348  0.2024E-01
 -0.338  0.2042E-01
 -0.328  0.2040E-01
 -0.318  0.2017E-01
 -0.308  0.1974E-01
 -0.298  0.1913E-01
 -0.288  0.1834E-01
 -0.278  0.1742E-01
 -0.268  0.1637E-01
 -0.258  0.1523E-01
 -0.248  0.1403E-01
 -0.238  0.1280E-01
 -0.228  0.1156E-01
 -0.218  0.1035E-01
 -0.208  0.9187E-02
 -0.198  0.8084E-02
 -0.188  0.7060E-02
 -0.178  0.6124E-02
 -0.168  0.5286E-02
 -0.158  0.4548E-02
 -0.148  0.3913E-02
 -0.138  0.3382E-02
 -0.128  0.2952E-02
 -0.118  0.2623E-02
 -0.108  0.2392E-02
 -0.098  0.2256E-02
 -0.088  0.2216E-02
 -0.078  0.2271E-02
 -0.068  0.2420E-02
 -0.058  0.2664E-02
 -0.048  0.3003E-02
 -0.038  0.3438E-02
 -0.028  0.3967E-02
 -0.018  0.4589E-02
 -0.008  0.5300E-02
  0.002  0.6094E-02
  0.012  0.6961E-02
  0.022  0.7890E-02
  0.032  0.8865E-02
  0.042  0.9869E-02
  0.052  0.1088E-01
  0.062  0.1188E-01
  0.072  0.1284E-01
  0.082  0.1373E-01
  0.092  0.1454E-01
  0.102  0.1524E-01
  0.112  0.1582E-01
  0.122  0.1625E-01
  0.132  0.1653E-01
  0.142  0.1665E-01
  0.152  0.1661E-01
  0.162  0.1642E-01
  0.172  0.1609E-01
  0.182  0.1564E-01
  0.192  0.1509E-01
  0.202  0.1446E-01
  0.212  0.1378E-01
  0.222  0.1307E-01
  0.232  0.1237E-01
  0.242  0.1170E-01
  0.252  0.1109E-01
  0.262  0.1055E-01
  0.272  0.1011E-01
  0.282  0.9765E-02
  0.292  0.9532E-02
  0.302  0.9410E-02
  0.312  0.9394E-02
  0.322  0.9477E-02
  0.332  0.9644E-02
  0.342  0.9879E-02
  0.352  0.1016E-01
  0.362  0.1047E-01
  0.372  0.1078E-01
  0.382  0.1107E-01
  0.392  0.1133E-01
  0.402  0.1152E-01
  0.412  0.1164E-01
  0.422  0.1166E-01
  0.432  0.1159E-01
  0.442  0.1142E-01
  0.452  0.1115E-01
  0.462  0.1077E-01
  0.472  0.1031E-01
  0.482  0.9768E-02
  0.492  0.9161E-02
  0.502  0.8502E-02
  0.512  0.7809E-02
  0.522  0.7098E-02
  0.532  0.6384E-02
  0.542  0.5682E-02
  0.552  0.5003E-02
  0.562  0.4359E-02
  0.572  0.3757E-02
  0.582  0.3205E-02
  0.592  0.2704E-02
  0.602  0.2258E-02
  0.612  0.1865E-02
  0.622  0.1524E-02
  0.632  0.1232E-02
  0.642  0.9856E-03
  0.652  0.7800E-03
  0.662  0.6108E-03
  0.672  0.4731E-03
  0.682  0.3626E-03
  0.692  0.2749E-03
  0.702  0.2063E-03
  0.712  0.1531E-03
  0.722  0.1124E-03
  0.732  0.8165E-04
  0.742  0.5868E-04
  0.752  0.4172E-04
  0.762  0.2935E-04
  0.772  0.2043E-04
  0.782  0.1406E-04
  0.792  0.9581E-05
  0.802  0.6457E-05
  0.812  0.4305E-05
  0.822  0.2840E-05
  0.832  0.1853E-05
  0.842  0.1197E-05
