 -5.548  0.5611E-10
 -5.538  0.8678E-10
 -5.528  0.1328E-09
 -5.518  0.2010E-09
 -5.508  0.3010E-09
 -5.498  0.4460E-09
 -5.488  0.6538E-09
 -5.478  0.9483E-09
 -5.468  0.1361E-08
 -5.458  0.1933E-08
 -5.448  0.2716E-08
 -5.438  0.3778E-08
 -5.428  0.5199E-08
 -5.418  0.7083E-08
 -5.408  0.9550E-08
 -5.398  0.1275E-07
 -5.388  0.1685E-07
 -5.378  0.2205E-07
 -5.368  0.2857E-07
 -5.358  0.3668E-07
 -5.348  0.4666E-07
 -5.338  0.5881E-07
 -5.328  0.7350E-07
 -5.318  0.9108E-07
 -5.308  0.1120E-06
 -5.298  0.1367E-06
 -5.288  0.1656E-06
 -5.278  0.1994E-06
 -5.268  0.2388E-06
 -5.258  0.2845E-06
 -5.248  0.3377E-06
 -5.238  0.3995E-06
 -5.228  0.4718E-06
 -5.218  0.5570E-06
 -5.208  0.6581E-06
 -5.198  0.7800E-06
 -5.188  0.9289E-06
 -5.178  0.1114E-05
 -5.168  0.1349E-05
 -5.158  0.1653E-05
 -5.148  0.2052E-05
 -5.138  0.2587E-05
 -5.128  0.3311E-05
 -5.118  0.4304E-05
 -5.108  0.5671E-05
 -5.098  0.7561E-05
 -5.088  0.1017E-04
 -5.078  0.1378E-04
 -5.068  0.1872E-04
 -5.058  0.2546E-04
 -5.048  0.3459E-04
 -5.038  0.4683E-04
 -5.028  0.6309E-04
 -5.018  0.8448E-04
 -5.008  0.1123E-03
 -4.998  0.1481E-03
 -4.988  0.1937E-03
 -4.978  0.2509E-03
 -4.968  0.3220E-03
 -4.958  0.4092E-03
 -4.948  0.5148E-03
 -4.938  0.6410E-03
 -4.928  0.7900E-03
 -4.918  0.9634E-03
 -4.908  0.1163E-02
 -4.898  0.1388E-02
 -4.888  0.1640E-02
 -4.878  0.1917E-02
 -4.868  0.2217E-02
 -4.858  0.2536E-02
 -4.848  0.2871E-02
 -4.838  0.3215E-02
 -4.828  0.3561E-02
 -4.818  0.3902E-02
 -4.808  0.4231E-02
 -4.798  0.4537E-02
 -4.788  0.4814E-02
 -4.778  0.5053E-02
 -4.768  0.5246E-02
 -4.758  0.5389E-02
 -4.748  0.5475E-02
 -4.738  0.5504E-02
 -4.728  0.5473E-02
 -4.718  0.5384E-02
 -4.708  0.5240E-02
 -4.698  0.5044E-02
 -4.688  0.4804E-02
 -4.678  0.4526E-02
 -4.668  0.4218E-02
 -4.658  0.3889E-02
 -4.648  0.3547E-02
 -4.638  0.3200E-02
 -4.628  0.2857E-02
 -4.618  0.2522E-02
 -4.608  0.2203E-02
 -4.598  0.1904E-02
 -4.588  0.1628E-02
 -4.578  0.1376E-02
 -4.568  0.1151E-02
 -4.558  0.9529E-03
 -4.548  0.7801E-03
 -4.538  0.6318E-03
 -4.528  0.5062E-03
 -4.518  0.4012E-03
 -4.508  0.3145E-03
 -4.498  0.2440E-03
 -4.488  0.1872E-03
 -4.478  0.1421E-03
 -4.468  0.1067E-03
 -4.458  0.7925E-04
 -4.448  0.5824E-04
 -4.438  0.4234E-04
 -4.428  0.3045E-04
 -4.418  0.2166E-04
 -4.408  0.1524E-04
 -4.398  0.1061E-04
 -4.388  0.7309E-05
 -4.378  0.4979E-05
 -4.368  0.3356E-05
 -4.358  0.2238E-05
 -4.348  0.1476E-05
 -4.338  0.9631E-06
 -4.328  0.6217E-06
 -4.318  0.3970E-06
 -4.308  0.2508E-06
 -4.298  0.1567E-06
 -4.288  0.9687E-07
 -4.278  0.5924E-07
 -4.268  0.3584E-07
 -4.258  0.2145E-07
 -4.248  0.1270E-07
 -4.238  0.7437E-08
 -4.228  0.4309E-08
 -4.218  0.2470E-08
 -4.208  0.1400E-08
 -4.198  0.7855E-09
 -4.188  0.4358E-09
 -4.178  0.2392E-09
 -4.168  0.1299E-09
 -4.158  0.6979E-10
 -4.148  0.3709E-10
 -4.138  0.1950E-10
 -4.128  0.1014E-10
 -4.118  0.5216E-11
 -4.108  0.2655E-11
 -4.098  0.1337E-11
 -4.088  0.6657E-12
 -4.078  0.3280E-12
 -4.068  0.1599E-12
 -4.058  0.7708E-13
 -4.048  0.3677E-13
 -4.038  0.1735E-13
 -4.028  0.8099E-14
 -4.018  0.3740E-14
 -4.008  0.1708E-14
 -3.998  0.7721E-15
 -3.988  0.3452E-15
 -3.978  0.1526E-15
 -3.968  0.6678E-16
 -3.958  0.2890E-16
 -3.948  0.1237E-16
 -3.938  0.5241E-17
 -3.928  0.2196E-17
 -3.918  0.9103E-18
 -3.908  0.3732E-18
 -3.898  0.1514E-18
 -3.888  0.6075E-19
 -3.878  0.2412E-19
 -3.868  0.9470E-20
 -3.858  0.3679E-20
 -3.848  0.1414E-20
 -3.838  0.5375E-21
 -3.828  0.2021E-21
 -3.818  0.7521E-22
 -3.808  0.2768E-22
 -3.798  0.1008E-22
 -3.788  0.3630E-23
 -3.778  0.1293E-23
 -3.768  0.4559E-24
 -3.758  0.1590E-24
 -3.748  0.5484E-25
 -3.738  0.1871E-25
 -3.728  0.6317E-26
 -3.718  0.2109E-26
 -3.708  0.6969E-27
 -3.698  0.2277E-27
 -3.688  0.7363E-28
 -3.678  0.2355E-28
 -3.668  0.7450E-29
 -3.658  0.2332E-29
 -3.648  0.7220E-30
 -3.638  0.2211E-30
 -3.628  0.6701E-31
 -3.618  0.2008E-31
 -3.608  0.5956E-32
 -3.598  0.1747E-32
 -3.588  0.5070E-33
 -3.578  0.1455E-33
 -3.568  0.4133E-34
 -3.558  0.1161E-34
 -3.548  0.3227E-35
 -3.538  0.8871E-36
 -3.528  0.2413E-36
 -3.518  0.6492E-37
 -3.508  0.1728E-37
 -3.498  0.4549E-38
 -3.488  0.1185E-38
 -3.478  0.3053E-39
 -3.468  0.7783E-40
 -3.458  0.1963E-40
 -3.448  0.4896E-41
 -3.438  0.1208E-41
 -3.428  0.2949E-42
 -3.418  0.7123E-43
 -3.408  0.1702E-43
 -3.398  0.4022E-44
 -3.388  0.9403E-45
 -3.378  0.2175E-45
 -3.368  0.4976E-46
 -3.358  0.1126E-46
 -3.348  0.2522E-47
 -3.338  0.5585E-48
 -3.328  0.1224E-48
 -3.318  0.2653E-49
 -3.308  0.5689E-50
 -3.298  0.1207E-50
 -3.288  0.2533E-51
 -3.278  0.5258E-52
 -3.268  0.1080E-52
 -3.258  0.2194E-53
 -3.248  0.4409E-54
 -3.238  0.8766E-55
 -3.228  0.1724E-55
 -3.218  0.3355E-56
 -3.208  0.6457E-57
 -3.198  0.1229E-57
 -3.188  0.2316E-58
 -3.178  0.4315E-59
 -3.168  0.7955E-60
 -3.158  0.1451E-60
 -3.148  0.2617E-61
 -3.138  0.4670E-62
 -3.128  0.8244E-63
 -3.118  0.1440E-63
 -3.108  0.2488E-64
 -3.098  0.4252E-65
 -3.088  0.7188E-66
 -3.078  0.1202E-66
 -3.068  0.1989E-67
 -3.058  0.3256E-68
 -3.048  0.5273E-69
 -3.038  0.8446E-70
 -3.028  0.1338E-70
 -3.018  0.2098E-71
 -3.008  0.3254E-72
 -2.998  0.5023E-73
 -2.988  0.9708E-74
 -2.978  0.1529E-73
 -2.968  0.9296E-73
 -2.958  0.6021E-72
 -2.948  0.3864E-71
 -2.938  0.2454E-70
 -2.928  0.1541E-69
 -2.918  0.9576E-69
 -2.908  0.5886E-68
 -2.898  0.3579E-67
 -2.888  0.2153E-66
 -2.878  0.1281E-65
 -2.868  0.7543E-65
 -2.858  0.4393E-64
 -2.848  0.2531E-63
 -2.838  0.1442E-62
 -2.828  0.8131E-62
 -2.818  0.4535E-61
 -2.808  0.2502E-60
 -2.798  0.1366E-59
 -2.788  0.7374E-59
 -2.778  0.3939E-58
 -2.768  0.2081E-57
 -2.758  0.1088E-56
 -2.748  0.5626E-56
 -2.738  0.2878E-55
 -2.728  0.1456E-54
 -2.718  0.7291E-54
 -2.708  0.3611E-53
 -2.698  0.1769E-52
 -2.688  0.8573E-52
 -2.678  0.4110E-51
 -2.668  0.1949E-50
 -2.658  0.9146E-50
 -2.648  0.4245E-49
 -2.638  0.1949E-48
 -2.628  0.8854E-48
 -2.618  0.3979E-47
 -2.608  0.1769E-46
 -2.598  0.7777E-46
 -2.588  0.3383E-45
 -2.578  0.1456E-44
 -2.568  0.6198E-44
 -2.558  0.2610E-43
 -2.548  0.1087E-42
 -2.538  0.4482E-42
 -2.528  0.1827E-41
 -2.518  0.7370E-41
 -2.508  0.2941E-40
 -2.498  0.1161E-39
 -2.488  0.4532E-39
 -2.478  0.1751E-38
 -2.468  0.6690E-38
 -2.458  0.2529E-37
 -2.448  0.9456E-37
 -2.438  0.3498E-36
 -2.428  0.1280E-35
 -2.418  0.4635E-35
 -2.408  0.1660E-34
 -2.398  0.5881E-34
 -2.388  0.2061E-33
 -2.378  0.7146E-33
 -2.368  0.2451E-32
 -2.358  0.8316E-32
 -2.348  0.2791E-31
 -2.338  0.9269E-31
 -2.328  0.3045E-30
 -2.318  0.9893E-30
 -2.308  0.3180E-29
 -2.298  0.1011E-28
 -2.288  0.3182E-28
 -2.278  0.9901E-28
 -2.268  0.3048E-27
 -2.258  0.9283E-27
 -2.248  0.2797E-26
 -2.238  0.8336E-26
 -2.228  0.2458E-25
 -2.218  0.7169E-25
 -2.208  0.2068E-24
 -2.198  0.5904E-24
 -2.188  0.1667E-23
 -2.178  0.4657E-23
 -2.168  0.1287E-22
 -2.158  0.3518E-22
 -2.148  0.9513E-22
 -2.138  0.2545E-21
 -2.128  0.6735E-21
 -2.118  0.1763E-20
 -2.108  0.4567E-20
 -2.098  0.1170E-19
 -2.088  0.2966E-19
 -2.078  0.7436E-19
 -2.068  0.1844E-18
 -2.058  0.4525E-18
 -2.048  0.1098E-17
 -2.038  0.2638E-17
 -2.028  0.6266E-17
 -2.018  0.1472E-16
 -2.008  0.3423E-16
 -1.998  0.7871E-16
 -1.988  0.1791E-15
 -1.978  0.4030E-15
 -1.968  0.8973E-15
 -1.958  0.1976E-14
 -1.948  0.4306E-14
 -1.938  0.9280E-14
 -1.928  0.1979E-13
 -1.918  0.4174E-13
 -1.908  0.8709E-13
 -1.898  0.1798E-12
 -1.888  0.3671E-12
 -1.878  0.7416E-12
 -1.868  0.1482E-11
 -1.858  0.2930E-11
 -1.848  0.5730E-11
 -1.838  0.1109E-10
 -1.828  0.2122E-10
 -1.818  0.4017E-10
 -1.808  0.7524E-10
 -1.798  0.1394E-09
 -1.788  0.2555E-09
 -1.778  0.4634E-09
 -1.768  0.8312E-09
 -1.758  0.1475E-08
 -1.748  0.2590E-08
 -1.738  0.4497E-08
 -1.728  0.7727E-08
 -1.718  0.1313E-07
 -1.708  0.2208E-07
 -1.698  0.3673E-07
 -1.688  0.6044E-07
 -1.678  0.9839E-07
 -1.668  0.1585E-06
 -1.658  0.2524E-06
 -1.648  0.3979E-06
 -1.638  0.6204E-06
 -1.628  0.9570E-06
 -1.618  0.1460E-05
 -1.608  0.2205E-05
 -1.598  0.3293E-05
 -1.588  0.4867E-05
 -1.578  0.7114E-05
 -1.568  0.1029E-04
 -1.558  0.1472E-04
 -1.548  0.2084E-04
 -1.538  0.2920E-04
 -1.528  0.4046E-04
 -1.518  0.5547E-04
 -1.508  0.7525E-04
 -1.498  0.1010E-03
 -1.488  0.1341E-03
 -1.478  0.1763E-03
 -1.468  0.2292E-03
 -1.458  0.2950E-03
 -1.448  0.3756E-03
 -1.438  0.4732E-03
 -1.428  0.5901E-03
 -1.418  0.7283E-03
 -1.408  0.8896E-03
 -1.398  0.1075E-02
 -1.388  0.1287E-02
 -1.378  0.1524E-02
 -1.368  0.1788E-02
 -1.358  0.2075E-02
 -1.348  0.2386E-02
 -1.338  0.2715E-02
 -1.328  0.3061E-02
 -1.318  0.3417E-02
 -1.308  0.3777E-02
 -1.298  0.4137E-02
 -1.288  0.4489E-02
 -1.278  0.4826E-02
 -1.268  0.5141E-02
 -1.258  0.5429E-02
 -1.248  0.5681E-02
 -1.238  0.5894E-02
 -1.228  0.6062E-02
 -1.218  0.6183E-02
 -1.208  0.6254E-02
 -1.198  0.6274E-02
 -1.188  0.6244E-02
 -1.178  0.6164E-02
 -1.168  0.6037E-02
 -1.158  0.5867E-02
 -1.148  0.5657E-02
 -1.138  0.5413E-02
 -1.128  0.5140E-02
 -1.118  0.4842E-02
 -1.108  0.4527E-02
 -1.098  0.4200E-02
 -1.088  0.3866E-02
 -1.078  0.3531E-02
 -1.068  0.3199E-02
 -1.058  0.2875E-02
 -1.048  0.2563E-02
 -1.038  0.2265E-02
 -1.028  0.1986E-02
 -1.018  0.1726E-02
 -1.008  0.1487E-02
 -0.998  0.1270E-02
 -0.988  0.1075E-02
 -0.978  0.9023E-03
 -0.968  0.7501E-03
 -0.958  0.6179E-03
 -0.948  0.5043E-03
 -0.938  0.4078E-03
 -0.928  0.3269E-03
 -0.918  0.2599E-03
 -0.908  0.2051E-03
 -0.898  0.1609E-03
 -0.888  0.1261E-03
 -0.878  0.9911E-04
 -0.868  0.7900E-04
 -0.858  0.6478E-04
 -0.848  0.5569E-04
 -0.838  0.5116E-04
 -0.828  0.5080E-04
 -0.818  0.5437E-04
 -0.808  0.6178E-04
 -0.798  0.7305E-04
 -0.788  0.8830E-04
 -0.778  0.1077E-03
 -0.768  0.1316E-03
 -0.758  0.1601E-03
 -0.748  0.1934E-03
 -0.738  0.2318E-03
 -0.728  0.2753E-03
 -0.718  0.3239E-03
 -0.708  0.3774E-03
 -0.698  0.4355E-03
 -0.688  0.4979E-03
 -0.678  0.5640E-03
 -0.668  0.6333E-03
 -0.658  0.7053E-03
 -0.648  0.7793E-03
 -0.638  0.8551E-03
 -0.628  0.9327E-03
 -0.618  0.1012E-02
 -0.608  0.1094E-02
 -0.598  0.1181E-02
 -0.588  0.1273E-02
 -0.578  0.1374E-02
 -0.568  0.1486E-02
 -0.558  0.1614E-02
 -0.548  0.1762E-02
 -0.538  0.1934E-02
 -0.528  0.2136E-02
 -0.518  0.2372E-02
 -0.508  0.2645E-02
 -0.498  0.2960E-02
 -0.488  0.3318E-02
 -0.478  0.3721E-02
 -0.468  0.4165E-02
 -0.458  0.4650E-02
 -0.448  0.5167E-02
 -0.438  0.5711E-02
 -0.428  0.6270E-02
 -0.418  0.6833E-02
 -0.408  0.7386E-02
 -0.398  0.7916E-02
 -0.388  0.8406E-02
 -0.378  0.8842E-02
 -0.368  0.9211E-02
 -0.358  0.9500E-02
 -0.348  0.9699E-02
 -0.338  0.9800E-02
 -0.328  0.9801E-02
 -0.318  0.9700E-02
 -0.308  0.9499E-02
 -0.298  0.9204E-02
 -0.288  0.8825E-02
 -0.278  0.8373E-02
 -0.268  0.7859E-02
 -0.258  0.7299E-02
 -0.248  0.6708E-02
 -0.238  0.6100E-02
 -0.228  0.5489E-02
 -0.218  0.4889E-02
 -0.208  0.4309E-02
 -0.198  0.3760E-02
 -0.188  0.3250E-02
 -0.178  0.2783E-02
 -0.168  0.2363E-02
 -0.158  0.1993E-02
 -0.148  0.1672E-02
 -0.138  0.1400E-02
 -0.128  0.1177E-02
 -0.118  0.9983E-03
 -0.108  0.8636E-03
 -0.098  0.7700E-03
 -0.088  0.7153E-03
 -0.078  0.6977E-03
 -0.068  0.7153E-03
 -0.058  0.7668E-03
 -0.048  0.8509E-03
 -0.038  0.9665E-03
 -0.028  0.1112E-02
 -0.018  0.1287E-02
 -0.008  0.1489E-02
  0.002  0.1715E-02
  0.012  0.1964E-02
  0.022  0.2230E-02
  0.032  0.2510E-02
  0.042  0.2799E-02
  0.052  0.3090E-02
  0.062  0.3378E-02
  0.072  0.3654E-02
  0.082  0.3913E-02
  0.092  0.4148E-02
  0.102  0.4353E-02
  0.112  0.4521E-02
  0.122  0.4649E-02
  0.132  0.4734E-02
  0.142  0.4774E-02
  0.152  0.4770E-02
  0.162  0.4722E-02
  0.172  0.4634E-02
  0.182  0.4511E-02
  0.192  0.4359E-02
  0.202  0.4184E-02
  0.212  0.3994E-02
  0.222  0.3797E-02
  0.232  0.3601E-02
  0.242  0.3413E-02
  0.252  0.3240E-02
  0.262  0.3088E-02
  0.272  0.2962E-02
  0.282  0.2865E-02
  0.292  0.2798E-02
  0.302  0.2763E-02
  0.312  0.2758E-02
  0.322  0.2781E-02
  0.332  0.2828E-02
  0.342  0.2894E-02
  0.352  0.2974E-02
  0.362  0.3061E-02
  0.372  0.3149E-02
  0.382  0.3231E-02
  0.392  0.3302E-02
  0.402  0.3356E-02
  0.412  0.3387E-02
  0.422  0.3393E-02
  0.432  0.3371E-02
  0.442  0.3319E-02
  0.452  0.3238E-02
  0.462  0.3128E-02
  0.472  0.2993E-02
  0.482  0.2835E-02
  0.492  0.2658E-02
  0.502  0.2466E-02
  0.512  0.2265E-02
  0.522  0.2058E-02
  0.532  0.1851E-02
  0.542  0.1647E-02
  0.552  0.1450E-02
  0.562  0.1263E-02
  0.572  0.1088E-02
  0.582  0.9282E-03
  0.592  0.7831E-03
  0.602  0.6537E-03
  0.612  0.5399E-03
  0.622  0.4411E-03
  0.632  0.3566E-03
  0.642  0.2852E-03
  0.652  0.2257E-03
  0.662  0.1767E-03
  0.672  0.1369E-03
  0.682  0.1049E-03
  0.692  0.7951E-04
  0.702  0.5964E-04
  0.712  0.4426E-04
  0.722  0.3249E-04
  0.732  0.2360E-04
  0.742  0.1696E-04
  0.752  0.1206E-04
  0.762  0.8480E-05
  0.772  0.5901E-05
  0.782  0.4063E-05
  0.792  0.2767E-05
  0.802  0.1865E-05
  0.812  0.1243E-05
  0.822  0.8199E-06
  0.832  0.5350E-06
  0.842  0.3454E-06
