 -5.548  0.4764E-06
 -5.538  0.7365E-06
 -5.528  0.1126E-05
 -5.518  0.1704E-05
 -5.508  0.2551E-05
 -5.498  0.3777E-05
 -5.488  0.5533E-05
 -5.478  0.8018E-05
 -5.468  0.1149E-04
 -5.458  0.1630E-04
 -5.448  0.2288E-04
 -5.438  0.3175E-04
 -5.428  0.4361E-04
 -5.418  0.5926E-04
 -5.408  0.7966E-04
 -5.398  0.1059E-03
 -5.388  0.1394E-03
 -5.378  0.1815E-03
 -5.368  0.2339E-03
 -5.358  0.2982E-03
 -5.348  0.3762E-03
 -5.338  0.4697E-03
 -5.328  0.5804E-03
 -5.318  0.7098E-03
 -5.308  0.8593E-03
 -5.298  0.1030E-02
 -5.288  0.1222E-02
 -5.278  0.1437E-02
 -5.268  0.1672E-02
 -5.258  0.1929E-02
 -5.248  0.2204E-02
 -5.238  0.2497E-02
 -5.228  0.2805E-02
 -5.218  0.3126E-02
 -5.208  0.3457E-02
 -5.198  0.3797E-02
 -5.188  0.4142E-02
 -5.178  0.4492E-02
 -5.168  0.4847E-02
 -5.158  0.5205E-02
 -5.148  0.5568E-02
 -5.138  0.5938E-02
 -5.128  0.6317E-02
 -5.118  0.6707E-02
 -5.108  0.7114E-02
 -5.098  0.7540E-02
 -5.088  0.7988E-02
 -5.078  0.8463E-02
 -5.068  0.8966E-02
 -5.058  0.9499E-02
 -5.048  0.1006E-01
 -5.038  0.1066E-01
 -5.028  0.1128E-01
 -5.018  0.1192E-01
 -5.008  0.1259E-01
 -4.998  0.1327E-01
 -4.988  0.1395E-01
 -4.978  0.1463E-01
 -4.968  0.1530E-01
 -4.958  0.1596E-01
 -4.948  0.1658E-01
 -4.938  0.1716E-01
 -4.928  0.1769E-01
 -4.918  0.1816E-01
 -4.908  0.1856E-01
 -4.898  0.1889E-01
 -4.888  0.1913E-01
 -4.878  0.1929E-01
 -4.868  0.1936E-01
 -4.858  0.1934E-01
 -4.848  0.1922E-01
 -4.838  0.1902E-01
 -4.828  0.1873E-01
 -4.818  0.1835E-01
 -4.808  0.1790E-01
 -4.798  0.1737E-01
 -4.788  0.1678E-01
 -4.778  0.1613E-01
 -4.768  0.1543E-01
 -4.758  0.1469E-01
 -4.748  0.1391E-01
 -4.738  0.1310E-01
 -4.728  0.1227E-01
 -4.718  0.1143E-01
 -4.708  0.1058E-01
 -4.698  0.9734E-02
 -4.688  0.8897E-02
 -4.678  0.8078E-02
 -4.668  0.7281E-02
 -4.658  0.6516E-02
 -4.648  0.5786E-02
 -4.638  0.5097E-02
 -4.628  0.4454E-02
 -4.618  0.3859E-02
 -4.608  0.3315E-02
 -4.598  0.2823E-02
 -4.588  0.2381E-02
 -4.578  0.1991E-02
 -4.568  0.1648E-02
 -4.558  0.1352E-02
 -4.548  0.1098E-02
 -4.538  0.8831E-03
 -4.528  0.7033E-03
 -4.518  0.5544E-03
 -4.508  0.4326E-03
 -4.498  0.3342E-03
 -4.488  0.2555E-03
 -4.478  0.1933E-03
 -4.468  0.1448E-03
 -4.458  0.1073E-03
 -4.448  0.7866E-04
 -4.438  0.5707E-04
 -4.428  0.4098E-04
 -4.418  0.2911E-04
 -4.408  0.2046E-04
 -4.398  0.1423E-04
 -4.388  0.9790E-05
 -4.378  0.6665E-05
 -4.368  0.4489E-05
 -4.358  0.2991E-05
 -4.348  0.1972E-05
 -4.338  0.1286E-05
 -4.328  0.8297E-06
 -4.318  0.5296E-06
 -4.308  0.3344E-06
 -4.298  0.2089E-06
 -4.288  0.1291E-06
 -4.278  0.7895E-07
 -4.268  0.4775E-07
 -4.258  0.2857E-07
 -4.248  0.1691E-07
 -4.238  0.9905E-08
 -4.228  0.5738E-08
 -4.218  0.3289E-08
 -4.208  0.1865E-08
 -4.198  0.1046E-08
 -4.188  0.5802E-09
 -4.178  0.3185E-09
 -4.168  0.1729E-09
 -4.158  0.9289E-10
 -4.148  0.4936E-10
 -4.138  0.2595E-10
 -4.128  0.1349E-10
 -4.118  0.6942E-11
 -4.108  0.3533E-11
 -4.098  0.1779E-11
 -4.088  0.8859E-12
 -4.078  0.4365E-12
 -4.068  0.2128E-12
 -4.058  0.1026E-12
 -4.048  0.4893E-13
 -4.038  0.2309E-13
 -4.028  0.1078E-13
 -4.018  0.4977E-14
 -4.008  0.2274E-14
 -3.998  0.1027E-14
 -3.988  0.4593E-15
 -3.978  0.2031E-15
 -3.968  0.8887E-16
 -3.958  0.3846E-16
 -3.948  0.1647E-16
 -3.938  0.6975E-17
 -3.928  0.2922E-17
 -3.918  0.1211E-17
 -3.908  0.4967E-18
 -3.898  0.2015E-18
 -3.888  0.8084E-19
 -3.878  0.3209E-19
 -3.868  0.1260E-19
 -3.858  0.4895E-20
 -3.848  0.1881E-20
 -3.838  0.7152E-21
 -3.828  0.2690E-21
 -3.818  0.1001E-21
 -3.808  0.3683E-22
 -3.798  0.1341E-22
 -3.788  0.4830E-23
 -3.778  0.1721E-23
 -3.768  0.6066E-24
 -3.758  0.2115E-24
 -3.748  0.7297E-25
 -3.738  0.2490E-25
 -3.728  0.8405E-26
 -3.718  0.2807E-26
 -3.708  0.9273E-27
 -3.698  0.3030E-27
 -3.688  0.9797E-28
 -3.678  0.3133E-28
 -3.668  0.9913E-29
 -3.658  0.3103E-29
 -3.648  0.9607E-30
 -3.638  0.2942E-30
 -3.628  0.8916E-31
 -3.618  0.2672E-31
 -3.608  0.7925E-32
 -3.598  0.2325E-32
 -3.588  0.6746E-33
 -3.578  0.1936E-33
 -3.568  0.5499E-34
 -3.558  0.1545E-34
 -3.548  0.4294E-35
 -3.538  0.1180E-35
 -3.528  0.3210E-36
 -3.518  0.8638E-37
 -3.508  0.2299E-37
 -3.498  0.6053E-38
 -3.488  0.1577E-38
 -3.478  0.4063E-39
 -3.468  0.1036E-39
 -3.458  0.2611E-40
 -3.448  0.6514E-41
 -3.438  0.1608E-41
 -3.428  0.3924E-42
 -3.418  0.9477E-43
 -3.408  0.2264E-43
 -3.398  0.5351E-44
 -3.388  0.1251E-44
 -3.378  0.2894E-45
 -3.368  0.6620E-46
 -3.358  0.1498E-46
 -3.348  0.3355E-47
 -3.338  0.7432E-48
 -3.328  0.1628E-48
 -3.318  0.3530E-49
 -3.308  0.7570E-50
 -3.298  0.1606E-50
 -3.288  0.3370E-51
 -3.278  0.6996E-52
 -3.268  0.1437E-52
 -3.258  0.2919E-53
 -3.248  0.5866E-54
 -3.238  0.1166E-54
 -3.228  0.2294E-55
 -3.218  0.4463E-56
 -3.208  0.8591E-57
 -3.198  0.1636E-57
 -3.188  0.3081E-58
 -3.178  0.5742E-59
 -3.168  0.1058E-59
 -3.158  0.1930E-60
 -3.148  0.3482E-61
 -3.138  0.6213E-62
 -3.128  0.1097E-62
 -3.118  0.1916E-63
 -3.108  0.3310E-64
 -3.098  0.5657E-65
 -3.088  0.9564E-66
 -3.078  0.1600E-66
 -3.068  0.2647E-67
 -3.058  0.4332E-68
 -3.048  0.7015E-69
 -3.038  0.1124E-69
 -3.028  0.1781E-70
 -3.018  0.2791E-71
 -3.008  0.4329E-72
 -2.998  0.6659E-73
 -2.988  0.1129E-73
 -2.978  0.9557E-74
 -2.968  0.5298E-73
 -2.958  0.3423E-72
 -2.948  0.2197E-71
 -2.938  0.1395E-70
 -2.928  0.8762E-70
 -2.918  0.5445E-69
 -2.908  0.3347E-68
 -2.898  0.2035E-67
 -2.888  0.1224E-66
 -2.878  0.7285E-66
 -2.868  0.4289E-65
 -2.858  0.2498E-64
 -2.848  0.1439E-63
 -2.838  0.8200E-63
 -2.828  0.4623E-62
 -2.818  0.2578E-61
 -2.808  0.1423E-60
 -2.798  0.7765E-60
 -2.788  0.4193E-59
 -2.778  0.2239E-58
 -2.768  0.1183E-57
 -2.758  0.6186E-57
 -2.748  0.3199E-56
 -2.738  0.1636E-55
 -2.728  0.8280E-55
 -2.718  0.4145E-54
 -2.708  0.2053E-53
 -2.698  0.1006E-52
 -2.688  0.4874E-52
 -2.678  0.2337E-51
 -2.668  0.1108E-50
 -2.658  0.5200E-50
 -2.648  0.2414E-49
 -2.638  0.1108E-48
 -2.628  0.5034E-48
 -2.618  0.2262E-47
 -2.608  0.1006E-46
 -2.598  0.4422E-46
 -2.588  0.1924E-45
 -2.578  0.8278E-45
 -2.568  0.3524E-44
 -2.558  0.1484E-43
 -2.548  0.6183E-43
 -2.538  0.2548E-42
 -2.528  0.1039E-41
 -2.518  0.4191E-41
 -2.508  0.1672E-40
 -2.498  0.6600E-40
 -2.488  0.2577E-39
 -2.478  0.9954E-39
 -2.468  0.3804E-38
 -2.458  0.1438E-37
 -2.448  0.5377E-37
 -2.438  0.1989E-36
 -2.428  0.7279E-36
 -2.418  0.2635E-35
 -2.408  0.9437E-35
 -2.398  0.3344E-34
 -2.388  0.1172E-33
 -2.378  0.4063E-33
 -2.368  0.1394E-32
 -2.358  0.4728E-32
 -2.348  0.1587E-31
 -2.338  0.5270E-31
 -2.328  0.1731E-30
 -2.318  0.5625E-30
 -2.308  0.1808E-29
 -2.298  0.5750E-29
 -2.288  0.1809E-28
 -2.278  0.5630E-28
 -2.268  0.1733E-27
 -2.258  0.5278E-27
 -2.248  0.1590E-26
 -2.238  0.4740E-26
 -2.228  0.1397E-25
 -2.218  0.4076E-25
 -2.208  0.1176E-24
 -2.198  0.3357E-24
 -2.188  0.9479E-24
 -2.178  0.2648E-23
 -2.168  0.7317E-23
 -2.158  0.2000E-22
 -2.148  0.5409E-22
 -2.138  0.1447E-21
 -2.128  0.3830E-21
 -2.118  0.1003E-20
 -2.108  0.2597E-20
 -2.098  0.6654E-20
 -2.088  0.1686E-19
 -2.078  0.4228E-19
 -2.068  0.1049E-18
 -2.058  0.2574E-18
 -2.048  0.6247E-18
 -2.038  0.1500E-17
 -2.028  0.3564E-17
 -2.018  0.8374E-17
 -2.008  0.1947E-16
 -1.998  0.4477E-16
 -1.988  0.1019E-15
 -1.978  0.2293E-15
 -1.968  0.5105E-15
 -1.958  0.1124E-14
 -1.948  0.2450E-14
 -1.938  0.5281E-14
 -1.928  0.1126E-13
 -1.918  0.2376E-13
 -1.908  0.4957E-13
 -1.898  0.1023E-12
 -1.888  0.2090E-12
 -1.878  0.4223E-12
 -1.868  0.8441E-12
 -1.858  0.1669E-11
 -1.848  0.3265E-11
 -1.838  0.6319E-11
 -1.828  0.1210E-10
 -1.818  0.2291E-10
 -1.808  0.4293E-10
 -1.798  0.7958E-10
 -1.788  0.1459E-09
 -1.778  0.2648E-09
 -1.768  0.4752E-09
 -1.758  0.8439E-09
 -1.748  0.1483E-08
 -1.738  0.2577E-08
 -1.728  0.4431E-08
 -1.718  0.7539E-08
 -1.708  0.1269E-07
 -1.698  0.2114E-07
 -1.688  0.3483E-07
 -1.678  0.5679E-07
 -1.668  0.9162E-07
 -1.658  0.1463E-06
 -1.648  0.2310E-06
 -1.638  0.3611E-06
 -1.628  0.5585E-06
 -1.618  0.8550E-06
 -1.608  0.1295E-05
 -1.598  0.1942E-05
 -1.588  0.2881E-05
 -1.578  0.4232E-05
 -1.568  0.6153E-05
 -1.558  0.8855E-05
 -1.548  0.1262E-04
 -1.538  0.1780E-04
 -1.528  0.2486E-04
 -1.518  0.3438E-04
 -1.508  0.4710E-04
 -1.498  0.6389E-04
 -1.488  0.8586E-04
 -1.478  0.1143E-03
 -1.468  0.1508E-03
 -1.458  0.1970E-03
 -1.448  0.2552E-03
 -1.438  0.3277E-03
 -1.428  0.4170E-03
 -1.418  0.5261E-03
 -1.408  0.6583E-03
 -1.398  0.8167E-03
 -1.388  0.1005E-02
 -1.378  0.1227E-02
 -1.368  0.1486E-02
 -1.358  0.1785E-02
 -1.348  0.2129E-02
 -1.338  0.2518E-02
 -1.328  0.2957E-02
 -1.318  0.3445E-02
 -1.308  0.3983E-02
 -1.298  0.4571E-02
 -1.288  0.5205E-02
 -1.278  0.5882E-02
 -1.268  0.6595E-02
 -1.258  0.7338E-02
 -1.248  0.8099E-02
 -1.238  0.8868E-02
 -1.228  0.9631E-02
 -1.218  0.1037E-01
 -1.208  0.1108E-01
 -1.198  0.1173E-01
 -1.188  0.1231E-01
 -1.178  0.1281E-01
 -1.168  0.1321E-01
 -1.158  0.1350E-01
 -1.148  0.1367E-01
 -1.138  0.1371E-01
 -1.128  0.1363E-01
 -1.118  0.1341E-01
 -1.108  0.1307E-01
 -1.098  0.1262E-01
 -1.088  0.1206E-01
 -1.078  0.1141E-01
 -1.068  0.1069E-01
 -1.058  0.9917E-02
 -1.048  0.9105E-02
 -1.038  0.8274E-02
 -1.028  0.7443E-02
 -1.018  0.6627E-02
 -1.008  0.5841E-02
 -0.998  0.5095E-02
 -0.988  0.4400E-02
 -0.978  0.3763E-02
 -0.968  0.3187E-02
 -0.958  0.2676E-02
 -0.948  0.2229E-02
 -0.938  0.1847E-02
 -0.928  0.1526E-02
 -0.918  0.1265E-02
 -0.908  0.1059E-02
 -0.898  0.9071E-03
 -0.888  0.8052E-03
 -0.878  0.7514E-03
 -0.868  0.7442E-03
 -0.858  0.7828E-03
 -0.848  0.8671E-03
 -0.838  0.9979E-03
 -0.828  0.1176E-02
 -0.818  0.1403E-02
 -0.808  0.1681E-02
 -0.798  0.2010E-02
 -0.788  0.2392E-02
 -0.778  0.2827E-02
 -0.768  0.3314E-02
 -0.758  0.3850E-02
 -0.748  0.4432E-02
 -0.738  0.5055E-02
 -0.728  0.5712E-02
 -0.718  0.6395E-02
 -0.708  0.7097E-02
 -0.698  0.7808E-02
 -0.688  0.8518E-02
 -0.678  0.9220E-02
 -0.668  0.9905E-02
 -0.658  0.1057E-01
 -0.648  0.1121E-01
 -0.638  0.1182E-01
 -0.628  0.1241E-01
 -0.618  0.1298E-01
 -0.608  0.1355E-01
 -0.598  0.1411E-01
 -0.588  0.1470E-01
 -0.578  0.1531E-01
 -0.568  0.1596E-01
 -0.558  0.1667E-01
 -0.548  0.1745E-01
 -0.538  0.1830E-01
 -0.528  0.1922E-01
 -0.518  0.2022E-01
 -0.508  0.2127E-01
 -0.498  0.2238E-01
 -0.488  0.2351E-01
 -0.478  0.2464E-01
 -0.468  0.2574E-01
 -0.458  0.2678E-01
 -0.448  0.2772E-01
 -0.438  0.2853E-01
 -0.428  0.2918E-01
 -0.418  0.2964E-01
 -0.408  0.2989E-01
 -0.398  0.2993E-01
 -0.388  0.2973E-01
 -0.378  0.2931E-01
 -0.368  0.2867E-01
 -0.358  0.2784E-01
 -0.348  0.2684E-01
 -0.338  0.2570E-01
 -0.328  0.2445E-01
 -0.318  0.2313E-01
 -0.308  0.2178E-01
 -0.298  0.2042E-01
 -0.288  0.1910E-01
 -0.278  0.1784E-01
 -0.268  0.1665E-01
 -0.258  0.1556E-01
 -0.248  0.1458E-01
 -0.238  0.1370E-01
 -0.228  0.1293E-01
 -0.218  0.1225E-01
 -0.208  0.1166E-01
 -0.198  0.1114E-01
 -0.188  0.1068E-01
 -0.178  0.1025E-01
 -0.168  0.9856E-02
 -0.158  0.9470E-02
 -0.148  0.9087E-02
 -0.138  0.8698E-02
 -0.128  0.8298E-02
 -0.118  0.7889E-02
 -0.108  0.7471E-02
 -0.098  0.7051E-02
 -0.088  0.6637E-02
 -0.078  0.6238E-02
 -0.068  0.5866E-02
 -0.058  0.5532E-02
 -0.048  0.5248E-02
 -0.038  0.5025E-02
 -0.028  0.4873E-02
 -0.018  0.4800E-02
 -0.008  0.4812E-02
  0.002  0.4914E-02
  0.012  0.5107E-02
  0.022  0.5391E-02
  0.032  0.5763E-02
  0.042  0.6218E-02
  0.052  0.6748E-02
  0.062  0.7345E-02
  0.072  0.7997E-02
  0.082  0.8692E-02
  0.092  0.9417E-02
  0.102  0.1016E-01
  0.112  0.1090E-01
  0.122  0.1162E-01
  0.132  0.1232E-01
  0.142  0.1298E-01
  0.152  0.1358E-01
  0.162  0.1411E-01
  0.172  0.1456E-01
  0.182  0.1493E-01
  0.192  0.1521E-01
  0.202  0.1540E-01
  0.212  0.1549E-01
  0.222  0.1549E-01
  0.232  0.1541E-01
  0.242  0.1524E-01
  0.252  0.1501E-01
  0.262  0.1471E-01
  0.272  0.1437E-01
  0.282  0.1399E-01
  0.292  0.1358E-01
  0.302  0.1317E-01
  0.312  0.1275E-01
  0.322  0.1234E-01
  0.332  0.1195E-01
  0.342  0.1157E-01
  0.352  0.1120E-01
  0.362  0.1086E-01
  0.372  0.1053E-01
  0.382  0.1020E-01
  0.392  0.9885E-02
  0.402  0.9562E-02
  0.412  0.9229E-02
  0.422  0.8880E-02
  0.432  0.8512E-02
  0.442  0.8120E-02
  0.452  0.7703E-02
  0.462  0.7263E-02
  0.472  0.6801E-02
  0.482  0.6321E-02
  0.492  0.5828E-02
  0.502  0.5328E-02
  0.512  0.4829E-02
  0.522  0.4337E-02
  0.532  0.3859E-02
  0.542  0.3400E-02
  0.552  0.2967E-02
  0.562  0.2564E-02
  0.572  0.2193E-02
  0.582  0.1857E-02
  0.592  0.1556E-02
  0.602  0.1291E-02
  0.612  0.1060E-02
  0.622  0.8608E-03
  0.632  0.6920E-03
  0.642  0.5505E-03
  0.652  0.4333E-03
  0.662  0.3375E-03
  0.672  0.2601E-03
  0.682  0.1983E-03
  0.692  0.1496E-03
  0.702  0.1117E-03
  0.712  0.8249E-04
  0.722  0.6028E-04
  0.732  0.4358E-04
  0.742  0.3118E-04
  0.752  0.2207E-04
  0.762  0.1545E-04
  0.772  0.1071E-04
  0.782  0.7338E-05
  0.792  0.4977E-05
  0.802  0.3339E-05
  0.812  0.2217E-05
  0.822  0.1456E-05
  0.832  0.9463E-06
  0.842  0.6084E-06
