 -5.548  0.2565E-08
 -5.538  0.3966E-08
 -5.528  0.6068E-08
 -5.518  0.9184E-08
 -5.508  0.1375E-07
 -5.498  0.2037E-07
 -5.488  0.2986E-07
 -5.478  0.4330E-07
 -5.468  0.6213E-07
 -5.458  0.8820E-07
 -5.448  0.1239E-06
 -5.438  0.1722E-06
 -5.428  0.2369E-06
 -5.418  0.3225E-06
 -5.408  0.4346E-06
 -5.398  0.5796E-06
 -5.388  0.7651E-06
 -5.378  0.1000E-05
 -5.368  0.1294E-05
 -5.358  0.1658E-05
 -5.348  0.2105E-05
 -5.338  0.2647E-05
 -5.328  0.3299E-05
 -5.318  0.4074E-05
 -5.308  0.4990E-05
 -5.298  0.6061E-05
 -5.288  0.7306E-05
 -5.278  0.8741E-05
 -5.268  0.1039E-04
 -5.258  0.1226E-04
 -5.248  0.1439E-04
 -5.238  0.1680E-04
 -5.228  0.1951E-04
 -5.218  0.2256E-04
 -5.208  0.2598E-04
 -5.198  0.2981E-04
 -5.188  0.3409E-04
 -5.178  0.3886E-04
 -5.168  0.4416E-04
 -5.158  0.5002E-04
 -5.148  0.5648E-04
 -5.138  0.6355E-04
 -5.128  0.7124E-04
 -5.118  0.7954E-04
 -5.108  0.8840E-04
 -5.098  0.9776E-04
 -5.088  0.1075E-03
 -5.078  0.1176E-03
 -5.068  0.1279E-03
 -5.058  0.1382E-03
 -5.048  0.1483E-03
 -5.038  0.1580E-03
 -5.028  0.1672E-03
 -5.018  0.1757E-03
 -5.008  0.1833E-03
 -4.998  0.1899E-03
 -4.988  0.1953E-03
 -4.978  0.1994E-03
 -4.968  0.2024E-03
 -4.958  0.2040E-03
 -4.948  0.2044E-03
 -4.938  0.2037E-03
 -4.928  0.2019E-03
 -4.918  0.1992E-03
 -4.908  0.1958E-03
 -4.898  0.1917E-03
 -4.888  0.1871E-03
 -4.878  0.1823E-03
 -4.868  0.1772E-03
 -4.858  0.1721E-03
 -4.848  0.1670E-03
 -4.838  0.1619E-03
 -4.828  0.1570E-03
 -4.818  0.1522E-03
 -4.808  0.1474E-03
 -4.798  0.1427E-03
 -4.788  0.1381E-03
 -4.778  0.1333E-03
 -4.768  0.1285E-03
 -4.758  0.1235E-03
 -4.748  0.1184E-03
 -4.738  0.1130E-03
 -4.728  0.1073E-03
 -4.718  0.1014E-03
 -4.708  0.9522E-04
 -4.698  0.8887E-04
 -4.688  0.8237E-04
 -4.678  0.7578E-04
 -4.668  0.6918E-04
 -4.658  0.6264E-04
 -4.648  0.5624E-04
 -4.638  0.5005E-04
 -4.628  0.4414E-04
 -4.618  0.3857E-04
 -4.608  0.3338E-04
 -4.598  0.2862E-04
 -4.588  0.2429E-04
 -4.578  0.2042E-04
 -4.568  0.1699E-04
 -4.558  0.1400E-04
 -4.548  0.1141E-04
 -4.538  0.9211E-05
 -4.528  0.7357E-05
 -4.518  0.5815E-05
 -4.508  0.4549E-05
 -4.498  0.3521E-05
 -4.488  0.2697E-05
 -4.478  0.2044E-05
 -4.468  0.1533E-05
 -4.458  0.1137E-05
 -4.448  0.8348E-06
 -4.438  0.6063E-06
 -4.428  0.4356E-06
 -4.418  0.3097E-06
 -4.408  0.2178E-06
 -4.398  0.1516E-06
 -4.388  0.1043E-06
 -4.378  0.7106E-07
 -4.368  0.4788E-07
 -4.358  0.3191E-07
 -4.348  0.2104E-07
 -4.338  0.1373E-07
 -4.328  0.8859E-08
 -4.318  0.5656E-08
 -4.308  0.3572E-08
 -4.298  0.2232E-08
 -4.288  0.1380E-08
 -4.278  0.8436E-09
 -4.268  0.5103E-09
 -4.258  0.3054E-09
 -4.248  0.1808E-09
 -4.238  0.1059E-09
 -4.228  0.6134E-10
 -4.218  0.3516E-10
 -4.208  0.1993E-10
 -4.198  0.1118E-10
 -4.188  0.6204E-11
 -4.178  0.3405E-11
 -4.168  0.1849E-11
 -4.158  0.9933E-12
 -4.148  0.5278E-12
 -4.138  0.2775E-12
 -4.128  0.1443E-12
 -4.118  0.7424E-13
 -4.108  0.3778E-13
 -4.098  0.1902E-13
 -4.088  0.9474E-14
 -4.078  0.4668E-14
 -4.068  0.2275E-14
 -4.058  0.1097E-14
 -4.048  0.5232E-15
 -4.038  0.2469E-15
 -4.028  0.1153E-15
 -4.018  0.5322E-16
 -4.008  0.2431E-16
 -3.998  0.1099E-16
 -3.988  0.4912E-17
 -3.978  0.2172E-17
 -3.968  0.9503E-18
 -3.958  0.4113E-18
 -3.948  0.1761E-18
 -3.938  0.7458E-19
 -3.928  0.3125E-19
 -3.918  0.1295E-19
 -3.908  0.5311E-20
 -3.898  0.2154E-20
 -3.888  0.8645E-21
 -3.878  0.3432E-21
 -3.868  0.1348E-21
 -3.858  0.5235E-22
 -3.848  0.2012E-22
 -3.838  0.7648E-23
 -3.828  0.2876E-23
 -3.818  0.1070E-23
 -3.808  0.3939E-24
 -3.798  0.1434E-24
 -3.788  0.5165E-25
 -3.778  0.1840E-25
 -3.768  0.6487E-26
 -3.758  0.2262E-26
 -3.748  0.7803E-27
 -3.738  0.2663E-27
 -3.728  0.8988E-28
 -3.718  0.3002E-28
 -3.708  0.9916E-29
 -3.698  0.3241E-29
 -3.688  0.1048E-29
 -3.678  0.3351E-30
 -3.668  0.1060E-30
 -3.658  0.3318E-31
 -3.648  0.1027E-31
 -3.638  0.3146E-32
 -3.628  0.9534E-33
 -3.618  0.2858E-33
 -3.608  0.8474E-34
 -3.598  0.2486E-34
 -3.588  0.7213E-35
 -3.578  0.2071E-35
 -3.568  0.5881E-36
 -3.558  0.1652E-36
 -3.548  0.4591E-37
 -3.538  0.1262E-37
 -3.528  0.3433E-38
 -3.518  0.9237E-39
 -3.508  0.2458E-39
 -3.498  0.6473E-40
 -3.488  0.1686E-40
 -3.478  0.4344E-41
 -3.468  0.1107E-41
 -3.458  0.2792E-42
 -3.448  0.6966E-43
 -3.438  0.1719E-43
 -3.428  0.4196E-44
 -3.418  0.1013E-44
 -3.408  0.2421E-45
 -3.398  0.5722E-46
 -3.388  0.1338E-46
 -3.378  0.3094E-47
 -3.368  0.7079E-48
 -3.358  0.1602E-48
 -3.348  0.3588E-49
 -3.338  0.7947E-50
 -3.328  0.1741E-50
 -3.318  0.3775E-51
 -3.308  0.8094E-52
 -3.298  0.1717E-52
 -3.288  0.3603E-53
 -3.278  0.7480E-54
 -3.268  0.1536E-54
 -3.258  0.3121E-55
 -3.248  0.6273E-56
 -3.238  0.1247E-56
 -3.228  0.2453E-57
 -3.218  0.4773E-58
 -3.208  0.9186E-59
 -3.198  0.1749E-59
 -3.188  0.3295E-60
 -3.178  0.6139E-61
 -3.168  0.1132E-61
 -3.158  0.2064E-62
 -3.148  0.3723E-63
 -3.138  0.6644E-64
 -3.128  0.1173E-64
 -3.118  0.2048E-65
 -3.108  0.3539E-66
 -3.098  0.6049E-67
 -3.088  0.1023E-67
 -3.078  0.1710E-68
 -3.068  0.2830E-69
 -3.058  0.4632E-70
 -3.048  0.7501E-71
 -3.038  0.1202E-71
 -3.028  0.1904E-72
 -3.018  0.2985E-73
 -3.008  0.4630E-74
 -2.998  0.7189E-75
 -2.988  0.1672E-75
 -2.978  0.4100E-75
 -2.968  0.2585E-74
 -2.958  0.1676E-73
 -2.948  0.1076E-72
 -2.938  0.6829E-72
 -2.928  0.4289E-71
 -2.918  0.2665E-70
 -2.908  0.1638E-69
 -2.898  0.9962E-69
 -2.888  0.5993E-68
 -2.878  0.3566E-67
 -2.868  0.2099E-66
 -2.858  0.1223E-65
 -2.848  0.7043E-65
 -2.838  0.4014E-64
 -2.828  0.2263E-63
 -2.818  0.1262E-62
 -2.808  0.6964E-62
 -2.798  0.3801E-61
 -2.788  0.2052E-60
 -2.778  0.1096E-59
 -2.768  0.5793E-59
 -2.758  0.3028E-58
 -2.748  0.1566E-57
 -2.738  0.8010E-57
 -2.728  0.4053E-56
 -2.718  0.2029E-55
 -2.708  0.1005E-54
 -2.698  0.4923E-54
 -2.688  0.2386E-53
 -2.678  0.1144E-52
 -2.668  0.5426E-52
 -2.658  0.2546E-51
 -2.648  0.1182E-50
 -2.638  0.5425E-50
 -2.628  0.2464E-49
 -2.618  0.1107E-48
 -2.608  0.4922E-48
 -2.598  0.2165E-47
 -2.588  0.9416E-47
 -2.578  0.4052E-46
 -2.568  0.1725E-45
 -2.558  0.7265E-45
 -2.548  0.3027E-44
 -2.538  0.1247E-43
 -2.528  0.5086E-43
 -2.518  0.2051E-42
 -2.508  0.8185E-42
 -2.498  0.3231E-41
 -2.488  0.1261E-40
 -2.478  0.4873E-40
 -2.468  0.1862E-39
 -2.458  0.7038E-39
 -2.448  0.2632E-38
 -2.438  0.9737E-38
 -2.428  0.3563E-37
 -2.418  0.1290E-36
 -2.408  0.4620E-36
 -2.398  0.1637E-35
 -2.388  0.5736E-35
 -2.378  0.1989E-34
 -2.368  0.6822E-34
 -2.358  0.2315E-33
 -2.348  0.7769E-33
 -2.338  0.2580E-32
 -2.328  0.8474E-32
 -2.318  0.2754E-31
 -2.308  0.8852E-31
 -2.298  0.2815E-30
 -2.288  0.8855E-30
 -2.278  0.2756E-29
 -2.268  0.8484E-29
 -2.258  0.2584E-28
 -2.248  0.7785E-28
 -2.238  0.2320E-27
 -2.228  0.6841E-27
 -2.218  0.1995E-26
 -2.208  0.5757E-26
 -2.198  0.1643E-25
 -2.188  0.4640E-25
 -2.178  0.1296E-24
 -2.168  0.3582E-24
 -2.158  0.9792E-24
 -2.148  0.2648E-23
 -2.138  0.7084E-23
 -2.128  0.1875E-22
 -2.118  0.4908E-22
 -2.108  0.1271E-21
 -2.098  0.3257E-21
 -2.088  0.8255E-21
 -2.078  0.2070E-20
 -2.068  0.5134E-20
 -2.058  0.1260E-19
 -2.048  0.3058E-19
 -2.038  0.7343E-19
 -2.028  0.1744E-18
 -2.018  0.4099E-18
 -2.008  0.9529E-18
 -1.998  0.2191E-17
 -1.988  0.4986E-17
 -1.978  0.1122E-16
 -1.968  0.2498E-16
 -1.958  0.5502E-16
 -1.948  0.1199E-15
 -1.938  0.2584E-15
 -1.928  0.5511E-15
 -1.918  0.1162E-14
 -1.908  0.2426E-14
 -1.898  0.5008E-14
 -1.888  0.1023E-13
 -1.878  0.2066E-13
 -1.868  0.4129E-13
 -1.858  0.8165E-13
 -1.848  0.1597E-12
 -1.838  0.3090E-12
 -1.828  0.5916E-12
 -1.818  0.1120E-11
 -1.808  0.2099E-11
 -1.798  0.3890E-11
 -1.788  0.7132E-11
 -1.778  0.1294E-10
 -1.768  0.2322E-10
 -1.758  0.4122E-10
 -1.748  0.7239E-10
 -1.738  0.1258E-09
 -1.728  0.2162E-09
 -1.718  0.3678E-09
 -1.708  0.6189E-09
 -1.698  0.1030E-08
 -1.688  0.1697E-08
 -1.678  0.2765E-08
 -1.668  0.4458E-08
 -1.658  0.7112E-08
 -1.648  0.1123E-07
 -1.638  0.1753E-07
 -1.628  0.2710E-07
 -1.618  0.4143E-07
 -1.608  0.6270E-07
 -1.598  0.9388E-07
 -1.588  0.1391E-06
 -1.578  0.2040E-06
 -1.568  0.2961E-06
 -1.558  0.4254E-06
 -1.548  0.6050E-06
 -1.538  0.8515E-06
 -1.528  0.1186E-05
 -1.518  0.1637E-05
 -1.508  0.2235E-05
 -1.498  0.3023E-05
 -1.488  0.4049E-05
 -1.478  0.5370E-05
 -1.468  0.7055E-05
 -1.458  0.9181E-05
 -1.448  0.1184E-04
 -1.438  0.1512E-04
 -1.428  0.1914E-04
 -1.418  0.2402E-04
 -1.408  0.2987E-04
 -1.398  0.3683E-04
 -1.388  0.4503E-04
 -1.378  0.5460E-04
 -1.368  0.6565E-04
 -1.358  0.7832E-04
 -1.348  0.9269E-04
 -1.338  0.1088E-03
 -1.328  0.1268E-03
 -1.318  0.1466E-03
 -1.308  0.1683E-03
 -1.298  0.1917E-03
 -1.288  0.2167E-03
 -1.278  0.2432E-03
 -1.268  0.2708E-03
 -1.258  0.2994E-03
 -1.248  0.3284E-03
 -1.238  0.3576E-03
 -1.228  0.3862E-03
 -1.218  0.4140E-03
 -1.208  0.4402E-03
 -1.198  0.4642E-03
 -1.188  0.4856E-03
 -1.178  0.5037E-03
 -1.168  0.5180E-03
 -1.158  0.5281E-03
 -1.148  0.5337E-03
 -1.138  0.5346E-03
 -1.128  0.5306E-03
 -1.118  0.5218E-03
 -1.108  0.5083E-03
 -1.098  0.4905E-03
 -1.088  0.4688E-03
 -1.078  0.4438E-03
 -1.068  0.4160E-03
 -1.058  0.3861E-03
 -1.048  0.3549E-03
 -1.038  0.3229E-03
 -1.028  0.2908E-03
 -1.018  0.2594E-03
 -1.008  0.2290E-03
 -0.998  0.2002E-03
 -0.988  0.1733E-03
 -0.978  0.1487E-03
 -0.968  0.1264E-03
 -0.958  0.1068E-03
 -0.948  0.8970E-04
 -0.938  0.7524E-04
 -0.928  0.6337E-04
 -0.918  0.5404E-04
 -0.908  0.4722E-04
 -0.898  0.4285E-04
 -0.888  0.4094E-04
 -0.878  0.4150E-04
 -0.868  0.4459E-04
 -0.858  0.5030E-04
 -0.848  0.5877E-04
 -0.838  0.7015E-04
 -0.828  0.8461E-04
 -0.818  0.1023E-03
 -0.808  0.1235E-03
 -0.798  0.1481E-03
 -0.788  0.1764E-03
 -0.778  0.2083E-03
 -0.768  0.2436E-03
 -0.758  0.2823E-03
 -0.748  0.3239E-03
 -0.738  0.3680E-03
 -0.728  0.4140E-03
 -0.718  0.4614E-03
 -0.708  0.5093E-03
 -0.698  0.5569E-03
 -0.688  0.6035E-03
 -0.678  0.6483E-03
 -0.668  0.6906E-03
 -0.658  0.7297E-03
 -0.648  0.7654E-03
 -0.638  0.7973E-03
 -0.628  0.8254E-03
 -0.618  0.8499E-03
 -0.608  0.8712E-03
 -0.598  0.8899E-03
 -0.588  0.9067E-03
 -0.578  0.9225E-03
 -0.568  0.9381E-03
 -0.558  0.9545E-03
 -0.548  0.9724E-03
 -0.538  0.9924E-03
 -0.528  0.1015E-02
 -0.518  0.1040E-02
 -0.508  0.1068E-02
 -0.498  0.1098E-02
 -0.488  0.1130E-02
 -0.478  0.1162E-02
 -0.468  0.1193E-02
 -0.458  0.1222E-02
 -0.448  0.1248E-02
 -0.438  0.1270E-02
 -0.428  0.1285E-02
 -0.418  0.1292E-02
 -0.408  0.1292E-02
 -0.398  0.1283E-02
 -0.388  0.1265E-02
 -0.378  0.1238E-02
 -0.368  0.1202E-02
 -0.358  0.1158E-02
 -0.348  0.1107E-02
 -0.338  0.1050E-02
 -0.328  0.9884E-03
 -0.318  0.9239E-03
 -0.308  0.8576E-03
 -0.298  0.7911E-03
 -0.288  0.7256E-03
 -0.278  0.6622E-03
 -0.268  0.6020E-03
 -0.258  0.5456E-03
 -0.248  0.4937E-03
 -0.238  0.4464E-03
 -0.228  0.4039E-03
 -0.218  0.3662E-03
 -0.208  0.3330E-03
 -0.198  0.3040E-03
 -0.188  0.2788E-03
 -0.178  0.2569E-03
 -0.168  0.2378E-03
 -0.158  0.2213E-03
 -0.148  0.2069E-03
 -0.138  0.1943E-03
 -0.128  0.1834E-03
 -0.118  0.1740E-03
 -0.108  0.1662E-03
 -0.098  0.1601E-03
 -0.088  0.1559E-03
 -0.078  0.1538E-03
 -0.068  0.1542E-03
 -0.058  0.1575E-03
 -0.048  0.1641E-03
 -0.038  0.1743E-03
 -0.028  0.1886E-03
 -0.018  0.2072E-03
 -0.008  0.2305E-03
  0.002  0.2587E-03
  0.012  0.2917E-03
  0.022  0.3298E-03
  0.032  0.3727E-03
  0.042  0.4202E-03
  0.052  0.4719E-03
  0.062  0.5273E-03
  0.072  0.5859E-03
  0.082  0.6470E-03
  0.092  0.7096E-03
  0.102  0.7729E-03
  0.112  0.8359E-03
  0.122  0.8976E-03
  0.132  0.9572E-03
  0.142  0.1013E-02
  0.152  0.1066E-02
  0.162  0.1113E-02
  0.172  0.1155E-02
  0.182  0.1190E-02
  0.192  0.1220E-02
  0.202  0.1243E-02
  0.212  0.1259E-02
  0.222  0.1270E-02
  0.232  0.1275E-02
  0.242  0.1275E-02
  0.252  0.1272E-02
  0.262  0.1265E-02
  0.272  0.1257E-02
  0.282  0.1247E-02
  0.292  0.1237E-02
  0.302  0.1228E-02
  0.312  0.1221E-02
  0.322  0.1214E-02
  0.332  0.1209E-02
  0.342  0.1206E-02
  0.352  0.1203E-02
  0.362  0.1200E-02
  0.372  0.1196E-02
  0.382  0.1190E-02
  0.392  0.1182E-02
  0.402  0.1169E-02
  0.412  0.1151E-02
  0.422  0.1128E-02
  0.432  0.1099E-02
  0.442  0.1063E-02
  0.452  0.1021E-02
  0.462  0.9731E-03
  0.472  0.9197E-03
  0.482  0.8616E-03
  0.492  0.7999E-03
  0.502  0.7357E-03
  0.512  0.6702E-03
  0.522  0.6046E-03
  0.532  0.5400E-03
  0.542  0.4775E-03
  0.552  0.4180E-03
  0.562  0.3621E-03
  0.572  0.3105E-03
  0.582  0.2635E-03
  0.592  0.2213E-03
  0.602  0.1839E-03
  0.612  0.1512E-03
  0.622  0.1230E-03
  0.632  0.9902E-04
  0.642  0.7888E-04
  0.652  0.6217E-04
  0.662  0.4848E-04
  0.672  0.3741E-04
  0.682  0.2856E-04
  0.692  0.2157E-04
  0.702  0.1612E-04
  0.712  0.1192E-04
  0.722  0.8718E-05
  0.732  0.6310E-05
  0.742  0.4518E-05
  0.752  0.3201E-05
  0.762  0.2244E-05
  0.772  0.1556E-05
  0.782  0.1068E-05
  0.792  0.7247E-06
  0.802  0.4867E-06
  0.812  0.3234E-06
  0.822  0.2126E-06
  0.832  0.1383E-06
  0.842  0.8898E-07
