 -5.548  0.9810E-07
 -5.538  0.1517E-06
 -5.528  0.2320E-06
 -5.518  0.3510E-06
 -5.508  0.5253E-06
 -5.498  0.7779E-06
 -5.488  0.1139E-05
 -5.478  0.1651E-05
 -5.468  0.2367E-05
 -5.458  0.3358E-05
 -5.448  0.4712E-05
 -5.438  0.6541E-05
 -5.428  0.8983E-05
 -5.418  0.1221E-04
 -5.408  0.1641E-04
 -5.398  0.2183E-04
 -5.388  0.2873E-04
 -5.378  0.3741E-04
 -5.368  0.4820E-04
 -5.358  0.6146E-04
 -5.348  0.7755E-04
 -5.338  0.9684E-04
 -5.328  0.1197E-03
 -5.318  0.1464E-03
 -5.308  0.1773E-03
 -5.298  0.2126E-03
 -5.288  0.2525E-03
 -5.278  0.2969E-03
 -5.268  0.3458E-03
 -5.258  0.3990E-03
 -5.248  0.4564E-03
 -5.238  0.5176E-03
 -5.228  0.5820E-03
 -5.218  0.6494E-03
 -5.208  0.7192E-03
 -5.198  0.7910E-03
 -5.188  0.8645E-03
 -5.178  0.9394E-03
 -5.168  0.1016E-02
 -5.158  0.1093E-02
 -5.148  0.1172E-02
 -5.138  0.1253E-02
 -5.128  0.1336E-02
 -5.118  0.1422E-02
 -5.108  0.1512E-02
 -5.098  0.1606E-02
 -5.088  0.1705E-02
 -5.078  0.1809E-02
 -5.068  0.1919E-02
 -5.058  0.2035E-02
 -5.048  0.2157E-02
 -5.038  0.2285E-02
 -5.028  0.2417E-02
 -5.018  0.2555E-02
 -5.008  0.2695E-02
 -4.998  0.2839E-02
 -4.988  0.2983E-02
 -4.978  0.3128E-02
 -4.968  0.3271E-02
 -4.958  0.3411E-02
 -4.948  0.3546E-02
 -4.938  0.3675E-02
 -4.928  0.3797E-02
 -4.918  0.3910E-02
 -4.908  0.4013E-02
 -4.898  0.4105E-02
 -4.888  0.4184E-02
 -4.878  0.4251E-02
 -4.868  0.4304E-02
 -4.858  0.4342E-02
 -4.848  0.4365E-02
 -4.838  0.4372E-02
 -4.828  0.4363E-02
 -4.818  0.4338E-02
 -4.808  0.4295E-02
 -4.798  0.4236E-02
 -4.788  0.4159E-02
 -4.778  0.4065E-02
 -4.768  0.3954E-02
 -4.758  0.3827E-02
 -4.748  0.3683E-02
 -4.738  0.3525E-02
 -4.728  0.3354E-02
 -4.718  0.3170E-02
 -4.708  0.2976E-02
 -4.698  0.2775E-02
 -4.688  0.2568E-02
 -4.678  0.2358E-02
 -4.668  0.2149E-02
 -4.658  0.1941E-02
 -4.648  0.1739E-02
 -4.638  0.1545E-02
 -4.628  0.1360E-02
 -4.618  0.1186E-02
 -4.608  0.1025E-02
 -4.598  0.8772E-03
 -4.588  0.7436E-03
 -4.578  0.6242E-03
 -4.568  0.5188E-03
 -4.558  0.4269E-03
 -4.548  0.3478E-03
 -4.538  0.2804E-03
 -4.528  0.2238E-03
 -4.518  0.1768E-03
 -4.508  0.1382E-03
 -4.498  0.1069E-03
 -4.488  0.8186E-04
 -4.478  0.6201E-04
 -4.468  0.4649E-04
 -4.458  0.3448E-04
 -4.448  0.2530E-04
 -4.438  0.1837E-04
 -4.428  0.1320E-04
 -4.418  0.9382E-05
 -4.408  0.6597E-05
 -4.398  0.4590E-05
 -4.388  0.3159E-05
 -4.378  0.2151E-05
 -4.368  0.1449E-05
 -4.358  0.9660E-06
 -4.348  0.6370E-06
 -4.338  0.4155E-06
 -4.328  0.2681E-06
 -4.318  0.1712E-06
 -4.308  0.1081E-06
 -4.298  0.6754E-07
 -4.288  0.4175E-07
 -4.278  0.2553E-07
 -4.268  0.1544E-07
 -4.258  0.9241E-08
 -4.248  0.5470E-08
 -4.238  0.3204E-08
 -4.228  0.1856E-08
 -4.218  0.1064E-08
 -4.208  0.6031E-09
 -4.198  0.3383E-09
 -4.188  0.1877E-09
 -4.178  0.1030E-09
 -4.168  0.5594E-10
 -4.158  0.3005E-10
 -4.148  0.1597E-10
 -4.138  0.8395E-11
 -4.128  0.4366E-11
 -4.118  0.2246E-11
 -4.108  0.1143E-11
 -4.098  0.5755E-12
 -4.088  0.2866E-12
 -4.078  0.1412E-12
 -4.068  0.6883E-13
 -4.058  0.3319E-13
 -4.048  0.1583E-13
 -4.038  0.7470E-14
 -4.028  0.3487E-14
 -4.018  0.1610E-14
 -4.008  0.7356E-15
 -3.998  0.3324E-15
 -3.988  0.1486E-15
 -3.978  0.6572E-16
 -3.968  0.2875E-16
 -3.958  0.1244E-16
 -3.948  0.5328E-17
 -3.938  0.2257E-17
 -3.928  0.9455E-18
 -3.918  0.3919E-18
 -3.908  0.1607E-18
 -3.898  0.6518E-19
 -3.888  0.2616E-19
 -3.878  0.1038E-19
 -3.868  0.4077E-20
 -3.858  0.1584E-20
 -3.848  0.6087E-21
 -3.838  0.2314E-21
 -3.828  0.8703E-22
 -3.818  0.3238E-22
 -3.808  0.1192E-22
 -3.798  0.4339E-23
 -3.788  0.1563E-23
 -3.778  0.5568E-24
 -3.768  0.1963E-24
 -3.758  0.6844E-25
 -3.748  0.2361E-25
 -3.738  0.8056E-26
 -3.728  0.2719E-26
 -3.718  0.9081E-27
 -3.708  0.3000E-27
 -3.698  0.9805E-28
 -3.688  0.3170E-28
 -3.678  0.1014E-28
 -3.668  0.3207E-29
 -3.658  0.1004E-29
 -3.648  0.3108E-30
 -3.638  0.9520E-31
 -3.628  0.2885E-31
 -3.618  0.8647E-32
 -3.608  0.2564E-32
 -3.598  0.7521E-33
 -3.588  0.2183E-33
 -3.578  0.6265E-34
 -3.568  0.1779E-34
 -3.558  0.4999E-35
 -3.548  0.1389E-35
 -3.538  0.3819E-36
 -3.528  0.1039E-36
 -3.518  0.2795E-37
 -3.508  0.7438E-38
 -3.498  0.1959E-38
 -3.488  0.5101E-39
 -3.478  0.1314E-39
 -3.468  0.3351E-40
 -3.458  0.8449E-41
 -3.448  0.2108E-41
 -3.438  0.5201E-42
 -3.428  0.1270E-42
 -3.418  0.3066E-43
 -3.408  0.7326E-44
 -3.398  0.1731E-44
 -3.388  0.4048E-45
 -3.378  0.9362E-46
 -3.368  0.2142E-46
 -3.358  0.4848E-47
 -3.348  0.1086E-47
 -3.338  0.2405E-48
 -3.328  0.5269E-49
 -3.318  0.1142E-49
 -3.308  0.2449E-50
 -3.298  0.5195E-51
 -3.288  0.1090E-51
 -3.278  0.2263E-52
 -3.268  0.4648E-53
 -3.258  0.9444E-54
 -3.248  0.1898E-54
 -3.238  0.3774E-55
 -3.228  0.7422E-56
 -3.218  0.1444E-56
 -3.208  0.2780E-57
 -3.198  0.5293E-58
 -3.188  0.9969E-59
 -3.178  0.1858E-59
 -3.168  0.3424E-60
 -3.158  0.6245E-61
 -3.148  0.1127E-61
 -3.138  0.2010E-62
 -3.128  0.3549E-63
 -3.118  0.6198E-64
 -3.108  0.1071E-64
 -3.098  0.1830E-65
 -3.088  0.3095E-66
 -3.078  0.5176E-67
 -3.068  0.8564E-68
 -3.058  0.1402E-68
 -3.048  0.2270E-69
 -3.038  0.3636E-70
 -3.028  0.5761E-71
 -3.018  0.9032E-72
 -3.008  0.1401E-72
 -2.998  0.2153E-73
 -2.988  0.3559E-74
 -2.978  0.2465E-74
 -2.968  0.1303E-73
 -2.958  0.8407E-73
 -2.948  0.5396E-72
 -2.938  0.3426E-71
 -2.928  0.2152E-70
 -2.918  0.1337E-69
 -2.908  0.8219E-69
 -2.898  0.4998E-68
 -2.888  0.3006E-67
 -2.878  0.1789E-66
 -2.868  0.1053E-65
 -2.858  0.6133E-65
 -2.848  0.3533E-64
 -2.838  0.2014E-63
 -2.828  0.1135E-62
 -2.818  0.6332E-62
 -2.808  0.3494E-61
 -2.798  0.1907E-60
 -2.788  0.1030E-59
 -2.778  0.5500E-59
 -2.768  0.2906E-58
 -2.758  0.1519E-57
 -2.748  0.7855E-57
 -2.738  0.4018E-56
 -2.728  0.2033E-55
 -2.718  0.1018E-54
 -2.708  0.5041E-54
 -2.698  0.2470E-53
 -2.688  0.1197E-52
 -2.678  0.5739E-52
 -2.668  0.2722E-51
 -2.658  0.1277E-50
 -2.648  0.5928E-50
 -2.638  0.2722E-49
 -2.628  0.1236E-48
 -2.618  0.5555E-48
 -2.608  0.2469E-47
 -2.598  0.1086E-46
 -2.588  0.4724E-46
 -2.578  0.2033E-45
 -2.568  0.8654E-45
 -2.558  0.3645E-44
 -2.548  0.1518E-43
 -2.538  0.6258E-43
 -2.528  0.2551E-42
 -2.518  0.1029E-41
 -2.508  0.4106E-41
 -2.498  0.1621E-40
 -2.488  0.6328E-40
 -2.478  0.2444E-39
 -2.468  0.9341E-39
 -2.458  0.3531E-38
 -2.448  0.1320E-37
 -2.438  0.4885E-37
 -2.428  0.1788E-36
 -2.418  0.6471E-36
 -2.408  0.2318E-35
 -2.398  0.8211E-35
 -2.388  0.2878E-34
 -2.378  0.9978E-34
 -2.368  0.3422E-33
 -2.358  0.1161E-32
 -2.348  0.3897E-32
 -2.338  0.1294E-31
 -2.328  0.4251E-31
 -2.318  0.1381E-30
 -2.308  0.4441E-30
 -2.298  0.1412E-29
 -2.288  0.4442E-29
 -2.278  0.1382E-28
 -2.268  0.4256E-28
 -2.258  0.1296E-27
 -2.248  0.3905E-27
 -2.238  0.1164E-26
 -2.228  0.3432E-26
 -2.218  0.1001E-25
 -2.208  0.2888E-25
 -2.198  0.8244E-25
 -2.188  0.2328E-24
 -2.178  0.6503E-24
 -2.168  0.1797E-23
 -2.158  0.4912E-23
 -2.148  0.1328E-22
 -2.138  0.3554E-22
 -2.128  0.9405E-22
 -2.118  0.2462E-21
 -2.108  0.6377E-21
 -2.098  0.1634E-20
 -2.088  0.4141E-20
 -2.078  0.1038E-19
 -2.068  0.2576E-19
 -2.058  0.6320E-19
 -2.048  0.1534E-18
 -2.038  0.3684E-18
 -2.028  0.8751E-18
 -2.018  0.2057E-17
 -2.008  0.4781E-17
 -1.998  0.1100E-16
 -1.988  0.2502E-16
 -1.978  0.5630E-16
 -1.968  0.1254E-15
 -1.958  0.2761E-15
 -1.948  0.6016E-15
 -1.938  0.1297E-14
 -1.928  0.2765E-14
 -1.918  0.5834E-14
 -1.908  0.1217E-13
 -1.898  0.2513E-13
 -1.888  0.5133E-13
 -1.878  0.1037E-12
 -1.868  0.2073E-12
 -1.858  0.4099E-12
 -1.848  0.8019E-12
 -1.838  0.1552E-11
 -1.828  0.2971E-11
 -1.818  0.5627E-11
 -1.808  0.1054E-10
 -1.798  0.1954E-10
 -1.788  0.3584E-10
 -1.778  0.6503E-10
 -1.768  0.1167E-09
 -1.758  0.2073E-09
 -1.748  0.3642E-09
 -1.738  0.6330E-09
 -1.728  0.1089E-08
 -1.718  0.1852E-08
 -1.708  0.3118E-08
 -1.698  0.5194E-08
 -1.688  0.8559E-08
 -1.678  0.1396E-07
 -1.668  0.2252E-07
 -1.658  0.3596E-07
 -1.648  0.5681E-07
 -1.638  0.8881E-07
 -1.628  0.1374E-06
 -1.618  0.2104E-06
 -1.608  0.3188E-06
 -1.598  0.4782E-06
 -1.588  0.7100E-06
 -1.578  0.1043E-05
 -1.568  0.1518E-05
 -1.558  0.2186E-05
 -1.548  0.3117E-05
 -1.538  0.4401E-05
 -1.528  0.6153E-05
 -1.518  0.8519E-05
 -1.508  0.1168E-04
 -1.498  0.1587E-04
 -1.488  0.2137E-04
 -1.478  0.2849E-04
 -1.468  0.3766E-04
 -1.458  0.4933E-04
 -1.448  0.6405E-04
 -1.438  0.8245E-04
 -1.428  0.1052E-03
 -1.418  0.1332E-03
 -1.408  0.1673E-03
 -1.398  0.2083E-03
 -1.388  0.2574E-03
 -1.378  0.3156E-03
 -1.368  0.3841E-03
 -1.358  0.4638E-03
 -1.348  0.5558E-03
 -1.338  0.6612E-03
 -1.328  0.7807E-03
 -1.318  0.9151E-03
 -1.308  0.1065E-02
 -1.298  0.1229E-02
 -1.288  0.1409E-02
 -1.278  0.1602E-02
 -1.268  0.1808E-02
 -1.258  0.2025E-02
 -1.248  0.2250E-02
 -1.238  0.2480E-02
 -1.228  0.2711E-02
 -1.218  0.2938E-02
 -1.208  0.3158E-02
 -1.198  0.3365E-02
 -1.188  0.3554E-02
 -1.178  0.3721E-02
 -1.168  0.3860E-02
 -1.158  0.3967E-02
 -1.148  0.4039E-02
 -1.138  0.4074E-02
 -1.128  0.4071E-02
 -1.118  0.4028E-02
 -1.108  0.3946E-02
 -1.098  0.3828E-02
 -1.088  0.3677E-02
 -1.078  0.3497E-02
 -1.068  0.3292E-02
 -1.058  0.3068E-02
 -1.048  0.2830E-02
 -1.038  0.2583E-02
 -1.028  0.2334E-02
 -1.018  0.2088E-02
 -1.008  0.1848E-02
 -0.998  0.1619E-02
 -0.988  0.1404E-02
 -0.978  0.1206E-02
 -0.968  0.1026E-02
 -0.958  0.8646E-03
 -0.948  0.7232E-03
 -0.938  0.6014E-03
 -0.928  0.4986E-03
 -0.918  0.4144E-03
 -0.908  0.3477E-03
 -0.898  0.2978E-03
 -0.888  0.2638E-03
 -0.878  0.2452E-03
 -0.868  0.2414E-03
 -0.858  0.2523E-03
 -0.848  0.2778E-03
 -0.838  0.3180E-03
 -0.828  0.3733E-03
 -0.818  0.4441E-03
 -0.808  0.5309E-03
 -0.798  0.6340E-03
 -0.788  0.7536E-03
 -0.778  0.8898E-03
 -0.768  0.1042E-02
 -0.758  0.1210E-02
 -0.748  0.1392E-02
 -0.738  0.1587E-02
 -0.728  0.1793E-02
 -0.718  0.2008E-02
 -0.708  0.2228E-02
 -0.698  0.2452E-02
 -0.688  0.2676E-02
 -0.678  0.2899E-02
 -0.668  0.3118E-02
 -0.658  0.3331E-02
 -0.648  0.3539E-02
 -0.638  0.3740E-02
 -0.628  0.3937E-02
 -0.618  0.4130E-02
 -0.608  0.4324E-02
 -0.598  0.4520E-02
 -0.588  0.4723E-02
 -0.578  0.4937E-02
 -0.568  0.5166E-02
 -0.558  0.5412E-02
 -0.548  0.5678E-02
 -0.538  0.5965E-02
 -0.528  0.6272E-02
 -0.518  0.6596E-02
 -0.508  0.6935E-02
 -0.498  0.7281E-02
 -0.488  0.7628E-02
 -0.478  0.7966E-02
 -0.468  0.8285E-02
 -0.458  0.8575E-02
 -0.448  0.8827E-02
 -0.438  0.9029E-02
 -0.428  0.9173E-02
 -0.418  0.9253E-02
 -0.408  0.9264E-02
 -0.398  0.9202E-02
 -0.388  0.9067E-02
 -0.378  0.8863E-02
 -0.368  0.8593E-02
 -0.358  0.8265E-02
 -0.348  0.7888E-02
 -0.338  0.7471E-02
 -0.328  0.7026E-02
 -0.318  0.6564E-02
 -0.308  0.6095E-02
 -0.298  0.5632E-02
 -0.288  0.5181E-02
 -0.278  0.4753E-02
 -0.268  0.4352E-02
 -0.258  0.3983E-02
 -0.248  0.3649E-02
 -0.238  0.3352E-02
 -0.228  0.3089E-02
 -0.218  0.2860E-02
 -0.208  0.2661E-02
 -0.198  0.2490E-02
 -0.188  0.2341E-02
 -0.178  0.2211E-02
 -0.168  0.2095E-02
 -0.158  0.1991E-02
 -0.148  0.1896E-02
 -0.138  0.1807E-02
 -0.128  0.1723E-02
 -0.118  0.1645E-02
 -0.108  0.1571E-02
 -0.098  0.1505E-02
 -0.088  0.1448E-02
 -0.078  0.1402E-02
 -0.068  0.1371E-02
 -0.058  0.1358E-02
 -0.048  0.1366E-02
 -0.038  0.1398E-02
 -0.028  0.1457E-02
 -0.018  0.1546E-02
 -0.008  0.1667E-02
  0.002  0.1820E-02
  0.012  0.2008E-02
  0.022  0.2229E-02
  0.032  0.2482E-02
  0.042  0.2765E-02
  0.052  0.3076E-02
  0.062  0.3410E-02
  0.072  0.3763E-02
  0.082  0.4131E-02
  0.092  0.4506E-02
  0.102  0.4883E-02
  0.112  0.5254E-02
  0.122  0.5614E-02
  0.132  0.5955E-02
  0.142  0.6270E-02
  0.152  0.6554E-02
  0.162  0.6801E-02
  0.172  0.7006E-02
  0.182  0.7164E-02
  0.192  0.7274E-02
  0.202  0.7334E-02
  0.212  0.7344E-02
  0.222  0.7303E-02
  0.232  0.7216E-02
  0.242  0.7086E-02
  0.252  0.6917E-02
  0.262  0.6714E-02
  0.272  0.6484E-02
  0.282  0.6234E-02
  0.292  0.5970E-02
  0.302  0.5698E-02
  0.312  0.5425E-02
  0.322  0.5155E-02
  0.332  0.4893E-02
  0.342  0.4642E-02
  0.352  0.4404E-02
  0.362  0.4181E-02
  0.372  0.3971E-02
  0.382  0.3774E-02
  0.392  0.3589E-02
  0.402  0.3413E-02
  0.412  0.3243E-02
  0.422  0.3078E-02
  0.432  0.2915E-02
  0.442  0.2753E-02
  0.452  0.2589E-02
  0.462  0.2424E-02
  0.472  0.2256E-02
  0.482  0.2087E-02
  0.492  0.1917E-02
  0.502  0.1748E-02
  0.512  0.1581E-02
  0.522  0.1418E-02
  0.532  0.1261E-02
  0.542  0.1111E-02
  0.552  0.9692E-03
  0.562  0.8377E-03
  0.572  0.7169E-03
  0.582  0.6075E-03
  0.592  0.5096E-03
  0.602  0.4231E-03
  0.612  0.3477E-03
  0.622  0.2828E-03
  0.632  0.2276E-03
  0.642  0.1813E-03
  0.652  0.1429E-03
  0.662  0.1115E-03
  0.672  0.8602E-04
  0.682  0.6569E-04
  0.692  0.4963E-04
  0.702  0.3710E-04
  0.712  0.2744E-04
  0.722  0.2008E-04
  0.732  0.1454E-04
  0.742  0.1042E-04
  0.752  0.7385E-05
  0.762  0.5179E-05
  0.772  0.3594E-05
  0.782  0.2467E-05
  0.792  0.1675E-05
  0.802  0.1126E-05
  0.812  0.7485E-06
  0.822  0.4924E-06
  0.832  0.3204E-06
  0.842  0.2063E-06
