 -5.548  0.1062E-10
 -5.538  0.1642E-10
 -5.528  0.2511E-10
 -5.518  0.3801E-10
 -5.508  0.5690E-10
 -5.498  0.8429E-10
 -5.488  0.1235E-09
 -5.478  0.1791E-09
 -5.468  0.2569E-09
 -5.458  0.3646E-09
 -5.448  0.5121E-09
 -5.438  0.7116E-09
 -5.428  0.9784E-09
 -5.418  0.1331E-08
 -5.408  0.1793E-08
 -5.398  0.2389E-08
 -5.388  0.3151E-08
 -5.378  0.4114E-08
 -5.368  0.5318E-08
 -5.358  0.6805E-08
 -5.348  0.8624E-08
 -5.338  0.1083E-07
 -5.328  0.1346E-07
 -5.318  0.1658E-07
 -5.308  0.2025E-07
 -5.298  0.2451E-07
 -5.288  0.2942E-07
 -5.278  0.3504E-07
 -5.268  0.4143E-07
 -5.258  0.4862E-07
 -5.248  0.5669E-07
 -5.238  0.6570E-07
 -5.228  0.7570E-07
 -5.218  0.8679E-07
 -5.208  0.9902E-07
 -5.198  0.1125E-06
 -5.188  0.1273E-06
 -5.178  0.1436E-06
 -5.168  0.1614E-06
 -5.158  0.1808E-06
 -5.148  0.2018E-06
 -5.138  0.2246E-06
 -5.128  0.2490E-06
 -5.118  0.2750E-06
 -5.108  0.3024E-06
 -5.098  0.3310E-06
 -5.088  0.3604E-06
 -5.078  0.3903E-06
 -5.068  0.4201E-06
 -5.058  0.4494E-06
 -5.048  0.4774E-06
 -5.038  0.5037E-06
 -5.028  0.5275E-06
 -5.018  0.5482E-06
 -5.008  0.5654E-06
 -4.998  0.5786E-06
 -4.988  0.5875E-06
 -4.978  0.5920E-06
 -4.968  0.5920E-06
 -4.958  0.5877E-06
 -4.948  0.5794E-06
 -4.938  0.5676E-06
 -4.928  0.5528E-06
 -4.918  0.5356E-06
 -4.908  0.5167E-06
 -4.898  0.4968E-06
 -4.888  0.4766E-06
 -4.878  0.4566E-06
 -4.868  0.4375E-06
 -4.858  0.4196E-06
 -4.848  0.4032E-06
 -4.838  0.3885E-06
 -4.828  0.3754E-06
 -4.818  0.3640E-06
 -4.808  0.3539E-06
 -4.798  0.3450E-06
 -4.788  0.3368E-06
 -4.778  0.3291E-06
 -4.768  0.3214E-06
 -4.758  0.3133E-06
 -4.748  0.3046E-06
 -4.738  0.2950E-06
 -4.728  0.2842E-06
 -4.718  0.2723E-06
 -4.708  0.2592E-06
 -4.698  0.2449E-06
 -4.688  0.2296E-06
 -4.678  0.2135E-06
 -4.668  0.1967E-06
 -4.658  0.1797E-06
 -4.648  0.1626E-06
 -4.638  0.1457E-06
 -4.628  0.1293E-06
 -4.618  0.1136E-06
 -4.608  0.9877E-07
 -4.598  0.8503E-07
 -4.588  0.7245E-07
 -4.578  0.6110E-07
 -4.568  0.5099E-07
 -4.558  0.4211E-07
 -4.548  0.3441E-07
 -4.538  0.2782E-07
 -4.528  0.2226E-07
 -4.518  0.1762E-07
 -4.508  0.1380E-07
 -4.498  0.1069E-07
 -4.488  0.8195E-08
 -4.478  0.6216E-08
 -4.468  0.4664E-08
 -4.458  0.3462E-08
 -4.448  0.2542E-08
 -4.438  0.1847E-08
 -4.428  0.1328E-08
 -4.418  0.9441E-09
 -4.408  0.6641E-09
 -4.398  0.4621E-09
 -4.388  0.3182E-09
 -4.378  0.2167E-09
 -4.368  0.1460E-09
 -4.358  0.9731E-10
 -4.348  0.6416E-10
 -4.338  0.4185E-10
 -4.328  0.2701E-10
 -4.318  0.1724E-10
 -4.308  0.1089E-10
 -4.298  0.6802E-11
 -4.288  0.4204E-11
 -4.278  0.2570E-11
 -4.268  0.1554E-11
 -4.258  0.9301E-12
 -4.248  0.5505E-12
 -4.238  0.3223E-12
 -4.228  0.1867E-12
 -4.218  0.1070E-12
 -4.208  0.6065E-13
 -4.198  0.3401E-13
 -4.188  0.1887E-13
 -4.178  0.1035E-13
 -4.168  0.5621E-14
 -4.158  0.3019E-14
 -4.148  0.1604E-14
 -4.138  0.8430E-15
 -4.128  0.4383E-15
 -4.118  0.2254E-15
 -4.108  0.1147E-15
 -4.098  0.5774E-16
 -4.088  0.2875E-16
 -4.078  0.1416E-16
 -4.068  0.6902E-17
 -4.058  0.3327E-17
 -4.048  0.1587E-17
 -4.038  0.7485E-18
 -4.028  0.3493E-18
 -4.018  0.1613E-18
 -4.008  0.7366E-19
 -3.998  0.3328E-19
 -3.988  0.1487E-19
 -3.978  0.6577E-20
 -3.968  0.2877E-20
 -3.958  0.1245E-20
 -3.948  0.5328E-21
 -3.938  0.2256E-21
 -3.928  0.9451E-22
 -3.918  0.3917E-22
 -3.908  0.1606E-22
 -3.898  0.6511E-23
 -3.888  0.2612E-23
 -3.878  0.1037E-23
 -3.868  0.4070E-24
 -3.858  0.1581E-24
 -3.848  0.6074E-25
 -3.838  0.2309E-25
 -3.828  0.8681E-26
 -3.818  0.3229E-26
 -3.808  0.1188E-26
 -3.798  0.4325E-27
 -3.788  0.1557E-27
 -3.778  0.5548E-28
 -3.768  0.1955E-28
 -3.758  0.6816E-29
 -3.748  0.2351E-29
 -3.738  0.8019E-30
 -3.728  0.2707E-30
 -3.718  0.9036E-31
 -3.708  0.2985E-31
 -3.698  0.9752E-32
 -3.688  0.3152E-32
 -3.678  0.1008E-32
 -3.668  0.3188E-33
 -3.658  0.9976E-34
 -3.648  0.3088E-34
 -3.638  0.9456E-35
 -3.628  0.2865E-35
 -3.618  0.8585E-36
 -3.608  0.2545E-36
 -3.598  0.7464E-37
 -3.588  0.2165E-37
 -3.578  0.6215E-38
 -3.568  0.1765E-38
 -3.558  0.4956E-39
 -3.548  0.1377E-39
 -3.538  0.3785E-40
 -3.528  0.1029E-40
 -3.518  0.2769E-41
 -3.508  0.7367E-42
 -3.498  0.1939E-42
 -3.488  0.5051E-43
 -3.478  0.1301E-43
 -3.468  0.3316E-44
 -3.458  0.8360E-45
 -3.448  0.2085E-45
 -3.438  0.5144E-46
 -3.428  0.1255E-46
 -3.418  0.3031E-47
 -3.408  0.7240E-48
 -3.398  0.1711E-48
 -3.388  0.3999E-49
 -3.378  0.9246E-50
 -3.368  0.2115E-50
 -3.358  0.4786E-51
 -3.348  0.1071E-51
 -3.338  0.2373E-52
 -3.328  0.5198E-53
 -3.318  0.1127E-53
 -3.308  0.2415E-54
 -3.298  0.5122E-55
 -3.288  0.1075E-55
 -3.278  0.2231E-56
 -3.268  0.4580E-57
 -3.258  0.9303E-58
 -3.248  0.1869E-58
 -3.238  0.3716E-59
 -3.228  0.7307E-60
 -3.218  0.1421E-60
 -3.208  0.2735E-61
 -3.198  0.5207E-62
 -3.188  0.9806E-63
 -3.178  0.1827E-63
 -3.168  0.3367E-64
 -3.158  0.6138E-65
 -3.148  0.1107E-65
 -3.138  0.1975E-66
 -3.128  0.3486E-67
 -3.118  0.6088E-68
 -3.108  0.1052E-68
 -3.098  0.1797E-69
 -3.088  0.3037E-70
 -3.078  0.5079E-71
 -3.068  0.8402E-72
 -3.058  0.1375E-72
 -3.048  0.2226E-73
 -3.038  0.3565E-74
 -3.028  0.5647E-75
 -3.018  0.8852E-76
 -3.008  0.1378E-76
 -2.998  0.2471E-77
 -2.988  0.2773E-77
 -2.978  0.1632E-76
 -2.968  0.1067E-75
 -2.958  0.6923E-75
 -2.948  0.4443E-74
 -2.938  0.2821E-73
 -2.928  0.1772E-72
 -2.918  0.1101E-71
 -2.908  0.6768E-71
 -2.898  0.4115E-70
 -2.888  0.2476E-69
 -2.878  0.1473E-68
 -2.868  0.8673E-68
 -2.858  0.5051E-67
 -2.848  0.2910E-66
 -2.838  0.1658E-65
 -2.828  0.9349E-65
 -2.818  0.5214E-64
 -2.808  0.2877E-63
 -2.798  0.1570E-62
 -2.788  0.8479E-62
 -2.778  0.4529E-61
 -2.768  0.2393E-60
 -2.758  0.1251E-59
 -2.748  0.6468E-59
 -2.738  0.3309E-58
 -2.728  0.1674E-57
 -2.718  0.8383E-57
 -2.708  0.4151E-56
 -2.698  0.2034E-55
 -2.688  0.9857E-55
 -2.678  0.4726E-54
 -2.668  0.2241E-53
 -2.658  0.1052E-52
 -2.648  0.4881E-52
 -2.638  0.2241E-51
 -2.628  0.1018E-50
 -2.618  0.4575E-50
 -2.608  0.2034E-49
 -2.598  0.8942E-49
 -2.588  0.3890E-48
 -2.578  0.1674E-47
 -2.568  0.7127E-47
 -2.558  0.3001E-46
 -2.548  0.1250E-45
 -2.538  0.5153E-45
 -2.528  0.2101E-44
 -2.518  0.8474E-44
 -2.508  0.3381E-43
 -2.498  0.1335E-42
 -2.488  0.5211E-42
 -2.478  0.2013E-41
 -2.468  0.7692E-41
 -2.458  0.2908E-40
 -2.448  0.1087E-39
 -2.438  0.4022E-39
 -2.428  0.1472E-38
 -2.418  0.5329E-38
 -2.408  0.1908E-37
 -2.398  0.6762E-37
 -2.388  0.2370E-36
 -2.378  0.8216E-36
 -2.368  0.2818E-35
 -2.358  0.9562E-35
 -2.348  0.3209E-34
 -2.338  0.1066E-33
 -2.328  0.3501E-33
 -2.318  0.1138E-32
 -2.308  0.3657E-32
 -2.298  0.1163E-31
 -2.288  0.3658E-31
 -2.278  0.1138E-30
 -2.268  0.3505E-30
 -2.258  0.1067E-29
 -2.248  0.3216E-29
 -2.238  0.9585E-29
 -2.228  0.2826E-28
 -2.218  0.8243E-28
 -2.208  0.2378E-27
 -2.198  0.6789E-27
 -2.188  0.1917E-26
 -2.178  0.5355E-26
 -2.168  0.1480E-25
 -2.158  0.4045E-25
 -2.148  0.1094E-24
 -2.138  0.2926E-24
 -2.128  0.7744E-24
 -2.118  0.2028E-23
 -2.108  0.5251E-23
 -2.098  0.1345E-22
 -2.088  0.3410E-22
 -2.078  0.8550E-22
 -2.068  0.2121E-21
 -2.058  0.5203E-21
 -2.048  0.1263E-20
 -2.038  0.3033E-20
 -2.028  0.7205E-20
 -2.018  0.1693E-19
 -2.008  0.3936E-19
 -1.998  0.9051E-19
 -1.988  0.2059E-18
 -1.978  0.4634E-18
 -1.968  0.1032E-17
 -1.958  0.2272E-17
 -1.948  0.4951E-17
 -1.938  0.1067E-16
 -1.928  0.2275E-16
 -1.918  0.4800E-16
 -1.908  0.1002E-15
 -1.898  0.2067E-15
 -1.888  0.4222E-15
 -1.878  0.8529E-15
 -1.868  0.1704E-14
 -1.858  0.3370E-14
 -1.848  0.6590E-14
 -1.838  0.1275E-13
 -1.828  0.2440E-13
 -1.818  0.4621E-13
 -1.808  0.8656E-13
 -1.798  0.1604E-12
 -1.788  0.2940E-12
 -1.778  0.5332E-12
 -1.768  0.9566E-12
 -1.758  0.1698E-11
 -1.748  0.2981E-11
 -1.738  0.5177E-11
 -1.728  0.8896E-11
 -1.718  0.1512E-10
 -1.708  0.2543E-10
 -1.698  0.4231E-10
 -1.688  0.6964E-10
 -1.678  0.1134E-09
 -1.668  0.1827E-09
 -1.658  0.2912E-09
 -1.648  0.4591E-09
 -1.638  0.7161E-09
 -1.628  0.1105E-08
 -1.618  0.1688E-08
 -1.608  0.2549E-08
 -1.598  0.3811E-08
 -1.588  0.5635E-08
 -1.578  0.8246E-08
 -1.568  0.1194E-07
 -1.558  0.1710E-07
 -1.548  0.2424E-07
 -1.538  0.3400E-07
 -1.528  0.4720E-07
 -1.518  0.6483E-07
 -1.508  0.8812E-07
 -1.498  0.1186E-06
 -1.488  0.1579E-06
 -1.478  0.2080E-06
 -1.468  0.2714E-06
 -1.458  0.3505E-06
 -1.448  0.4481E-06
 -1.438  0.5672E-06
 -1.428  0.7108E-06
 -1.418  0.8822E-06
 -1.408  0.1084E-05
 -1.398  0.1320E-05
 -1.388  0.1592E-05
 -1.378  0.1902E-05
 -1.368  0.2251E-05
 -1.358  0.2641E-05
 -1.348  0.3071E-05
 -1.338  0.3539E-05
 -1.328  0.4044E-05
 -1.318  0.4582E-05
 -1.308  0.5148E-05
 -1.298  0.5738E-05
 -1.288  0.6344E-05
 -1.278  0.6960E-05
 -1.268  0.7577E-05
 -1.258  0.8185E-05
 -1.248  0.8777E-05
 -1.238  0.9341E-05
 -1.228  0.9869E-05
 -1.218  0.1035E-04
 -1.208  0.1078E-04
 -1.198  0.1114E-04
 -1.188  0.1142E-04
 -1.178  0.1163E-04
 -1.168  0.1176E-04
 -1.158  0.1179E-04
 -1.148  0.1174E-04
 -1.138  0.1159E-04
 -1.128  0.1136E-04
 -1.118  0.1104E-04
 -1.108  0.1064E-04
 -1.098  0.1016E-04
 -1.088  0.9629E-05
 -1.078  0.9044E-05
 -1.068  0.8418E-05
 -1.058  0.7766E-05
 -1.048  0.7099E-05
 -1.038  0.6429E-05
 -1.028  0.5768E-05
 -1.018  0.5127E-05
 -1.008  0.4514E-05
 -0.998  0.3938E-05
 -0.988  0.3403E-05
 -0.978  0.2916E-05
 -0.968  0.2479E-05
 -0.958  0.2093E-05
 -0.948  0.1760E-05
 -0.938  0.1479E-05
 -0.928  0.1250E-05
 -0.918  0.1072E-05
 -0.908  0.9447E-06
 -0.898  0.8675E-06
 -0.888  0.8409E-06
 -0.878  0.8661E-06
 -0.868  0.9451E-06
 -0.858  0.1081E-05
 -0.848  0.1278E-05
 -0.838  0.1540E-05
 -0.828  0.1873E-05
 -0.818  0.2282E-05
 -0.808  0.2772E-05
 -0.798  0.3348E-05
 -0.788  0.4014E-05
 -0.778  0.4771E-05
 -0.768  0.5620E-05
 -0.758  0.6559E-05
 -0.748  0.7581E-05
 -0.738  0.8681E-05
 -0.728  0.9846E-05
 -0.718  0.1106E-04
 -0.708  0.1232E-04
 -0.698  0.1359E-04
 -0.688  0.1486E-04
 -0.678  0.1610E-04
 -0.668  0.1731E-04
 -0.658  0.1846E-04
 -0.648  0.1953E-04
 -0.638  0.2052E-04
 -0.628  0.2142E-04
 -0.618  0.2223E-04
 -0.608  0.2294E-04
 -0.598  0.2358E-04
 -0.588  0.2415E-04
 -0.578  0.2467E-04
 -0.568  0.2516E-04
 -0.558  0.2564E-04
 -0.548  0.2613E-04
 -0.538  0.2666E-04
 -0.528  0.2723E-04
 -0.518  0.2787E-04
 -0.508  0.2858E-04
 -0.498  0.2936E-04
 -0.488  0.3020E-04
 -0.478  0.3108E-04
 -0.468  0.3200E-04
 -0.458  0.3291E-04
 -0.448  0.3380E-04
 -0.438  0.3462E-04
 -0.428  0.3534E-04
 -0.418  0.3594E-04
 -0.408  0.3637E-04
 -0.398  0.3663E-04
 -0.388  0.3667E-04
 -0.378  0.3650E-04
 -0.368  0.3612E-04
 -0.358  0.3551E-04
 -0.348  0.3471E-04
 -0.338  0.3372E-04
 -0.328  0.3257E-04
 -0.318  0.3129E-04
 -0.308  0.2992E-04
 -0.298  0.2848E-04
 -0.288  0.2702E-04
 -0.278  0.2556E-04
 -0.268  0.2413E-04
 -0.258  0.2276E-04
 -0.248  0.2146E-04
 -0.238  0.2024E-04
 -0.228  0.1911E-04
 -0.218  0.1808E-04
 -0.208  0.1714E-04
 -0.198  0.1629E-04
 -0.188  0.1550E-04
 -0.178  0.1479E-04
 -0.168  0.1414E-04
 -0.158  0.1354E-04
 -0.148  0.1299E-04
 -0.138  0.1249E-04
 -0.128  0.1205E-04
 -0.118  0.1168E-04
 -0.108  0.1140E-04
 -0.098  0.1124E-04
 -0.088  0.1122E-04
 -0.078  0.1137E-04
 -0.068  0.1174E-04
 -0.058  0.1236E-04
 -0.048  0.1328E-04
 -0.038  0.1453E-04
 -0.028  0.1616E-04
 -0.018  0.1820E-04
 -0.008  0.2070E-04
  0.002  0.2367E-04
  0.012  0.2714E-04
  0.022  0.3112E-04
  0.032  0.3560E-04
  0.042  0.4059E-04
  0.052  0.4606E-04
  0.062  0.5198E-04
  0.072  0.5830E-04
  0.082  0.6496E-04
  0.092  0.7189E-04
  0.102  0.7903E-04
  0.112  0.8627E-04
  0.122  0.9354E-04
  0.132  0.1007E-03
  0.142  0.1078E-03
  0.152  0.1146E-03
  0.162  0.1211E-03
  0.172  0.1273E-03
  0.182  0.1330E-03
  0.192  0.1384E-03
  0.202  0.1434E-03
  0.212  0.1481E-03
  0.222  0.1525E-03
  0.232  0.1566E-03
  0.242  0.1607E-03
  0.252  0.1648E-03
  0.262  0.1690E-03
  0.272  0.1735E-03
  0.282  0.1782E-03
  0.292  0.1833E-03
  0.302  0.1887E-03
  0.312  0.1944E-03
  0.322  0.2004E-03
  0.332  0.2065E-03
  0.342  0.2125E-03
  0.352  0.2182E-03
  0.362  0.2235E-03
  0.372  0.2280E-03
  0.382  0.2315E-03
  0.392  0.2337E-03
  0.402  0.2344E-03
  0.412  0.2336E-03
  0.422  0.2309E-03
  0.432  0.2265E-03
  0.442  0.2203E-03
  0.452  0.2123E-03
  0.462  0.2027E-03
  0.472  0.1918E-03
  0.482  0.1797E-03
  0.492  0.1667E-03
  0.502  0.1531E-03
  0.512  0.1392E-03
  0.522  0.1253E-03
  0.532  0.1116E-03
  0.542  0.9837E-04
  0.552  0.8581E-04
  0.562  0.7408E-04
  0.572  0.6328E-04
  0.582  0.5348E-04
  0.592  0.4473E-04
  0.602  0.3702E-04
  0.612  0.3031E-04
  0.622  0.2455E-04
  0.632  0.1968E-04
  0.642  0.1561E-04
  0.652  0.1225E-04
  0.662  0.9506E-05
  0.672  0.7301E-05
  0.682  0.5548E-05
  0.692  0.4171E-05
  0.702  0.3103E-05
  0.712  0.2283E-05
  0.722  0.1663E-05
  0.732  0.1198E-05
  0.742  0.8536E-06
  0.752  0.6019E-06
  0.762  0.4199E-06
  0.772  0.2898E-06
  0.782  0.1979E-06
  0.792  0.1337E-06
  0.802  0.8938E-07
  0.812  0.5911E-07
  0.822  0.3867E-07
  0.832  0.2504E-07
  0.842  0.1603E-07
