 -5.548  0.4495E-08
 -5.538  0.6954E-08
 -5.528  0.1064E-07
 -5.518  0.1611E-07
 -5.508  0.2414E-07
 -5.498  0.3579E-07
 -5.488  0.5249E-07
 -5.478  0.7619E-07
 -5.468  0.1094E-06
 -5.458  0.1555E-06
 -5.448  0.2188E-06
 -5.438  0.3047E-06
 -5.428  0.4200E-06
 -5.418  0.5731E-06
 -5.408  0.7743E-06
 -5.398  0.1036E-05
 -5.388  0.1373E-05
 -5.378  0.1802E-05
 -5.368  0.2345E-05
 -5.358  0.3023E-05
 -5.348  0.3865E-05
 -5.338  0.4901E-05
 -5.328  0.6165E-05
 -5.318  0.7699E-05
 -5.308  0.9547E-05
 -5.298  0.1176E-04
 -5.288  0.1440E-04
 -5.278  0.1754E-04
 -5.268  0.2126E-04
 -5.258  0.2565E-04
 -5.248  0.3081E-04
 -5.238  0.3689E-04
 -5.228  0.4401E-04
 -5.218  0.5235E-04
 -5.208  0.6208E-04
 -5.198  0.7342E-04
 -5.188  0.8660E-04
 -5.178  0.1019E-03
 -5.168  0.1195E-03
 -5.158  0.1398E-03
 -5.148  0.1631E-03
 -5.138  0.1899E-03
 -5.128  0.2206E-03
 -5.118  0.2559E-03
 -5.108  0.2965E-03
 -5.098  0.3437E-03
 -5.088  0.3989E-03
 -5.078  0.4641E-03
 -5.068  0.5422E-03
 -5.058  0.6366E-03
 -5.048  0.7523E-03
 -5.038  0.8954E-03
 -5.028  0.1074E-02
 -5.018  0.1297E-02
 -5.008  0.1576E-02
 -4.998  0.1926E-02
 -4.988  0.2363E-02
 -4.978  0.2904E-02
 -4.968  0.3570E-02
 -4.958  0.4381E-02
 -4.948  0.5359E-02
 -4.938  0.6527E-02
 -4.928  0.7903E-02
 -4.918  0.9505E-02
 -4.908  0.1134E-01
 -4.898  0.1343E-01
 -4.888  0.1576E-01
 -4.878  0.1832E-01
 -4.868  0.2110E-01
 -4.858  0.2406E-01
 -4.848  0.2716E-01
 -4.838  0.3035E-01
 -4.828  0.3356E-01
 -4.818  0.3673E-01
 -4.808  0.3978E-01
 -4.798  0.4263E-01
 -4.788  0.4520E-01
 -4.778  0.4741E-01
 -4.768  0.4921E-01
 -4.758  0.5053E-01
 -4.748  0.5133E-01
 -4.738  0.5158E-01
 -4.728  0.5128E-01
 -4.718  0.5044E-01
 -4.708  0.4908E-01
 -4.698  0.4725E-01
 -4.688  0.4499E-01
 -4.678  0.4238E-01
 -4.668  0.3950E-01
 -4.658  0.3642E-01
 -4.648  0.3321E-01
 -4.638  0.2997E-01
 -4.628  0.2675E-01
 -4.618  0.2362E-01
 -4.608  0.2063E-01
 -4.598  0.1782E-01
 -4.588  0.1524E-01
 -4.578  0.1288E-01
 -4.568  0.1078E-01
 -4.558  0.8920E-02
 -4.548  0.7303E-02
 -4.538  0.5914E-02
 -4.528  0.4738E-02
 -4.518  0.3755E-02
 -4.508  0.2944E-02
 -4.498  0.2284E-02
 -4.488  0.1752E-02
 -4.478  0.1330E-02
 -4.468  0.9988E-03
 -4.458  0.7419E-03
 -4.448  0.5452E-03
 -4.438  0.3963E-03
 -4.428  0.2850E-03
 -4.418  0.2027E-03
 -4.408  0.1427E-03
 -4.398  0.9934E-04
 -4.388  0.6842E-04
 -4.378  0.4661E-04
 -4.368  0.3142E-04
 -4.358  0.2095E-04
 -4.348  0.1382E-04
 -4.338  0.9015E-05
 -4.328  0.5819E-05
 -4.318  0.3716E-05
 -4.308  0.2347E-05
 -4.298  0.1467E-05
 -4.288  0.9068E-06
 -4.278  0.5545E-06
 -4.268  0.3355E-06
 -4.258  0.2008E-06
 -4.248  0.1189E-06
 -4.238  0.6962E-07
 -4.228  0.4034E-07
 -4.218  0.2312E-07
 -4.208  0.1311E-07
 -4.198  0.7353E-08
 -4.188  0.4080E-08
 -4.178  0.2240E-08
 -4.168  0.1216E-08
 -4.158  0.6533E-09
 -4.148  0.3472E-09
 -4.138  0.1825E-09
 -4.128  0.9491E-10
 -4.118  0.4883E-10
 -4.108  0.2485E-10
 -4.098  0.1251E-10
 -4.088  0.6232E-11
 -4.078  0.3070E-11
 -4.068  0.1497E-11
 -4.058  0.7216E-12
 -4.048  0.3442E-12
 -4.038  0.1624E-12
 -4.028  0.7581E-13
 -4.018  0.3501E-13
 -4.008  0.1599E-13
 -3.998  0.7227E-14
 -3.988  0.3231E-14
 -3.978  0.1429E-14
 -3.968  0.6252E-15
 -3.958  0.2706E-15
 -3.948  0.1158E-15
 -3.938  0.4906E-16
 -3.928  0.2056E-16
 -3.918  0.8521E-17
 -3.908  0.3494E-17
 -3.898  0.1417E-17
 -3.888  0.5687E-18
 -3.878  0.2258E-18
 -3.868  0.8865E-19
 -3.858  0.3444E-19
 -3.848  0.1324E-19
 -3.838  0.5032E-20
 -3.828  0.1892E-20
 -3.818  0.7040E-21
 -3.808  0.2591E-21
 -3.798  0.9434E-22
 -3.788  0.3398E-22
 -3.778  0.1211E-22
 -3.768  0.4268E-23
 -3.758  0.1488E-23
 -3.748  0.5133E-24
 -3.738  0.1752E-24
 -3.728  0.5913E-25
 -3.718  0.1975E-25
 -3.708  0.6523E-26
 -3.698  0.2132E-26
 -3.688  0.6892E-27
 -3.678  0.2204E-27
 -3.668  0.6974E-28
 -3.658  0.2183E-28
 -3.648  0.6758E-29
 -3.638  0.2070E-29
 -3.628  0.6272E-30
 -3.618  0.1880E-30
 -3.608  0.5575E-31
 -3.598  0.1635E-31
 -3.588  0.4746E-32
 -3.578  0.1362E-32
 -3.568  0.3869E-33
 -3.558  0.1087E-33
 -3.548  0.3021E-34
 -3.538  0.8305E-35
 -3.528  0.2259E-35
 -3.518  0.6077E-36
 -3.508  0.1617E-36
 -3.498  0.4259E-37
 -3.488  0.1109E-37
 -3.478  0.2858E-38
 -3.468  0.7286E-39
 -3.458  0.1837E-39
 -3.448  0.4583E-40
 -3.438  0.1131E-40
 -3.428  0.2761E-41
 -3.418  0.6668E-42
 -3.408  0.1593E-42
 -3.398  0.3765E-43
 -3.388  0.8802E-44
 -3.378  0.2036E-44
 -3.368  0.4658E-45
 -3.358  0.1054E-45
 -3.348  0.2360E-46
 -3.338  0.5229E-47
 -3.328  0.1146E-47
 -3.318  0.2483E-48
 -3.308  0.5326E-49
 -3.298  0.1130E-49
 -3.288  0.2371E-50
 -3.278  0.4922E-51
 -3.268  0.1011E-51
 -3.258  0.2054E-52
 -3.248  0.4127E-53
 -3.238  0.8206E-54
 -3.228  0.1614E-54
 -3.218  0.3140E-55
 -3.208  0.6044E-56
 -3.198  0.1151E-56
 -3.188  0.2168E-57
 -3.178  0.4039E-58
 -3.168  0.7446E-59
 -3.158  0.1358E-59
 -3.148  0.2450E-60
 -3.138  0.4372E-61
 -3.128  0.7718E-62
 -3.118  0.1348E-62
 -3.108  0.2329E-63
 -3.098  0.3980E-64
 -3.088  0.6729E-65
 -3.078  0.1125E-65
 -3.068  0.1862E-66
 -3.058  0.3048E-67
 -3.048  0.4936E-68
 -3.038  0.7906E-69
 -3.028  0.1253E-69
 -3.018  0.1964E-70
 -3.008  0.3046E-71
 -2.998  0.4682E-72
 -2.988  0.7726E-73
 -2.978  0.5278E-73
 -2.968  0.2779E-72
 -2.958  0.1793E-71
 -2.948  0.1151E-70
 -2.938  0.7307E-70
 -2.928  0.4590E-69
 -2.918  0.2852E-68
 -2.908  0.1753E-67
 -2.898  0.1066E-66
 -2.888  0.6412E-66
 -2.878  0.3816E-65
 -2.868  0.2246E-64
 -2.858  0.1308E-63
 -2.848  0.7537E-63
 -2.838  0.4295E-62
 -2.828  0.2422E-61
 -2.818  0.1351E-60
 -2.808  0.7452E-60
 -2.798  0.4067E-59
 -2.788  0.2196E-58
 -2.778  0.1173E-57
 -2.768  0.6198E-57
 -2.758  0.3240E-56
 -2.748  0.1675E-55
 -2.738  0.8571E-55
 -2.728  0.4337E-54
 -2.718  0.2171E-53
 -2.708  0.1075E-52
 -2.698  0.5268E-52
 -2.688  0.2553E-51
 -2.678  0.1224E-50
 -2.668  0.5806E-50
 -2.658  0.2724E-49
 -2.648  0.1264E-48
 -2.638  0.5805E-48
 -2.628  0.2637E-47
 -2.618  0.1185E-46
 -2.608  0.5267E-46
 -2.598  0.2316E-45
 -2.588  0.1008E-44
 -2.578  0.4336E-44
 -2.568  0.1846E-43
 -2.558  0.7774E-43
 -2.548  0.3239E-42
 -2.538  0.1335E-41
 -2.528  0.5442E-41
 -2.518  0.2195E-40
 -2.508  0.8758E-40
 -2.498  0.3457E-39
 -2.488  0.1350E-38
 -2.478  0.5214E-38
 -2.468  0.1992E-37
 -2.458  0.7531E-37
 -2.448  0.2816E-36
 -2.438  0.1042E-35
 -2.428  0.3813E-35
 -2.418  0.1380E-34
 -2.408  0.4943E-34
 -2.398  0.1751E-33
 -2.388  0.6138E-33
 -2.378  0.2128E-32
 -2.368  0.7299E-32
 -2.358  0.2477E-31
 -2.348  0.8313E-31
 -2.338  0.2760E-30
 -2.328  0.9067E-30
 -2.318  0.2946E-29
 -2.308  0.9471E-29
 -2.298  0.3012E-28
 -2.288  0.9475E-28
 -2.278  0.2949E-27
 -2.268  0.9078E-27
 -2.258  0.2765E-26
 -2.248  0.8330E-26
 -2.238  0.2483E-25
 -2.228  0.7320E-25
 -2.218  0.2135E-24
 -2.208  0.6160E-24
 -2.198  0.1758E-23
 -2.188  0.4965E-23
 -2.178  0.1387E-22
 -2.168  0.3833E-22
 -2.158  0.1048E-21
 -2.148  0.2833E-21
 -2.138  0.7580E-21
 -2.128  0.2006E-20
 -2.118  0.5252E-20
 -2.108  0.1360E-19
 -2.098  0.3485E-19
 -2.088  0.8833E-19
 -2.078  0.2215E-18
 -2.068  0.5493E-18
 -2.058  0.1348E-17
 -2.048  0.3272E-17
 -2.038  0.7856E-17
 -2.028  0.1866E-16
 -2.018  0.4386E-16
 -2.008  0.1020E-15
 -1.998  0.2345E-15
 -1.988  0.5334E-15
 -1.978  0.1201E-14
 -1.968  0.2673E-14
 -1.958  0.5887E-14
 -1.948  0.1283E-13
 -1.938  0.2765E-13
 -1.928  0.5896E-13
 -1.918  0.1244E-12
 -1.908  0.2595E-12
 -1.898  0.5358E-12
 -1.888  0.1094E-11
 -1.878  0.2210E-11
 -1.868  0.4418E-11
 -1.858  0.8735E-11
 -1.848  0.1708E-10
 -1.838  0.3306E-10
 -1.828  0.6328E-10
 -1.818  0.1198E-09
 -1.808  0.2245E-09
 -1.798  0.4161E-09
 -1.788  0.7628E-09
 -1.778  0.1384E-08
 -1.768  0.2483E-08
 -1.758  0.4408E-08
 -1.748  0.7741E-08
 -1.738  0.1345E-07
 -1.728  0.2312E-07
 -1.718  0.3931E-07
 -1.708  0.6614E-07
 -1.698  0.1101E-06
 -1.688  0.1813E-06
 -1.678  0.2954E-06
 -1.668  0.4762E-06
 -1.658  0.7595E-06
 -1.648  0.1198E-05
 -1.638  0.1871E-05
 -1.628  0.2891E-05
 -1.618  0.4419E-05
 -1.608  0.6683E-05
 -1.598  0.1000E-04
 -1.588  0.1481E-04
 -1.578  0.2171E-04
 -1.568  0.3149E-04
 -1.558  0.4521E-04
 -1.548  0.6423E-04
 -1.538  0.9032E-04
 -1.528  0.1257E-03
 -1.518  0.1732E-03
 -1.508  0.2362E-03
 -1.498  0.3190E-03
 -1.488  0.4265E-03
 -1.478  0.5645E-03
 -1.468  0.7401E-03
 -1.458  0.9609E-03
 -1.448  0.1236E-02
 -1.438  0.1574E-02
 -1.428  0.1986E-02
 -1.418  0.2484E-02
 -1.408  0.3078E-02
 -1.398  0.3780E-02
 -1.388  0.4601E-02
 -1.378  0.5553E-02
 -1.368  0.6644E-02
 -1.358  0.7883E-02
 -1.348  0.9276E-02
 -1.338  0.1083E-01
 -1.328  0.1254E-01
 -1.318  0.1440E-01
 -1.308  0.1641E-01
 -1.298  0.1856E-01
 -1.288  0.2083E-01
 -1.278  0.2320E-01
 -1.268  0.2565E-01
 -1.258  0.2813E-01
 -1.248  0.3062E-01
 -1.238  0.3308E-01
 -1.228  0.3546E-01
 -1.218  0.3772E-01
 -1.208  0.3980E-01
 -1.198  0.4167E-01
 -1.188  0.4327E-01
 -1.178  0.4457E-01
 -1.168  0.4552E-01
 -1.158  0.4611E-01
 -1.148  0.4630E-01
 -1.138  0.4608E-01
 -1.128  0.4546E-01
 -1.118  0.4445E-01
 -1.108  0.4306E-01
 -1.098  0.4133E-01
 -1.088  0.3930E-01
 -1.078  0.3702E-01
 -1.068  0.3454E-01
 -1.058  0.3191E-01
 -1.048  0.2919E-01
 -1.038  0.2644E-01
 -1.028  0.2371E-01
 -1.018  0.2105E-01
 -1.008  0.1850E-01
 -0.998  0.1610E-01
 -0.988  0.1386E-01
 -0.978  0.1182E-01
 -0.968  0.9970E-02
 -0.958  0.8324E-02
 -0.948  0.6879E-02
 -0.938  0.5626E-02
 -0.928  0.4555E-02
 -0.918  0.3651E-02
 -0.908  0.2898E-02
 -0.898  0.2279E-02
 -0.888  0.1778E-02
 -0.878  0.1378E-02
 -0.868  0.1065E-02
 -0.858  0.8255E-03
 -0.848  0.6468E-03
 -0.838  0.5191E-03
 -0.828  0.4341E-03
 -0.818  0.3849E-03
 -0.808  0.3663E-03
 -0.798  0.3744E-03
 -0.788  0.4062E-03
 -0.778  0.4600E-03
 -0.768  0.5343E-03
 -0.758  0.6287E-03
 -0.748  0.7428E-03
 -0.738  0.8763E-03
 -0.728  0.1029E-02
 -0.718  0.1202E-02
 -0.708  0.1394E-02
 -0.698  0.1605E-02
 -0.688  0.1835E-02
 -0.678  0.2084E-02
 -0.668  0.2351E-02
 -0.658  0.2638E-02
 -0.648  0.2944E-02
 -0.638  0.3273E-02
 -0.628  0.3625E-02
 -0.618  0.4005E-02
 -0.608  0.4418E-02
 -0.598  0.4870E-02
 -0.588  0.5369E-02
 -0.578  0.5924E-02
 -0.568  0.6546E-02
 -0.558  0.7245E-02
 -0.548  0.8032E-02
 -0.538  0.8918E-02
 -0.528  0.9913E-02
 -0.518  0.1102E-01
 -0.508  0.1226E-01
 -0.498  0.1361E-01
 -0.488  0.1509E-01
 -0.478  0.1667E-01
 -0.468  0.1836E-01
 -0.458  0.2012E-01
 -0.448  0.2193E-01
 -0.438  0.2376E-01
 -0.428  0.2557E-01
 -0.418  0.2733E-01
 -0.408  0.2900E-01
 -0.398  0.3053E-01
 -0.388  0.3188E-01
 -0.378  0.3302E-01
 -0.368  0.3391E-01
 -0.358  0.3452E-01
 -0.348  0.3485E-01
 -0.338  0.3487E-01
 -0.328  0.3460E-01
 -0.318  0.3404E-01
 -0.308  0.3320E-01
 -0.298  0.3212E-01
 -0.288  0.3083E-01
 -0.278  0.2936E-01
 -0.268  0.2776E-01
 -0.258  0.2606E-01
 -0.248  0.2431E-01
 -0.238  0.2255E-01
 -0.228  0.2081E-01
 -0.218  0.1911E-01
 -0.208  0.1749E-01
 -0.198  0.1596E-01
 -0.188  0.1454E-01
 -0.178  0.1323E-01
 -0.168  0.1205E-01
 -0.158  0.1099E-01
 -0.148  0.1006E-01
 -0.138  0.9262E-02
 -0.128  0.8591E-02
 -0.118  0.8053E-02
 -0.108  0.7653E-02
 -0.098  0.7397E-02
 -0.088  0.7294E-02
 -0.078  0.7355E-02
 -0.068  0.7590E-02
 -0.058  0.8013E-02
 -0.048  0.8633E-02
 -0.038  0.9460E-02
 -0.028  0.1050E-01
 -0.018  0.1176E-01
 -0.008  0.1322E-01
  0.002  0.1488E-01
  0.012  0.1673E-01
  0.022  0.1873E-01
  0.032  0.2085E-01
  0.042  0.2305E-01
  0.052  0.2529E-01
  0.062  0.2750E-01
  0.072  0.2963E-01
  0.082  0.3164E-01
  0.092  0.3345E-01
  0.102  0.3502E-01
  0.112  0.3631E-01
  0.122  0.3728E-01
  0.132  0.3790E-01
  0.142  0.3816E-01
  0.152  0.3807E-01
  0.162  0.3763E-01
  0.172  0.3687E-01
  0.182  0.3583E-01
  0.192  0.3456E-01
  0.202  0.3311E-01
  0.212  0.3155E-01
  0.222  0.2993E-01
  0.232  0.2833E-01
  0.242  0.2679E-01
  0.252  0.2538E-01
  0.262  0.2414E-01
  0.272  0.2311E-01
  0.282  0.2232E-01
  0.292  0.2177E-01
  0.302  0.2147E-01
  0.312  0.2142E-01
  0.322  0.2158E-01
  0.332  0.2194E-01
  0.342  0.2245E-01
  0.352  0.2307E-01
  0.362  0.2375E-01
  0.372  0.2444E-01
  0.382  0.2508E-01
  0.392  0.2564E-01
  0.402  0.2606E-01
  0.412  0.2630E-01
  0.422  0.2635E-01
  0.432  0.2618E-01
  0.442  0.2578E-01
  0.452  0.2514E-01
  0.462  0.2429E-01
  0.472  0.2324E-01
  0.482  0.2201E-01
  0.492  0.2063E-01
  0.502  0.1915E-01
  0.512  0.1758E-01
  0.522  0.1597E-01
  0.532  0.1436E-01
  0.542  0.1278E-01
  0.552  0.1125E-01
  0.562  0.9797E-02
  0.572  0.8442E-02
  0.582  0.7198E-02
  0.592  0.6073E-02
  0.602  0.5069E-02
  0.612  0.4185E-02
  0.622  0.3420E-02
  0.632  0.2764E-02
  0.642  0.2211E-02
  0.652  0.1749E-02
  0.662  0.1369E-02
  0.672  0.1060E-02
  0.682  0.8124E-03
  0.692  0.6159E-03
  0.702  0.4619E-03
  0.712  0.3427E-03
  0.722  0.2516E-03
  0.732  0.1827E-03
  0.742  0.1313E-03
  0.752  0.9334E-04
  0.762  0.6564E-04
  0.772  0.4568E-04
  0.782  0.3144E-04
  0.792  0.2141E-04
  0.802  0.1443E-04
  0.812  0.9619E-05
  0.822  0.6344E-05
  0.832  0.4139E-05
  0.842  0.2672E-05
