 -5.548  0.1063E-09
 -5.538  0.1644E-09
 -5.528  0.2515E-09
 -5.518  0.3805E-09
 -5.508  0.5696E-09
 -5.498  0.8435E-09
 -5.488  0.1236E-08
 -5.478  0.1791E-08
 -5.468  0.2569E-08
 -5.458  0.3644E-08
 -5.448  0.5115E-08
 -5.438  0.7103E-08
 -5.428  0.9760E-08
 -5.418  0.1327E-07
 -5.408  0.1785E-07
 -5.398  0.2376E-07
 -5.388  0.3129E-07
 -5.378  0.4079E-07
 -5.368  0.5261E-07
 -5.358  0.6717E-07
 -5.348  0.8489E-07
 -5.338  0.1062E-06
 -5.328  0.1316E-06
 -5.318  0.1614E-06
 -5.308  0.1960E-06
 -5.298  0.2358E-06
 -5.288  0.2812E-06
 -5.278  0.3322E-06
 -5.268  0.3890E-06
 -5.258  0.4519E-06
 -5.248  0.5206E-06
 -5.238  0.5953E-06
 -5.228  0.6758E-06
 -5.218  0.7620E-06
 -5.208  0.8539E-06
 -5.198  0.9514E-06
 -5.188  0.1055E-05
 -5.178  0.1163E-05
 -5.168  0.1278E-05
 -5.158  0.1398E-05
 -5.148  0.1525E-05
 -5.138  0.1657E-05
 -5.128  0.1795E-05
 -5.118  0.1939E-05
 -5.108  0.2088E-05
 -5.098  0.2241E-05
 -5.088  0.2397E-05
 -5.078  0.2555E-05
 -5.068  0.2711E-05
 -5.058  0.2864E-05
 -5.048  0.3011E-05
 -5.038  0.3148E-05
 -5.028  0.3274E-05
 -5.018  0.3386E-05
 -5.008  0.3480E-05
 -4.998  0.3554E-05
 -4.988  0.3608E-05
 -4.978  0.3640E-05
 -4.968  0.3649E-05
 -4.958  0.3638E-05
 -4.948  0.3606E-05
 -4.938  0.3557E-05
 -4.928  0.3493E-05
 -4.918  0.3416E-05
 -4.908  0.3331E-05
 -4.898  0.3240E-05
 -4.888  0.3148E-05
 -4.878  0.3056E-05
 -4.868  0.2967E-05
 -4.858  0.2884E-05
 -4.848  0.2808E-05
 -4.838  0.2738E-05
 -4.828  0.2676E-05
 -4.818  0.2619E-05
 -4.808  0.2568E-05
 -4.798  0.2519E-05
 -4.788  0.2472E-05
 -4.778  0.2424E-05
 -4.768  0.2372E-05
 -4.758  0.2316E-05
 -4.748  0.2252E-05
 -4.738  0.2180E-05
 -4.728  0.2099E-05
 -4.718  0.2008E-05
 -4.708  0.1909E-05
 -4.698  0.1801E-05
 -4.688  0.1685E-05
 -4.678  0.1564E-05
 -4.668  0.1440E-05
 -4.658  0.1313E-05
 -4.648  0.1186E-05
 -4.638  0.1062E-05
 -4.628  0.9411E-06
 -4.618  0.8260E-06
 -4.608  0.7178E-06
 -4.598  0.6175E-06
 -4.588  0.5258E-06
 -4.578  0.4431E-06
 -4.568  0.3696E-06
 -4.558  0.3051E-06
 -4.548  0.2492E-06
 -4.538  0.2015E-06
 -4.528  0.1611E-06
 -4.518  0.1275E-06
 -4.508  0.9985E-07
 -4.498  0.7736E-07
 -4.488  0.5930E-07
 -4.478  0.4497E-07
 -4.468  0.3374E-07
 -4.458  0.2505E-07
 -4.448  0.1840E-07
 -4.438  0.1337E-07
 -4.428  0.9607E-08
 -4.418  0.6832E-08
 -4.408  0.4806E-08
 -4.398  0.3345E-08
 -4.388  0.2303E-08
 -4.378  0.1569E-08
 -4.368  0.1057E-08
 -4.358  0.7046E-09
 -4.348  0.4647E-09
 -4.338  0.3032E-09
 -4.328  0.1957E-09
 -4.318  0.1249E-09
 -4.308  0.7890E-10
 -4.298  0.4930E-10
 -4.288  0.3047E-10
 -4.278  0.1863E-10
 -4.268  0.1127E-10
 -4.258  0.6745E-11
 -4.248  0.3993E-11
 -4.238  0.2338E-11
 -4.228  0.1355E-11
 -4.218  0.7764E-12
 -4.208  0.4402E-12
 -4.198  0.2469E-12
 -4.188  0.1370E-12
 -4.178  0.7519E-13
 -4.168  0.4083E-13
 -4.158  0.2193E-13
 -4.148  0.1165E-13
 -4.138  0.6126E-14
 -4.128  0.3185E-14
 -4.118  0.1639E-14
 -4.108  0.8339E-15
 -4.098  0.4198E-15
 -4.088  0.2091E-15
 -4.078  0.1030E-15
 -4.068  0.5021E-16
 -4.058  0.2421E-16
 -4.048  0.1155E-16
 -4.038  0.5448E-17
 -4.028  0.2543E-17
 -4.018  0.1174E-17
 -4.008  0.5364E-18
 -3.998  0.2424E-18
 -3.988  0.1084E-18
 -3.978  0.4792E-19
 -3.968  0.2096E-19
 -3.958  0.9072E-20
 -3.948  0.3884E-20
 -3.938  0.1645E-20
 -3.928  0.6892E-21
 -3.918  0.2856E-21
 -3.908  0.1171E-21
 -3.898  0.4750E-22
 -3.888  0.1906E-22
 -3.878  0.7566E-23
 -3.868  0.2971E-23
 -3.858  0.1154E-23
 -3.848  0.4435E-24
 -3.838  0.1686E-24
 -3.828  0.6340E-25
 -3.818  0.2359E-25
 -3.808  0.8681E-26
 -3.798  0.3161E-26
 -3.788  0.1138E-26
 -3.778  0.4056E-27
 -3.768  0.1429E-27
 -3.758  0.4984E-28
 -3.748  0.1719E-28
 -3.738  0.5866E-29
 -3.728  0.1980E-29
 -3.718  0.6612E-30
 -3.708  0.2184E-30
 -3.698  0.7138E-31
 -3.688  0.2308E-31
 -3.678  0.7380E-32
 -3.668  0.2335E-32
 -3.658  0.7307E-33
 -3.648  0.2262E-33
 -3.638  0.6929E-34
 -3.628  0.2099E-34
 -3.618  0.6293E-35
 -3.608  0.1866E-35
 -3.598  0.5473E-36
 -3.588  0.1588E-36
 -3.578  0.4559E-37
 -3.568  0.1295E-37
 -3.558  0.3637E-38
 -3.548  0.1011E-38
 -3.538  0.2778E-39
 -3.528  0.7556E-40
 -3.518  0.2033E-40
 -3.508  0.5410E-41
 -3.498  0.1424E-41
 -3.488  0.3710E-42
 -3.478  0.9559E-43
 -3.468  0.2437E-43
 -3.458  0.6144E-44
 -3.448  0.1533E-44
 -3.438  0.3782E-45
 -3.428  0.9231E-46
 -3.418  0.2229E-46
 -3.408  0.5325E-47
 -3.398  0.1259E-47
 -3.388  0.2942E-48
 -3.378  0.6805E-49
 -3.368  0.1557E-49
 -3.358  0.3524E-50
 -3.348  0.7889E-51
 -3.338  0.1747E-51
 -3.328  0.3829E-52
 -3.318  0.8299E-53
 -3.308  0.1780E-53
 -3.298  0.3775E-54
 -3.288  0.7921E-55
 -3.278  0.1644E-55
 -3.268  0.3377E-56
 -3.258  0.6860E-57
 -3.248  0.1379E-57
 -3.238  0.2741E-58
 -3.228  0.5391E-59
 -3.218  0.1049E-59
 -3.208  0.2019E-60
 -3.198  0.3843E-61
 -3.188  0.7239E-62
 -3.178  0.1349E-62
 -3.168  0.2486E-63
 -3.158  0.4534E-64
 -3.148  0.8179E-65
 -3.138  0.1459E-65
 -3.128  0.2576E-66
 -3.118  0.4499E-67
 -3.108  0.7773E-68
 -3.098  0.1328E-68
 -3.088  0.2246E-69
 -3.078  0.3756E-70
 -3.068  0.6215E-71
 -3.058  0.1017E-71
 -3.048  0.1647E-72
 -3.038  0.2638E-73
 -3.028  0.4180E-74
 -3.018  0.6553E-75
 -3.008  0.1018E-75
 -2.998  0.1662E-76
 -2.988  0.9315E-77
 -2.978  0.4643E-76
 -2.968  0.3022E-75
 -2.958  0.1961E-74
 -2.948  0.1258E-73
 -2.938  0.7990E-73
 -2.928  0.5018E-72
 -2.918  0.3118E-71
 -2.908  0.1917E-70
 -2.898  0.1166E-69
 -2.888  0.7011E-69
 -2.878  0.4172E-68
 -2.868  0.2456E-67
 -2.858  0.1430E-66
 -2.848  0.8241E-66
 -2.838  0.4696E-65
 -2.828  0.2648E-64
 -2.818  0.1477E-63
 -2.808  0.8148E-63
 -2.798  0.4447E-62
 -2.788  0.2401E-61
 -2.778  0.1283E-60
 -2.768  0.6777E-60
 -2.758  0.3543E-59
 -2.748  0.1832E-58
 -2.738  0.9371E-58
 -2.728  0.4742E-57
 -2.718  0.2374E-56
 -2.708  0.1176E-55
 -2.698  0.5760E-55
 -2.688  0.2792E-54
 -2.678  0.1338E-53
 -2.668  0.6348E-53
 -2.658  0.2978E-52
 -2.648  0.1382E-51
 -2.638  0.6348E-51
 -2.628  0.2883E-50
 -2.618  0.1296E-49
 -2.608  0.5759E-49
 -2.598  0.2533E-48
 -2.588  0.1102E-47
 -2.578  0.4741E-47
 -2.568  0.2018E-46
 -2.558  0.8500E-46
 -2.548  0.3541E-45
 -2.538  0.1459E-44
 -2.528  0.5951E-44
 -2.518  0.2400E-43
 -2.508  0.9576E-43
 -2.498  0.3780E-42
 -2.488  0.1476E-41
 -2.478  0.5701E-41
 -2.468  0.2178E-40
 -2.458  0.8235E-40
 -2.448  0.3079E-39
 -2.438  0.1139E-38
 -2.428  0.4169E-38
 -2.418  0.1509E-37
 -2.408  0.5405E-37
 -2.398  0.1915E-36
 -2.388  0.6711E-36
 -2.378  0.2327E-35
 -2.368  0.7981E-35
 -2.358  0.2708E-34
 -2.348  0.9090E-34
 -2.338  0.3018E-33
 -2.328  0.9914E-33
 -2.318  0.3222E-32
 -2.308  0.1036E-31
 -2.298  0.3293E-31
 -2.288  0.1036E-30
 -2.278  0.3224E-30
 -2.268  0.9926E-30
 -2.258  0.3023E-29
 -2.248  0.9108E-29
 -2.238  0.2715E-28
 -2.228  0.8004E-28
 -2.218  0.2334E-27
 -2.208  0.6736E-27
 -2.198  0.1923E-26
 -2.188  0.5429E-26
 -2.178  0.1517E-25
 -2.168  0.4191E-25
 -2.158  0.1146E-24
 -2.148  0.3098E-24
 -2.138  0.8288E-24
 -2.128  0.2193E-23
 -2.118  0.5742E-23
 -2.108  0.1487E-22
 -2.098  0.3810E-22
 -2.088  0.9657E-22
 -2.078  0.2421E-21
 -2.068  0.6006E-21
 -2.058  0.1474E-20
 -2.048  0.3577E-20
 -2.038  0.8590E-20
 -2.028  0.2040E-19
 -2.018  0.4795E-19
 -2.008  0.1115E-18
 -1.998  0.2564E-18
 -1.988  0.5832E-18
 -1.978  0.1313E-17
 -1.968  0.2922E-17
 -1.958  0.6436E-17
 -1.948  0.1402E-16
 -1.938  0.3023E-16
 -1.928  0.6445E-16
 -1.918  0.1360E-15
 -1.908  0.2837E-15
 -1.898  0.5856E-15
 -1.888  0.1196E-14
 -1.878  0.2416E-14
 -1.868  0.4828E-14
 -1.858  0.9546E-14
 -1.848  0.1867E-13
 -1.838  0.3612E-13
 -1.828  0.6915E-13
 -1.818  0.1309E-12
 -1.808  0.2453E-12
 -1.798  0.4545E-12
 -1.788  0.8332E-12
 -1.778  0.1511E-11
 -1.768  0.2711E-11
 -1.758  0.4812E-11
 -1.748  0.8450E-11
 -1.738  0.1468E-10
 -1.728  0.2523E-10
 -1.718  0.4289E-10
 -1.708  0.7215E-10
 -1.698  0.1201E-09
 -1.688  0.1976E-09
 -1.678  0.3219E-09
 -1.668  0.5187E-09
 -1.658  0.8269E-09
 -1.648  0.1304E-08
 -1.638  0.2035E-08
 -1.628  0.3143E-08
 -1.618  0.4801E-08
 -1.608  0.7256E-08
 -1.598  0.1085E-07
 -1.588  0.1606E-07
 -1.578  0.2351E-07
 -1.568  0.3407E-07
 -1.558  0.4885E-07
 -1.548  0.6931E-07
 -1.538  0.9733E-07
 -1.528  0.1353E-06
 -1.518  0.1861E-06
 -1.508  0.2533E-06
 -1.498  0.3413E-06
 -1.488  0.4553E-06
 -1.478  0.6013E-06
 -1.468  0.7863E-06
 -1.458  0.1018E-05
 -1.448  0.1305E-05
 -1.438  0.1657E-05
 -1.428  0.2083E-05
 -1.418  0.2595E-05
 -1.408  0.3202E-05
 -1.398  0.3915E-05
 -1.388  0.4743E-05
 -1.378  0.5696E-05
 -1.368  0.6779E-05
 -1.358  0.8000E-05
 -1.348  0.9360E-05
 -1.338  0.1086E-04
 -1.328  0.1250E-04
 -1.318  0.1427E-04
 -1.308  0.1616E-04
 -1.298  0.1815E-04
 -1.288  0.2024E-04
 -1.278  0.2240E-04
 -1.268  0.2461E-04
 -1.258  0.2683E-04
 -1.248  0.2903E-04
 -1.238  0.3118E-04
 -1.228  0.3325E-04
 -1.218  0.3519E-04
 -1.208  0.3696E-04
 -1.198  0.3853E-04
 -1.188  0.3986E-04
 -1.178  0.4092E-04
 -1.168  0.4167E-04
 -1.158  0.4210E-04
 -1.148  0.4219E-04
 -1.138  0.4193E-04
 -1.128  0.4132E-04
 -1.118  0.4037E-04
 -1.108  0.3909E-04
 -1.098  0.3752E-04
 -1.088  0.3570E-04
 -1.078  0.3364E-04
 -1.068  0.3142E-04
 -1.058  0.2906E-04
 -1.048  0.2663E-04
 -1.038  0.2417E-04
 -1.028  0.2172E-04
 -1.018  0.1934E-04
 -1.008  0.1705E-04
 -0.998  0.1489E-04
 -0.988  0.1288E-04
 -0.978  0.1104E-04
 -0.968  0.9394E-05
 -0.958  0.7940E-05
 -0.948  0.6685E-05
 -0.938  0.5629E-05
 -0.928  0.4771E-05
 -0.918  0.4110E-05
 -0.908  0.3644E-05
 -0.898  0.3373E-05
 -0.888  0.3298E-05
 -0.878  0.3426E-05
 -0.868  0.3765E-05
 -0.858  0.4326E-05
 -0.848  0.5124E-05
 -0.838  0.6177E-05
 -0.828  0.7503E-05
 -0.818  0.9121E-05
 -0.808  0.1105E-04
 -0.798  0.1330E-04
 -0.788  0.1589E-04
 -0.778  0.1881E-04
 -0.768  0.2206E-04
 -0.758  0.2563E-04
 -0.748  0.2949E-04
 -0.738  0.3360E-04
 -0.728  0.3791E-04
 -0.718  0.4236E-04
 -0.708  0.4689E-04
 -0.698  0.5142E-04
 -0.688  0.5587E-04
 -0.678  0.6017E-04
 -0.668  0.6424E-04
 -0.658  0.6803E-04
 -0.648  0.7147E-04
 -0.638  0.7453E-04
 -0.628  0.7720E-04
 -0.618  0.7947E-04
 -0.608  0.8137E-04
 -0.598  0.8294E-04
 -0.588  0.8423E-04
 -0.578  0.8532E-04
 -0.568  0.8628E-04
 -0.558  0.8720E-04
 -0.548  0.8816E-04
 -0.538  0.8923E-04
 -0.528  0.9046E-04
 -0.518  0.9190E-04
 -0.508  0.9357E-04
 -0.498  0.9545E-04
 -0.488  0.9752E-04
 -0.478  0.9973E-04
 -0.468  0.1020E-03
 -0.458  0.1042E-03
 -0.448  0.1063E-03
 -0.438  0.1082E-03
 -0.428  0.1097E-03
 -0.418  0.1107E-03
 -0.408  0.1112E-03
 -0.398  0.1111E-03
 -0.388  0.1103E-03
 -0.378  0.1088E-03
 -0.368  0.1067E-03
 -0.358  0.1038E-03
 -0.348  0.1004E-03
 -0.338  0.9651E-04
 -0.328  0.9214E-04
 -0.318  0.8745E-04
 -0.308  0.8253E-04
 -0.298  0.7751E-04
 -0.288  0.7249E-04
 -0.278  0.6755E-04
 -0.268  0.6279E-04
 -0.258  0.5828E-04
 -0.248  0.5407E-04
 -0.238  0.5018E-04
 -0.228  0.4664E-04
 -0.218  0.4344E-04
 -0.208  0.4057E-04
 -0.198  0.3801E-04
 -0.188  0.3574E-04
 -0.178  0.3371E-04
 -0.168  0.3191E-04
 -0.158  0.3030E-04
 -0.148  0.2886E-04
 -0.138  0.2760E-04
 -0.128  0.2651E-04
 -0.118  0.2562E-04
 -0.108  0.2496E-04
 -0.098  0.2456E-04
 -0.088  0.2450E-04
 -0.078  0.2483E-04
 -0.068  0.2564E-04
 -0.058  0.2700E-04
 -0.048  0.2900E-04
 -0.038  0.3173E-04
 -0.028  0.3527E-04
 -0.018  0.3970E-04
 -0.008  0.4508E-04
  0.002  0.5146E-04
  0.012  0.5888E-04
  0.022  0.6735E-04
  0.032  0.7687E-04
  0.042  0.8741E-04
  0.052  0.9891E-04
  0.062  0.1113E-03
  0.072  0.1244E-03
  0.082  0.1382E-03
  0.092  0.1525E-03
  0.102  0.1670E-03
  0.112  0.1817E-03
  0.122  0.1963E-03
  0.132  0.2107E-03
  0.142  0.2245E-03
  0.152  0.2377E-03
  0.162  0.2501E-03
  0.172  0.2616E-03
  0.182  0.2720E-03
  0.192  0.2814E-03
  0.202  0.2898E-03
  0.212  0.2971E-03
  0.222  0.3035E-03
  0.232  0.3092E-03
  0.242  0.3144E-03
  0.252  0.3191E-03
  0.262  0.3238E-03
  0.272  0.3285E-03
  0.282  0.3335E-03
  0.292  0.3388E-03
  0.302  0.3447E-03
  0.312  0.3510E-03
  0.322  0.3578E-03
  0.332  0.3648E-03
  0.342  0.3719E-03
  0.352  0.3788E-03
  0.362  0.3850E-03
  0.372  0.3903E-03
  0.382  0.3941E-03
  0.392  0.3962E-03
  0.402  0.3960E-03
  0.412  0.3935E-03
  0.422  0.3882E-03
  0.432  0.3802E-03
  0.442  0.3694E-03
  0.452  0.3558E-03
  0.462  0.3398E-03
  0.472  0.3215E-03
  0.482  0.3014E-03
  0.492  0.2798E-03
  0.502  0.2572E-03
  0.512  0.2341E-03
  0.522  0.2109E-03
  0.532  0.1881E-03
  0.542  0.1660E-03
  0.552  0.1450E-03
  0.562  0.1254E-03
  0.572  0.1073E-03
  0.582  0.9083E-04
  0.592  0.7609E-04
  0.602  0.6308E-04
  0.612  0.5173E-04
  0.622  0.4198E-04
  0.632  0.3371E-04
  0.642  0.2678E-04
  0.652  0.2105E-04
  0.662  0.1637E-04
  0.672  0.1260E-04
  0.682  0.9593E-05
  0.692  0.7226E-05
  0.702  0.5385E-05
  0.712  0.3971E-05
  0.722  0.2897E-05
  0.732  0.2091E-05
  0.742  0.1493E-05
  0.752  0.1055E-05
  0.762  0.7374E-06
  0.772  0.5100E-06
  0.782  0.3490E-06
  0.792  0.2362E-06
  0.802  0.1582E-06
  0.812  0.1049E-06
  0.822  0.6875E-07
  0.832  0.4459E-07
  0.842  0.2862E-07
