 -5.548  0.3167E-07
 -5.538  0.4897E-07
 -5.528  0.7490E-07
 -5.518  0.1133E-06
 -5.508  0.1697E-06
 -5.498  0.2513E-06
 -5.488  0.3682E-06
 -5.478  0.5338E-06
 -5.468  0.7656E-06
 -5.458  0.1086E-05
 -5.448  0.1525E-05
 -5.438  0.2119E-05
 -5.428  0.2912E-05
 -5.418  0.3960E-05
 -5.408  0.5330E-05
 -5.398  0.7098E-05
 -5.388  0.9355E-05
 -5.378  0.1220E-04
 -5.368  0.1576E-04
 -5.358  0.2014E-04
 -5.348  0.2548E-04
 -5.338  0.3193E-04
 -5.328  0.3961E-04
 -5.318  0.4869E-04
 -5.308  0.5928E-04
 -5.298  0.7153E-04
 -5.288  0.8555E-04
 -5.278  0.1015E-03
 -5.268  0.1194E-03
 -5.258  0.1393E-03
 -5.248  0.1615E-03
 -5.238  0.1858E-03
 -5.228  0.2126E-03
 -5.218  0.2417E-03
 -5.208  0.2735E-03
 -5.198  0.3080E-03
 -5.188  0.3454E-03
 -5.178  0.3859E-03
 -5.168  0.4299E-03
 -5.158  0.4776E-03
 -5.148  0.5294E-03
 -5.138  0.5857E-03
 -5.128  0.6468E-03
 -5.118  0.7133E-03
 -5.108  0.7857E-03
 -5.098  0.8646E-03
 -5.088  0.9509E-03
 -5.078  0.1046E-02
 -5.068  0.1150E-02
 -5.058  0.1267E-02
 -5.048  0.1398E-02
 -5.038  0.1546E-02
 -5.028  0.1718E-02
 -5.018  0.1917E-02
 -5.008  0.2152E-02
 -4.998  0.2431E-02
 -4.988  0.2764E-02
 -4.978  0.3162E-02
 -4.968  0.3640E-02
 -4.958  0.4210E-02
 -4.948  0.4887E-02
 -4.938  0.5686E-02
 -4.928  0.6620E-02
 -4.918  0.7701E-02
 -4.908  0.8937E-02
 -4.898  0.1033E-01
 -4.888  0.1189E-01
 -4.878  0.1360E-01
 -4.868  0.1545E-01
 -4.858  0.1742E-01
 -4.848  0.1949E-01
 -4.838  0.2161E-01
 -4.828  0.2374E-01
 -4.818  0.2585E-01
 -4.808  0.2787E-01
 -4.798  0.2975E-01
 -4.788  0.3144E-01
 -4.778  0.3290E-01
 -4.768  0.3407E-01
 -4.758  0.3491E-01
 -4.748  0.3541E-01
 -4.738  0.3554E-01
 -4.728  0.3529E-01
 -4.718  0.3468E-01
 -4.708  0.3371E-01
 -4.698  0.3243E-01
 -4.688  0.3086E-01
 -4.678  0.2906E-01
 -4.668  0.2707E-01
 -4.658  0.2494E-01
 -4.648  0.2274E-01
 -4.638  0.2051E-01
 -4.628  0.1830E-01
 -4.618  0.1616E-01
 -4.608  0.1411E-01
 -4.598  0.1219E-01
 -4.588  0.1042E-01
 -4.578  0.8809E-02
 -4.568  0.7369E-02
 -4.558  0.6097E-02
 -4.548  0.4991E-02
 -4.538  0.4042E-02
 -4.528  0.3238E-02
 -4.518  0.2566E-02
 -4.508  0.2012E-02
 -4.498  0.1560E-02
 -4.488  0.1197E-02
 -4.478  0.9088E-03
 -4.468  0.6824E-03
 -4.458  0.5069E-03
 -4.448  0.3725E-03
 -4.438  0.2707E-03
 -4.428  0.1947E-03
 -4.418  0.1385E-03
 -4.408  0.9748E-04
 -4.398  0.6786E-04
 -4.388  0.4674E-04
 -4.378  0.3184E-04
 -4.368  0.2146E-04
 -4.358  0.1431E-04
 -4.348  0.9438E-05
 -4.338  0.6158E-05
 -4.328  0.3975E-05
 -4.318  0.2538E-05
 -4.308  0.1603E-05
 -4.298  0.1002E-05
 -4.288  0.6194E-06
 -4.278  0.3788E-06
 -4.268  0.2292E-06
 -4.258  0.1371E-06
 -4.248  0.8120E-07
 -4.238  0.4756E-07
 -4.228  0.2755E-07
 -4.218  0.1579E-07
 -4.208  0.8954E-08
 -4.198  0.5023E-08
 -4.188  0.2787E-08
 -4.178  0.1530E-08
 -4.168  0.8307E-09
 -4.158  0.4462E-09
 -4.148  0.2371E-09
 -4.138  0.1247E-09
 -4.128  0.6483E-10
 -4.118  0.3335E-10
 -4.108  0.1698E-10
 -4.098  0.8546E-11
 -4.088  0.4257E-11
 -4.078  0.2097E-11
 -4.068  0.1022E-11
 -4.058  0.4929E-12
 -4.048  0.2351E-12
 -4.038  0.1109E-12
 -4.028  0.5179E-13
 -4.018  0.2391E-13
 -4.008  0.1092E-13
 -3.998  0.4937E-14
 -3.988  0.2207E-14
 -3.978  0.9761E-15
 -3.968  0.4270E-15
 -3.958  0.1848E-15
 -3.948  0.7913E-16
 -3.938  0.3351E-16
 -3.928  0.1404E-16
 -3.918  0.5820E-17
 -3.908  0.2387E-17
 -3.898  0.9681E-18
 -3.888  0.3885E-18
 -3.878  0.1542E-18
 -3.868  0.6056E-19
 -3.858  0.2352E-19
 -3.848  0.9041E-20
 -3.838  0.3437E-20
 -3.828  0.1293E-20
 -3.818  0.4809E-21
 -3.808  0.1770E-21
 -3.798  0.6444E-22
 -3.788  0.2321E-22
 -3.778  0.8270E-23
 -3.768  0.2915E-23
 -3.758  0.1016E-23
 -3.748  0.3506E-24
 -3.738  0.1196E-24
 -3.728  0.4039E-25
 -3.718  0.1349E-25
 -3.708  0.4456E-26
 -3.698  0.1456E-26
 -3.688  0.4708E-27
 -3.678  0.1506E-27
 -3.668  0.4764E-28
 -3.658  0.1491E-28
 -3.648  0.4616E-29
 -3.638  0.1414E-29
 -3.628  0.4284E-30
 -3.618  0.1284E-30
 -3.608  0.3808E-31
 -3.598  0.1117E-31
 -3.588  0.3242E-32
 -3.578  0.9306E-33
 -3.568  0.2643E-33
 -3.558  0.7424E-34
 -3.548  0.2063E-34
 -3.538  0.5673E-35
 -3.528  0.1543E-35
 -3.518  0.4151E-36
 -3.508  0.1105E-36
 -3.498  0.2909E-37
 -3.488  0.7577E-38
 -3.478  0.1952E-38
 -3.468  0.4977E-39
 -3.458  0.1255E-39
 -3.448  0.3131E-40
 -3.438  0.7725E-41
 -3.428  0.1886E-41
 -3.418  0.4554E-42
 -3.408  0.1088E-42
 -3.398  0.2572E-43
 -3.388  0.6012E-44
 -3.378  0.1391E-44
 -3.368  0.3182E-45
 -3.358  0.7201E-46
 -3.348  0.1612E-46
 -3.338  0.3571E-47
 -3.328  0.7826E-48
 -3.318  0.1696E-48
 -3.308  0.3638E-49
 -3.298  0.7717E-50
 -3.288  0.1619E-50
 -3.278  0.3362E-51
 -3.268  0.6904E-52
 -3.258  0.1403E-52
 -3.248  0.2819E-53
 -3.238  0.5605E-54
 -3.228  0.1102E-54
 -3.218  0.2145E-55
 -3.208  0.4129E-56
 -3.198  0.7861E-57
 -3.188  0.1481E-57
 -3.178  0.2759E-58
 -3.168  0.5086E-59
 -3.158  0.9275E-60
 -3.148  0.1673E-60
 -3.138  0.2986E-61
 -3.128  0.5272E-62
 -3.118  0.9207E-63
 -3.108  0.1591E-63
 -3.098  0.2719E-64
 -3.088  0.4596E-65
 -3.078  0.7688E-66
 -3.068  0.1272E-66
 -3.058  0.2082E-67
 -3.048  0.3371E-68
 -3.038  0.5400E-69
 -3.028  0.8558E-70
 -3.018  0.1341E-70
 -3.008  0.2080E-71
 -2.998  0.3192E-72
 -2.988  0.4861E-73
 -2.978  0.8467E-74
 -2.968  0.8924E-74
 -2.958  0.5105E-73
 -2.948  0.3267E-72
 -2.938  0.2074E-71
 -2.928  0.1303E-70
 -2.918  0.8094E-70
 -2.908  0.4976E-69
 -2.898  0.3026E-68
 -2.888  0.1820E-67
 -2.878  0.1083E-66
 -2.868  0.6376E-66
 -2.858  0.3713E-65
 -2.848  0.2139E-64
 -2.838  0.1219E-63
 -2.828  0.6873E-63
 -2.818  0.3833E-62
 -2.808  0.2115E-61
 -2.798  0.1154E-60
 -2.788  0.6233E-60
 -2.778  0.3329E-59
 -2.768  0.1759E-58
 -2.758  0.9196E-58
 -2.748  0.4755E-57
 -2.738  0.2433E-56
 -2.728  0.1231E-55
 -2.718  0.6163E-55
 -2.708  0.3052E-54
 -2.698  0.1495E-53
 -2.688  0.7247E-53
 -2.678  0.3474E-52
 -2.668  0.1648E-51
 -2.658  0.7731E-51
 -2.648  0.3589E-50
 -2.638  0.1648E-49
 -2.628  0.7484E-49
 -2.618  0.3363E-48
 -2.608  0.1495E-47
 -2.598  0.6574E-47
 -2.588  0.2860E-46
 -2.578  0.1231E-45
 -2.568  0.5239E-45
 -2.558  0.2206E-44
 -2.548  0.9193E-44
 -2.538  0.3789E-43
 -2.528  0.1545E-42
 -2.518  0.6230E-42
 -2.508  0.2486E-41
 -2.498  0.9812E-41
 -2.488  0.3831E-40
 -2.478  0.1480E-39
 -2.468  0.5655E-39
 -2.458  0.2138E-38
 -2.448  0.7994E-38
 -2.438  0.2957E-37
 -2.428  0.1082E-36
 -2.418  0.3918E-36
 -2.408  0.1403E-35
 -2.398  0.4971E-35
 -2.388  0.1742E-34
 -2.378  0.6041E-34
 -2.368  0.2072E-33
 -2.358  0.7031E-33
 -2.348  0.2360E-32
 -2.338  0.7836E-32
 -2.328  0.2574E-31
 -2.318  0.8365E-31
 -2.308  0.2689E-30
 -2.298  0.8552E-30
 -2.288  0.2690E-29
 -2.278  0.8373E-29
 -2.268  0.2578E-28
 -2.258  0.7851E-28
 -2.248  0.2366E-27
 -2.238  0.7051E-27
 -2.228  0.2079E-26
 -2.218  0.6065E-26
 -2.208  0.1750E-25
 -2.198  0.4996E-25
 -2.188  0.1411E-24
 -2.178  0.3942E-24
 -2.168  0.1089E-23
 -2.158  0.2978E-23
 -2.148  0.8056E-23
 -2.138  0.2156E-22
 -2.128  0.5706E-22
 -2.118  0.1494E-21
 -2.108  0.3871E-21
 -2.098  0.9922E-21
 -2.088  0.2516E-20
 -2.078  0.6310E-20
 -2.068  0.1566E-19
 -2.058  0.3844E-19
 -2.048  0.9337E-19
 -2.038  0.2243E-18
 -2.028  0.5333E-18
 -2.018  0.1254E-17
 -2.008  0.2918E-17
 -1.998  0.6718E-17
 -1.988  0.1530E-16
 -1.978  0.3448E-16
 -1.968  0.7688E-16
 -1.958  0.1696E-15
 -1.948  0.3701E-15
 -1.938  0.7994E-15
 -1.928  0.1708E-14
 -1.918  0.3612E-14
 -1.908  0.7557E-14
 -1.898  0.1565E-13
 -1.888  0.3206E-13
 -1.878  0.6502E-13
 -1.868  0.1305E-12
 -1.858  0.2592E-12
 -1.848  0.5096E-12
 -1.838  0.9916E-12
 -1.828  0.1910E-11
 -1.818  0.3643E-11
 -1.808  0.6879E-11
 -1.798  0.1286E-10
 -1.788  0.2381E-10
 -1.778  0.4364E-10
 -1.768  0.7924E-10
 -1.758  0.1425E-09
 -1.748  0.2539E-09
 -1.738  0.4482E-09
 -1.728  0.7839E-09
 -1.718  0.1359E-08
 -1.708  0.2334E-08
 -1.698  0.3975E-08
 -1.688  0.6711E-08
 -1.678  0.1123E-07
 -1.668  0.1865E-07
 -1.658  0.3071E-07
 -1.648  0.5016E-07
 -1.638  0.8126E-07
 -1.628  0.1306E-06
 -1.618  0.2084E-06
 -1.608  0.3298E-06
 -1.598  0.5180E-06
 -1.588  0.8074E-06
 -1.578  0.1249E-05
 -1.568  0.1917E-05
 -1.558  0.2921E-05
 -1.548  0.4416E-05
 -1.538  0.6625E-05
 -1.528  0.9861E-05
 -1.518  0.1456E-04
 -1.508  0.2133E-04
 -1.498  0.3100E-04
 -1.488  0.4467E-04
 -1.478  0.6384E-04
 -1.468  0.9046E-04
 -1.458  0.1271E-03
 -1.448  0.1769E-03
 -1.438  0.2442E-03
 -1.428  0.3339E-03
 -1.418  0.4524E-03
 -1.408  0.6074E-03
 -1.398  0.8077E-03
 -1.388  0.1064E-02
 -1.378  0.1388E-02
 -1.368  0.1793E-02
 -1.358  0.2294E-02
 -1.348  0.2905E-02
 -1.338  0.3643E-02
 -1.328  0.4523E-02
 -1.318  0.5558E-02
 -1.308  0.6761E-02
 -1.298  0.8140E-02
 -1.288  0.9700E-02
 -1.278  0.1144E-01
 -1.268  0.1335E-01
 -1.258  0.1542E-01
 -1.248  0.1763E-01
 -1.238  0.1994E-01
 -1.228  0.2232E-01
 -1.218  0.2472E-01
 -1.208  0.2709E-01
 -1.198  0.2937E-01
 -1.188  0.3151E-01
 -1.178  0.3345E-01
 -1.168  0.3513E-01
 -1.158  0.3651E-01
 -1.148  0.3753E-01
 -1.138  0.3818E-01
 -1.128  0.3842E-01
 -1.118  0.3826E-01
 -1.108  0.3769E-01
 -1.098  0.3673E-01
 -1.088  0.3541E-01
 -1.078  0.3378E-01
 -1.068  0.3188E-01
 -1.058  0.2977E-01
 -1.048  0.2750E-01
 -1.038  0.2513E-01
 -1.028  0.2272E-01
 -1.018  0.2032E-01
 -1.008  0.1798E-01
 -0.998  0.1574E-01
 -0.988  0.1363E-01
 -0.978  0.1168E-01
 -0.968  0.9904E-02
 -0.958  0.8308E-02
 -0.948  0.6895E-02
 -0.938  0.5664E-02
 -0.928  0.4605E-02
 -0.918  0.3708E-02
 -0.908  0.2959E-02
 -0.898  0.2342E-02
 -0.888  0.1843E-02
 -0.878  0.1446E-02
 -0.868  0.1137E-02
 -0.858  0.9025E-03
 -0.848  0.7314E-03
 -0.838  0.6133E-03
 -0.828  0.5395E-03
 -0.818  0.5028E-03
 -0.808  0.4973E-03
 -0.798  0.5181E-03
 -0.788  0.5613E-03
 -0.778  0.6236E-03
 -0.768  0.7024E-03
 -0.758  0.7954E-03
 -0.748  0.9004E-03
 -0.738  0.1016E-02
 -0.728  0.1140E-02
 -0.718  0.1271E-02
 -0.708  0.1407E-02
 -0.698  0.1549E-02
 -0.688  0.1695E-02
 -0.678  0.1846E-02
 -0.668  0.2002E-02
 -0.658  0.2164E-02
 -0.648  0.2335E-02
 -0.638  0.2518E-02
 -0.628  0.2717E-02
 -0.618  0.2937E-02
 -0.608  0.3181E-02
 -0.598  0.3457E-02
 -0.588  0.3769E-02
 -0.578  0.4122E-02
 -0.568  0.4520E-02
 -0.558  0.4965E-02
 -0.548  0.5460E-02
 -0.538  0.6002E-02
 -0.528  0.6589E-02
 -0.518  0.7214E-02
 -0.508  0.7871E-02
 -0.498  0.8549E-02
 -0.488  0.9234E-02
 -0.478  0.9913E-02
 -0.468  0.1057E-01
 -0.458  0.1119E-01
 -0.448  0.1176E-01
 -0.438  0.1225E-01
 -0.428  0.1267E-01
 -0.418  0.1299E-01
 -0.408  0.1322E-01
 -0.398  0.1334E-01
 -0.388  0.1336E-01
 -0.378  0.1328E-01
 -0.368  0.1310E-01
 -0.358  0.1284E-01
 -0.348  0.1251E-01
 -0.338  0.1213E-01
 -0.328  0.1171E-01
 -0.318  0.1127E-01
 -0.308  0.1083E-01
 -0.298  0.1039E-01
 -0.288  0.9987E-02
 -0.278  0.9615E-02
 -0.268  0.9286E-02
 -0.258  0.9004E-02
 -0.248  0.8770E-02
 -0.238  0.8581E-02
 -0.228  0.8431E-02
 -0.218  0.8314E-02
 -0.208  0.8219E-02
 -0.198  0.8137E-02
 -0.188  0.8057E-02
 -0.178  0.7972E-02
 -0.168  0.7872E-02
 -0.158  0.7753E-02
 -0.148  0.7612E-02
 -0.138  0.7449E-02
 -0.128  0.7269E-02
 -0.118  0.7077E-02
 -0.108  0.6884E-02
 -0.098  0.6702E-02
 -0.088  0.6545E-02
 -0.078  0.6429E-02
 -0.068  0.6370E-02
 -0.058  0.6383E-02
 -0.048  0.6485E-02
 -0.038  0.6687E-02
 -0.028  0.7000E-02
 -0.018  0.7431E-02
 -0.008  0.7982E-02
  0.002  0.8650E-02
  0.012  0.9430E-02
  0.022  0.1031E-01
  0.032  0.1127E-01
  0.042  0.1230E-01
  0.052  0.1336E-01
  0.062  0.1443E-01
  0.072  0.1548E-01
  0.082  0.1648E-01
  0.092  0.1739E-01
  0.102  0.1821E-01
  0.112  0.1888E-01
  0.122  0.1941E-01
  0.132  0.1977E-01
  0.142  0.1995E-01
  0.152  0.1996E-01
  0.162  0.1980E-01
  0.172  0.1947E-01
  0.182  0.1901E-01
  0.192  0.1842E-01
  0.202  0.1774E-01
  0.212  0.1699E-01
  0.222  0.1622E-01
  0.232  0.1544E-01
  0.242  0.1469E-01
  0.252  0.1400E-01
  0.262  0.1338E-01
  0.272  0.1286E-01
  0.282  0.1246E-01
  0.292  0.1217E-01
  0.302  0.1201E-01
  0.312  0.1197E-01
  0.322  0.1203E-01
  0.332  0.1219E-01
  0.342  0.1242E-01
  0.352  0.1271E-01
  0.362  0.1302E-01
  0.372  0.1334E-01
  0.382  0.1363E-01
  0.392  0.1387E-01
  0.402  0.1405E-01
  0.412  0.1413E-01
  0.422  0.1412E-01
  0.432  0.1399E-01
  0.442  0.1374E-01
  0.452  0.1338E-01
  0.462  0.1290E-01
  0.472  0.1232E-01
  0.482  0.1165E-01
  0.492  0.1090E-01
  0.502  0.1010E-01
  0.512  0.9267E-02
  0.522  0.8410E-02
  0.532  0.7554E-02
  0.542  0.6714E-02
  0.552  0.5904E-02
  0.562  0.5138E-02
  0.572  0.4424E-02
  0.582  0.3769E-02
  0.592  0.3177E-02
  0.602  0.2649E-02
  0.612  0.2186E-02
  0.622  0.1785E-02
  0.632  0.1442E-02
  0.642  0.1152E-02
  0.652  0.9109E-03
  0.662  0.7125E-03
  0.672  0.5515E-03
  0.682  0.4223E-03
  0.692  0.3199E-03
  0.702  0.2397E-03
  0.712  0.1778E-03
  0.722  0.1304E-03
  0.732  0.9466E-04
  0.742  0.6798E-04
  0.752  0.4829E-04
  0.762  0.3395E-04
  0.772  0.2361E-04
  0.782  0.1624E-04
  0.792  0.1105E-04
  0.802  0.7444E-05
  0.812  0.4960E-05
  0.822  0.3269E-05
  0.832  0.2132E-05
  0.842  0.1375E-05
