 -5.548  0.4192E-06
 -5.538  0.6481E-06
 -5.528  0.9911E-06
 -5.518  0.1500E-05
 -5.508  0.2244E-05
 -5.498  0.3323E-05
 -5.488  0.4868E-05
 -5.478  0.7054E-05
 -5.468  0.1011E-04
 -5.458  0.1434E-04
 -5.448  0.2012E-04
 -5.438  0.2793E-04
 -5.428  0.3836E-04
 -5.418  0.5212E-04
 -5.408  0.7005E-04
 -5.398  0.9316E-04
 -5.388  0.1226E-03
 -5.378  0.1596E-03
 -5.368  0.2055E-03
 -5.358  0.2620E-03
 -5.348  0.3304E-03
 -5.338  0.4123E-03
 -5.328  0.5093E-03
 -5.318  0.6225E-03
 -5.308  0.7532E-03
 -5.298  0.9022E-03
 -5.288  0.1070E-02
 -5.278  0.1256E-02
 -5.268  0.1460E-02
 -5.258  0.1682E-02
 -5.248  0.1919E-02
 -5.238  0.2170E-02
 -5.228  0.2433E-02
 -5.218  0.2705E-02
 -5.208  0.2983E-02
 -5.198  0.3266E-02
 -5.188  0.3551E-02
 -5.178  0.3837E-02
 -5.168  0.4123E-02
 -5.158  0.4408E-02
 -5.148  0.4694E-02
 -5.138  0.4982E-02
 -5.128  0.5275E-02
 -5.118  0.5576E-02
 -5.108  0.5888E-02
 -5.098  0.6217E-02
 -5.088  0.6566E-02
 -5.078  0.6940E-02
 -5.068  0.7343E-02
 -5.058  0.7778E-02
 -5.048  0.8246E-02
 -5.038  0.8751E-02
 -5.028  0.9291E-02
 -5.018  0.9864E-02
 -5.008  0.1047E-01
 -4.998  0.1110E-01
 -4.988  0.1175E-01
 -4.978  0.1241E-01
 -4.968  0.1307E-01
 -4.958  0.1373E-01
 -4.948  0.1437E-01
 -4.938  0.1499E-01
 -4.928  0.1556E-01
 -4.918  0.1608E-01
 -4.908  0.1654E-01
 -4.898  0.1692E-01
 -4.888  0.1723E-01
 -4.878  0.1745E-01
 -4.868  0.1758E-01
 -4.858  0.1761E-01
 -4.848  0.1755E-01
 -4.838  0.1739E-01
 -4.828  0.1714E-01
 -4.818  0.1681E-01
 -4.808  0.1639E-01
 -4.798  0.1590E-01
 -4.788  0.1534E-01
 -4.778  0.1472E-01
 -4.768  0.1406E-01
 -4.758  0.1335E-01
 -4.748  0.1261E-01
 -4.738  0.1184E-01
 -4.728  0.1106E-01
 -4.718  0.1027E-01
 -4.708  0.9482E-02
 -4.698  0.8698E-02
 -4.688  0.7929E-02
 -4.678  0.7179E-02
 -4.668  0.6455E-02
 -4.658  0.5762E-02
 -4.648  0.5105E-02
 -4.638  0.4488E-02
 -4.628  0.3914E-02
 -4.618  0.3386E-02
 -4.608  0.2904E-02
 -4.598  0.2469E-02
 -4.588  0.2080E-02
 -4.578  0.1737E-02
 -4.568  0.1437E-02
 -4.558  0.1177E-02
 -4.548  0.9553E-03
 -4.538  0.7677E-03
 -4.528  0.6109E-03
 -4.518  0.4813E-03
 -4.508  0.3754E-03
 -4.498  0.2899E-03
 -4.488  0.2215E-03
 -4.478  0.1675E-03
 -4.468  0.1254E-03
 -4.458  0.9291E-04
 -4.448  0.6812E-04
 -4.438  0.4941E-04
 -4.428  0.3547E-04
 -4.418  0.2519E-04
 -4.408  0.1771E-04
 -4.398  0.1231E-04
 -4.388  0.8470E-05
 -4.378  0.5766E-05
 -4.368  0.3883E-05
 -4.358  0.2587E-05
 -4.348  0.1705E-05
 -4.338  0.1112E-05
 -4.328  0.7175E-06
 -4.318  0.4580E-06
 -4.308  0.2892E-06
 -4.298  0.1807E-06
 -4.288  0.1117E-06
 -4.278  0.6826E-07
 -4.268  0.4129E-07
 -4.258  0.2471E-07
 -4.248  0.1462E-07
 -4.238  0.8564E-08
 -4.228  0.4961E-08
 -4.218  0.2843E-08
 -4.208  0.1612E-08
 -4.198  0.9041E-09
 -4.188  0.5016E-09
 -4.178  0.2753E-09
 -4.168  0.1495E-09
 -4.158  0.8031E-10
 -4.148  0.4268E-10
 -4.138  0.2243E-10
 -4.128  0.1167E-10
 -4.118  0.6002E-11
 -4.108  0.3055E-11
 -4.098  0.1538E-11
 -4.088  0.7659E-12
 -4.078  0.3774E-12
 -4.068  0.1839E-12
 -4.058  0.8868E-13
 -4.048  0.4230E-13
 -4.038  0.1996E-13
 -4.028  0.9317E-14
 -4.018  0.4303E-14
 -4.008  0.1965E-14
 -3.998  0.8882E-15
 -3.988  0.3971E-15
 -3.978  0.1756E-15
 -3.968  0.7683E-16
 -3.958  0.3325E-16
 -3.948  0.1424E-16
 -3.938  0.6030E-17
 -3.928  0.2526E-17
 -3.918  0.1047E-17
 -3.908  0.4294E-18
 -3.898  0.1742E-18
 -3.888  0.6989E-19
 -3.878  0.2774E-19
 -3.868  0.1089E-19
 -3.858  0.4232E-20
 -3.848  0.1626E-20
 -3.838  0.6183E-21
 -3.828  0.2325E-21
 -3.818  0.8652E-22
 -3.808  0.3184E-22
 -3.798  0.1159E-22
 -3.788  0.4176E-23
 -3.778  0.1488E-23
 -3.768  0.5244E-24
 -3.758  0.1829E-24
 -3.748  0.6308E-25
 -3.738  0.2153E-25
 -3.728  0.7266E-26
 -3.718  0.2427E-26
 -3.708  0.8016E-27
 -3.698  0.2620E-27
 -3.688  0.8470E-28
 -3.678  0.2709E-28
 -3.668  0.8570E-29
 -3.658  0.2682E-29
 -3.648  0.8305E-30
 -3.638  0.2544E-30
 -3.628  0.7708E-31
 -3.618  0.2310E-31
 -3.608  0.6851E-32
 -3.598  0.2010E-32
 -3.588  0.5832E-33
 -3.578  0.1674E-33
 -3.568  0.4754E-34
 -3.558  0.1336E-34
 -3.548  0.3712E-35
 -3.538  0.1020E-35
 -3.528  0.2775E-36
 -3.518  0.7467E-37
 -3.508  0.1988E-37
 -3.498  0.5233E-38
 -3.488  0.1363E-38
 -3.478  0.3512E-39
 -3.468  0.8953E-40
 -3.458  0.2258E-40
 -3.448  0.5632E-41
 -3.438  0.1390E-41
 -3.428  0.3393E-42
 -3.418  0.8193E-43
 -3.408  0.1957E-43
 -3.398  0.4626E-44
 -3.388  0.1082E-44
 -3.378  0.2501E-45
 -3.368  0.5723E-46
 -3.358  0.1295E-46
 -3.348  0.2901E-47
 -3.338  0.6425E-48
 -3.328  0.1408E-48
 -3.318  0.3052E-49
 -3.308  0.6544E-50
 -3.298  0.1388E-50
 -3.288  0.2913E-51
 -3.278  0.6048E-52
 -3.268  0.1242E-52
 -3.258  0.2523E-53
 -3.248  0.5071E-54
 -3.238  0.1008E-54
 -3.228  0.1983E-55
 -3.218  0.3859E-56
 -3.208  0.7427E-57
 -3.198  0.1414E-57
 -3.188  0.2664E-58
 -3.178  0.4964E-59
 -3.168  0.9150E-60
 -3.158  0.1669E-60
 -3.148  0.3010E-61
 -3.138  0.5372E-62
 -3.128  0.9483E-63
 -3.118  0.1656E-63
 -3.108  0.2861E-64
 -3.098  0.4890E-65
 -3.088  0.8268E-66
 -3.078  0.1383E-66
 -3.068  0.2288E-67
 -3.058  0.3745E-68
 -3.048  0.6065E-69
 -3.038  0.9714E-70
 -3.028  0.1539E-70
 -3.018  0.2413E-71
 -3.008  0.3742E-72
 -2.998  0.5758E-73
 -2.988  0.9883E-74
 -2.978  0.9073E-74
 -2.968  0.5112E-73
 -2.958  0.3304E-72
 -2.948  0.2121E-71
 -2.938  0.1347E-70
 -2.928  0.8458E-70
 -2.918  0.5255E-69
 -2.908  0.3230E-68
 -2.898  0.1964E-67
 -2.888  0.1182E-66
 -2.878  0.7032E-66
 -2.868  0.4140E-65
 -2.858  0.2411E-64
 -2.848  0.1389E-63
 -2.838  0.7915E-63
 -2.828  0.4462E-62
 -2.818  0.2489E-61
 -2.808  0.1373E-60
 -2.798  0.7495E-60
 -2.788  0.4047E-59
 -2.778  0.2162E-58
 -2.768  0.1142E-57
 -2.758  0.5971E-57
 -2.748  0.3087E-56
 -2.738  0.1579E-55
 -2.728  0.7992E-55
 -2.718  0.4001E-54
 -2.708  0.1982E-53
 -2.698  0.9708E-53
 -2.688  0.4705E-52
 -2.678  0.2256E-51
 -2.668  0.1070E-50
 -2.658  0.5020E-50
 -2.648  0.2330E-49
 -2.638  0.1070E-48
 -2.628  0.4859E-48
 -2.618  0.2184E-47
 -2.608  0.9706E-47
 -2.598  0.4268E-46
 -2.588  0.1857E-45
 -2.578  0.7990E-45
 -2.568  0.3402E-44
 -2.558  0.1433E-43
 -2.548  0.5968E-43
 -2.538  0.2460E-42
 -2.528  0.1003E-41
 -2.518  0.4045E-41
 -2.508  0.1614E-40
 -2.498  0.6370E-40
 -2.488  0.2487E-39
 -2.478  0.9608E-39
 -2.468  0.3671E-38
 -2.458  0.1388E-37
 -2.448  0.5190E-37
 -2.438  0.1920E-36
 -2.428  0.7026E-36
 -2.418  0.2544E-35
 -2.408  0.9109E-35
 -2.398  0.3227E-34
 -2.388  0.1131E-33
 -2.378  0.3922E-33
 -2.368  0.1345E-32
 -2.358  0.4564E-32
 -2.348  0.1532E-31
 -2.338  0.5087E-31
 -2.328  0.1671E-30
 -2.318  0.5430E-30
 -2.308  0.1745E-29
 -2.298  0.5550E-29
 -2.288  0.1746E-28
 -2.278  0.5434E-28
 -2.268  0.1673E-27
 -2.258  0.5095E-27
 -2.248  0.1535E-26
 -2.238  0.4575E-26
 -2.228  0.1349E-25
 -2.218  0.3934E-25
 -2.208  0.1135E-24
 -2.198  0.3240E-24
 -2.188  0.9150E-24
 -2.178  0.2556E-23
 -2.168  0.7063E-23
 -2.158  0.1931E-22
 -2.148  0.5221E-22
 -2.138  0.1397E-21
 -2.128  0.3697E-21
 -2.118  0.9678E-21
 -2.108  0.2507E-20
 -2.098  0.6422E-20
 -2.088  0.1628E-19
 -2.078  0.4081E-19
 -2.068  0.1012E-18
 -2.058  0.2484E-18
 -2.048  0.6030E-18
 -2.038  0.1448E-17
 -2.028  0.3440E-17
 -2.018  0.8083E-17
 -2.008  0.1879E-16
 -1.998  0.4322E-16
 -1.988  0.9832E-16
 -1.978  0.2213E-15
 -1.968  0.4927E-15
 -1.958  0.1085E-14
 -1.948  0.2364E-14
 -1.938  0.5097E-14
 -1.928  0.1087E-13
 -1.918  0.2293E-13
 -1.908  0.4784E-13
 -1.898  0.9877E-13
 -1.888  0.2017E-12
 -1.878  0.4076E-12
 -1.868  0.8146E-12
 -1.858  0.1611E-11
 -1.848  0.3151E-11
 -1.838  0.6097E-11
 -1.828  0.1167E-10
 -1.818  0.2211E-10
 -1.808  0.4142E-10
 -1.798  0.7678E-10
 -1.788  0.1408E-09
 -1.778  0.2554E-09
 -1.768  0.4584E-09
 -1.758  0.8140E-09
 -1.748  0.1430E-08
 -1.738  0.2485E-08
 -1.728  0.4273E-08
 -1.718  0.7269E-08
 -1.708  0.1223E-07
 -1.698  0.2037E-07
 -1.688  0.3357E-07
 -1.678  0.5472E-07
 -1.668  0.8826E-07
 -1.658  0.1409E-06
 -1.648  0.2224E-06
 -1.638  0.3476E-06
 -1.628  0.5375E-06
 -1.618  0.8225E-06
 -1.608  0.1246E-05
 -1.598  0.1867E-05
 -1.588  0.2769E-05
 -1.578  0.4064E-05
 -1.568  0.5906E-05
 -1.558  0.8495E-05
 -1.548  0.1210E-04
 -1.538  0.1705E-04
 -1.528  0.2380E-04
 -1.518  0.3288E-04
 -1.508  0.4500E-04
 -1.498  0.6099E-04
 -1.488  0.8186E-04
 -1.478  0.1088E-03
 -1.468  0.1434E-03
 -1.458  0.1871E-03
 -1.448  0.2420E-03
 -1.438  0.3102E-03
 -1.428  0.3941E-03
 -1.418  0.4964E-03
 -1.408  0.6199E-03
 -1.398  0.7676E-03
 -1.388  0.9426E-03
 -1.378  0.1148E-02
 -1.368  0.1387E-02
 -1.358  0.1663E-02
 -1.348  0.1979E-02
 -1.338  0.2335E-02
 -1.328  0.2735E-02
 -1.318  0.3180E-02
 -1.308  0.3668E-02
 -1.298  0.4200E-02
 -1.288  0.4772E-02
 -1.278  0.5381E-02
 -1.268  0.6022E-02
 -1.258  0.6687E-02
 -1.248  0.7367E-02
 -1.238  0.8052E-02
 -1.228  0.8731E-02
 -1.218  0.9390E-02
 -1.208  0.1002E-01
 -1.198  0.1059E-01
 -1.188  0.1111E-01
 -1.178  0.1155E-01
 -1.168  0.1190E-01
 -1.158  0.1215E-01
 -1.148  0.1229E-01
 -1.138  0.1233E-01
 -1.128  0.1224E-01
 -1.118  0.1205E-01
 -1.108  0.1174E-01
 -1.098  0.1133E-01
 -1.088  0.1083E-01
 -1.078  0.1025E-01
 -1.068  0.9603E-02
 -1.058  0.8908E-02
 -1.048  0.8180E-02
 -1.038  0.7436E-02
 -1.028  0.6691E-02
 -1.018  0.5960E-02
 -1.008  0.5255E-02
 -0.998  0.4586E-02
 -0.988  0.3962E-02
 -0.978  0.3389E-02
 -0.968  0.2872E-02
 -0.958  0.2412E-02
 -0.948  0.2011E-02
 -0.938  0.1666E-02
 -0.928  0.1377E-02
 -0.918  0.1141E-02
 -0.908  0.9551E-03
 -0.898  0.8168E-03
 -0.888  0.7236E-03
 -0.878  0.6736E-03
 -0.868  0.6655E-03
 -0.858  0.6985E-03
 -0.848  0.7726E-03
 -0.838  0.8885E-03
 -0.828  0.1047E-02
 -0.818  0.1250E-02
 -0.808  0.1500E-02
 -0.798  0.1796E-02
 -0.788  0.2141E-02
 -0.778  0.2535E-02
 -0.768  0.2977E-02
 -0.758  0.3466E-02
 -0.748  0.3999E-02
 -0.738  0.4572E-02
 -0.728  0.5181E-02
 -0.718  0.5818E-02
 -0.708  0.6476E-02
 -0.698  0.7148E-02
 -0.688  0.7827E-02
 -0.678  0.8504E-02
 -0.668  0.9174E-02
 -0.658  0.9832E-02
 -0.648  0.1047E-01
 -0.638  0.1110E-01
 -0.628  0.1172E-01
 -0.618  0.1232E-01
 -0.608  0.1293E-01
 -0.598  0.1354E-01
 -0.588  0.1417E-01
 -0.578  0.1484E-01
 -0.568  0.1554E-01
 -0.558  0.1630E-01
 -0.548  0.1712E-01
 -0.538  0.1800E-01
 -0.528  0.1895E-01
 -0.518  0.1995E-01
 -0.508  0.2100E-01
 -0.498  0.2208E-01
 -0.488  0.2318E-01
 -0.478  0.2425E-01
 -0.468  0.2529E-01
 -0.458  0.2624E-01
 -0.448  0.2709E-01
 -0.438  0.2779E-01
 -0.428  0.2833E-01
 -0.418  0.2868E-01
 -0.408  0.2883E-01
 -0.398  0.2875E-01
 -0.388  0.2846E-01
 -0.378  0.2794E-01
 -0.368  0.2723E-01
 -0.358  0.2634E-01
 -0.348  0.2528E-01
 -0.338  0.2411E-01
 -0.328  0.2284E-01
 -0.318  0.2151E-01
 -0.308  0.2016E-01
 -0.298  0.1883E-01
 -0.288  0.1753E-01
 -0.278  0.1630E-01
 -0.268  0.1515E-01
 -0.258  0.1410E-01
 -0.248  0.1315E-01
 -0.238  0.1231E-01
 -0.228  0.1158E-01
 -0.218  0.1094E-01
 -0.208  0.1039E-01
 -0.198  0.9907E-02
 -0.188  0.9481E-02
 -0.178  0.9096E-02
 -0.168  0.8738E-02
 -0.158  0.8394E-02
 -0.148  0.8055E-02
 -0.138  0.7714E-02
 -0.128  0.7366E-02
 -0.118  0.7010E-02
 -0.108  0.6650E-02
 -0.098  0.6290E-02
 -0.088  0.5938E-02
 -0.078  0.5602E-02
 -0.068  0.5293E-02
 -0.058  0.5021E-02
 -0.048  0.4798E-02
 -0.038  0.4633E-02
 -0.028  0.4536E-02
 -0.018  0.4514E-02
 -0.008  0.4572E-02
  0.002  0.4714E-02
  0.012  0.4941E-02
  0.022  0.5253E-02
  0.032  0.5646E-02
  0.042  0.6115E-02
  0.052  0.6652E-02
  0.062  0.7247E-02
  0.072  0.7890E-02
  0.082  0.8569E-02
  0.092  0.9269E-02
  0.102  0.9977E-02
  0.112  0.1068E-01
  0.122  0.1136E-01
  0.132  0.1201E-01
  0.142  0.1261E-01
  0.152  0.1315E-01
  0.162  0.1362E-01
  0.172  0.1402E-01
  0.182  0.1433E-01
  0.192  0.1455E-01
  0.202  0.1468E-01
  0.212  0.1473E-01
  0.222  0.1469E-01
  0.232  0.1458E-01
  0.242  0.1439E-01
  0.252  0.1414E-01
  0.262  0.1384E-01
  0.272  0.1350E-01
  0.282  0.1313E-01
  0.292  0.1275E-01
  0.302  0.1236E-01
  0.312  0.1197E-01
  0.322  0.1160E-01
  0.332  0.1124E-01
  0.342  0.1090E-01
  0.352  0.1058E-01
  0.362  0.1027E-01
  0.372  0.9981E-02
  0.382  0.9697E-02
  0.392  0.9414E-02
  0.402  0.9125E-02
  0.412  0.8825E-02
  0.422  0.8507E-02
  0.432  0.8168E-02
  0.442  0.7803E-02
  0.452  0.7413E-02
  0.462  0.6997E-02
  0.472  0.6558E-02
  0.482  0.6100E-02
  0.492  0.5628E-02
  0.502  0.5149E-02
  0.512  0.4669E-02
  0.522  0.4195E-02
  0.532  0.3733E-02
  0.542  0.3291E-02
  0.552  0.2872E-02
  0.562  0.2482E-02
  0.572  0.2124E-02
  0.582  0.1798E-02
  0.592  0.1507E-02
  0.602  0.1250E-02
  0.612  0.1026E-02
  0.622  0.8338E-03
  0.632  0.6703E-03
  0.642  0.5332E-03
  0.652  0.4197E-03
  0.662  0.3269E-03
  0.672  0.2519E-03
  0.682  0.1921E-03
  0.692  0.1449E-03
  0.702  0.1082E-03
  0.712  0.7989E-04
  0.722  0.5838E-04
  0.732  0.4221E-04
  0.742  0.3019E-04
  0.752  0.2137E-04
  0.762  0.1496E-04
  0.772  0.1037E-04
  0.782  0.7106E-05
  0.792  0.4819E-05
  0.802  0.3233E-05
  0.812  0.2146E-05
  0.822  0.1410E-05
  0.832  0.9161E-06
  0.842  0.5890E-06
