 -5.548  0.8723E-09
 -5.538  0.1351E-08
 -5.528  0.2069E-08
 -5.518  0.3137E-08
 -5.508  0.4707E-08
 -5.498  0.6991E-08
 -5.488  0.1028E-07
 -5.478  0.1495E-07
 -5.468  0.2154E-07
 -5.458  0.3073E-07
 -5.448  0.4341E-07
 -5.438  0.6073E-07
 -5.428  0.8419E-07
 -5.418  0.1157E-06
 -5.408  0.1575E-06
 -5.398  0.2126E-06
 -5.388  0.2848E-06
 -5.378  0.3784E-06
 -5.368  0.4992E-06
 -5.358  0.6540E-06
 -5.348  0.8513E-06
 -5.338  0.1102E-05
 -5.328  0.1418E-05
 -5.318  0.1816E-05
 -5.308  0.2315E-05
 -5.298  0.2940E-05
 -5.288  0.3719E-05
 -5.278  0.4688E-05
 -5.268  0.5891E-05
 -5.258  0.7378E-05
 -5.248  0.9212E-05
 -5.238  0.1146E-04
 -5.228  0.1422E-04
 -5.218  0.1757E-04
 -5.208  0.2163E-04
 -5.198  0.2652E-04
 -5.188  0.3237E-04
 -5.178  0.3936E-04
 -5.168  0.4766E-04
 -5.158  0.5749E-04
 -5.148  0.6909E-04
 -5.138  0.8280E-04
 -5.128  0.9902E-04
 -5.118  0.1183E-03
 -5.108  0.1414E-03
 -5.098  0.1693E-03
 -5.088  0.2034E-03
 -5.078  0.2454E-03
 -5.068  0.2979E-03
 -5.058  0.3642E-03
 -5.048  0.4483E-03
 -5.038  0.5556E-03
 -5.028  0.6929E-03
 -5.018  0.8685E-03
 -5.008  0.1092E-02
 -4.998  0.1376E-02
 -4.988  0.1732E-02
 -4.978  0.2177E-02
 -4.968  0.2727E-02
 -4.958  0.3400E-02
 -4.948  0.4213E-02
 -4.938  0.5185E-02
 -4.928  0.6331E-02
 -4.918  0.7665E-02
 -4.908  0.9199E-02
 -4.898  0.1094E-01
 -4.888  0.1288E-01
 -4.878  0.1501E-01
 -4.868  0.1732E-01
 -4.858  0.1979E-01
 -4.848  0.2237E-01
 -4.838  0.2503E-01
 -4.828  0.2770E-01
 -4.818  0.3034E-01
 -4.808  0.3288E-01
 -4.798  0.3525E-01
 -4.788  0.3739E-01
 -4.778  0.3923E-01
 -4.768  0.4073E-01
 -4.758  0.4183E-01
 -4.748  0.4250E-01
 -4.738  0.4272E-01
 -4.728  0.4248E-01
 -4.718  0.4178E-01
 -4.708  0.4066E-01
 -4.698  0.3914E-01
 -4.688  0.3728E-01
 -4.678  0.3512E-01
 -4.668  0.3273E-01
 -4.658  0.3017E-01
 -4.648  0.2752E-01
 -4.638  0.2483E-01
 -4.628  0.2216E-01
 -4.618  0.1957E-01
 -4.608  0.1710E-01
 -4.598  0.1477E-01
 -4.588  0.1263E-01
 -4.578  0.1068E-01
 -4.568  0.8933E-02
 -4.558  0.7393E-02
 -4.548  0.6052E-02
 -4.538  0.4902E-02
 -4.528  0.3927E-02
 -4.518  0.3113E-02
 -4.508  0.2440E-02
 -4.498  0.1893E-02
 -4.488  0.1452E-02
 -4.478  0.1102E-02
 -4.468  0.8278E-03
 -4.458  0.6149E-03
 -4.448  0.4519E-03
 -4.438  0.3285E-03
 -4.428  0.2362E-03
 -4.418  0.1680E-03
 -4.408  0.1183E-03
 -4.398  0.8233E-04
 -4.388  0.5670E-04
 -4.378  0.3863E-04
 -4.368  0.2604E-04
 -4.358  0.1736E-04
 -4.348  0.1145E-04
 -4.338  0.7472E-05
 -4.328  0.4823E-05
 -4.318  0.3080E-05
 -4.308  0.1946E-05
 -4.298  0.1216E-05
 -4.288  0.7516E-06
 -4.278  0.4596E-06
 -4.268  0.2781E-06
 -4.258  0.1664E-06
 -4.248  0.9852E-07
 -4.238  0.5770E-07
 -4.228  0.3343E-07
 -4.218  0.1916E-07
 -4.208  0.1086E-07
 -4.198  0.6094E-08
 -4.188  0.3382E-08
 -4.178  0.1856E-08
 -4.168  0.1008E-08
 -4.158  0.5415E-09
 -4.148  0.2877E-09
 -4.138  0.1513E-09
 -4.128  0.7867E-10
 -4.118  0.4047E-10
 -4.108  0.2060E-10
 -4.098  0.1037E-10
 -4.088  0.5165E-11
 -4.078  0.2545E-11
 -4.068  0.1240E-11
 -4.058  0.5981E-12
 -4.048  0.2853E-12
 -4.038  0.1346E-12
 -4.028  0.6284E-13
 -4.018  0.2902E-13
 -4.008  0.1326E-13
 -3.998  0.5990E-14
 -3.988  0.2678E-14
 -3.978  0.1184E-14
 -3.968  0.5181E-15
 -3.958  0.2243E-15
 -3.948  0.9601E-16
 -3.938  0.4067E-16
 -3.928  0.1704E-16
 -3.918  0.7062E-17
 -3.908  0.2896E-17
 -3.898  0.1175E-17
 -3.888  0.4714E-18
 -3.878  0.1871E-18
 -3.868  0.7348E-19
 -3.858  0.2854E-19
 -3.848  0.1097E-19
 -3.838  0.4170E-20
 -3.828  0.1568E-20
 -3.818  0.5835E-21
 -3.808  0.2148E-21
 -3.798  0.7819E-22
 -3.788  0.2816E-22
 -3.778  0.1004E-22
 -3.768  0.3537E-23
 -3.758  0.1233E-23
 -3.748  0.4255E-24
 -3.738  0.1452E-24
 -3.728  0.4901E-25
 -3.718  0.1637E-25
 -3.708  0.5407E-26
 -3.698  0.1767E-26
 -3.688  0.5713E-27
 -3.678  0.1827E-27
 -3.668  0.5780E-28
 -3.658  0.1809E-28
 -3.648  0.5602E-29
 -3.638  0.1716E-29
 -3.628  0.5199E-30
 -3.618  0.1558E-30
 -3.608  0.4621E-31
 -3.598  0.1355E-31
 -3.588  0.3933E-32
 -3.578  0.1129E-32
 -3.568  0.3207E-33
 -3.558  0.9008E-34
 -3.548  0.2504E-34
 -3.538  0.6883E-35
 -3.528  0.1872E-35
 -3.518  0.5037E-36
 -3.508  0.1341E-36
 -3.498  0.3530E-37
 -3.488  0.9194E-38
 -3.478  0.2369E-38
 -3.468  0.6039E-39
 -3.458  0.1523E-39
 -3.448  0.3799E-40
 -3.438  0.9374E-41
 -3.428  0.2288E-41
 -3.418  0.5526E-42
 -3.408  0.1320E-42
 -3.398  0.3120E-43
 -3.388  0.7295E-44
 -3.378  0.1687E-44
 -3.368  0.3860E-45
 -3.358  0.8738E-46
 -3.348  0.1956E-46
 -3.338  0.4334E-47
 -3.328  0.9496E-48
 -3.318  0.2058E-48
 -3.308  0.4414E-49
 -3.298  0.9364E-50
 -3.288  0.1965E-50
 -3.278  0.4079E-51
 -3.268  0.8378E-52
 -3.258  0.1702E-52
 -3.248  0.3421E-53
 -3.238  0.6801E-54
 -3.228  0.1338E-54
 -3.218  0.2603E-55
 -3.208  0.5010E-56
 -3.198  0.9539E-57
 -3.188  0.1797E-57
 -3.178  0.3348E-58
 -3.168  0.6172E-59
 -3.158  0.1125E-59
 -3.148  0.2030E-60
 -3.138  0.3623E-61
 -3.128  0.6397E-62
 -3.118  0.1117E-62
 -3.108  0.1930E-63
 -3.098  0.3299E-64
 -3.088  0.5577E-65
 -3.078  0.9328E-66
 -3.068  0.1543E-66
 -3.058  0.2526E-67
 -3.048  0.4091E-68
 -3.038  0.6553E-69
 -3.028  0.1038E-69
 -3.018  0.1628E-70
 -3.008  0.2524E-71
 -2.998  0.3885E-72
 -2.988  0.6730E-73
 -2.978  0.6543E-73
 -2.968  0.3725E-72
 -2.958  0.2409E-71
 -2.948  0.1546E-70
 -2.938  0.9816E-70
 -2.928  0.6165E-69
 -2.918  0.3831E-68
 -2.908  0.2355E-67
 -2.898  0.1432E-66
 -2.888  0.8614E-66
 -2.878  0.5126E-65
 -2.868  0.3018E-64
 -2.858  0.1757E-63
 -2.848  0.1012E-62
 -2.838  0.5770E-62
 -2.828  0.3253E-61
 -2.818  0.1814E-60
 -2.808  0.1001E-59
 -2.798  0.5464E-59
 -2.788  0.2950E-58
 -2.778  0.1576E-57
 -2.768  0.8326E-57
 -2.758  0.4352E-56
 -2.748  0.2251E-55
 -2.738  0.1151E-54
 -2.728  0.5826E-54
 -2.718  0.2917E-53
 -2.708  0.1444E-52
 -2.698  0.7077E-52
 -2.688  0.3430E-51
 -2.678  0.1644E-50
 -2.668  0.7799E-50
 -2.658  0.3659E-49
 -2.648  0.1698E-48
 -2.638  0.7798E-48
 -2.628  0.3542E-47
 -2.618  0.1592E-46
 -2.608  0.7075E-46
 -2.598  0.3111E-45
 -2.588  0.1353E-44
 -2.578  0.5825E-44
 -2.568  0.2480E-43
 -2.558  0.1044E-42
 -2.548  0.4351E-42
 -2.538  0.1793E-41
 -2.528  0.7311E-41
 -2.518  0.2949E-40
 -2.508  0.1176E-39
 -2.498  0.4644E-39
 -2.488  0.1813E-38
 -2.478  0.7004E-38
 -2.468  0.2676E-37
 -2.458  0.1012E-36
 -2.448  0.3783E-36
 -2.438  0.1400E-35
 -2.428  0.5122E-35
 -2.418  0.1854E-34
 -2.408  0.6640E-34
 -2.398  0.2353E-33
 -2.388  0.8245E-33
 -2.378  0.2859E-32
 -2.368  0.9805E-32
 -2.358  0.3327E-31
 -2.348  0.1117E-30
 -2.338  0.3708E-30
 -2.328  0.1218E-29
 -2.318  0.3958E-29
 -2.308  0.1272E-28
 -2.298  0.4046E-28
 -2.288  0.1273E-27
 -2.278  0.3961E-27
 -2.268  0.1219E-26
 -2.258  0.3714E-26
 -2.248  0.1119E-25
 -2.238  0.3335E-25
 -2.228  0.9833E-25
 -2.218  0.2868E-24
 -2.208  0.8275E-24
 -2.198  0.2362E-23
 -2.188  0.6670E-23
 -2.178  0.1863E-22
 -2.168  0.5148E-22
 -2.158  0.1407E-21
 -2.148  0.3806E-21
 -2.138  0.1018E-20
 -2.128  0.2695E-20
 -2.118  0.7055E-20
 -2.108  0.1827E-19
 -2.098  0.4681E-19
 -2.088  0.1186E-18
 -2.078  0.2975E-18
 -2.068  0.7379E-18
 -2.058  0.1810E-17
 -2.048  0.4395E-17
 -2.038  0.1055E-16
 -2.028  0.2507E-16
 -2.018  0.5891E-16
 -2.008  0.1369E-15
 -1.998  0.3149E-15
 -1.988  0.7165E-15
 -1.978  0.1613E-14
 -1.968  0.3590E-14
 -1.958  0.7907E-14
 -1.948  0.1723E-13
 -1.938  0.3713E-13
 -1.928  0.7918E-13
 -1.918  0.1670E-12
 -1.908  0.3485E-12
 -1.898  0.7194E-12
 -1.888  0.1469E-11
 -1.878  0.2968E-11
 -1.868  0.5931E-11
 -1.858  0.1173E-10
 -1.848  0.2293E-10
 -1.838  0.4437E-10
 -1.828  0.8493E-10
 -1.818  0.1608E-09
 -1.808  0.3012E-09
 -1.798  0.5582E-09
 -1.788  0.1023E-08
 -1.778  0.1856E-08
 -1.768  0.3330E-08
 -1.758  0.5910E-08
 -1.748  0.1038E-07
 -1.738  0.1802E-07
 -1.728  0.3097E-07
 -1.718  0.5265E-07
 -1.708  0.8855E-07
 -1.698  0.1473E-06
 -1.688  0.2425E-06
 -1.678  0.3950E-06
 -1.668  0.6363E-06
 -1.658  0.1014E-05
 -1.648  0.1599E-05
 -1.638  0.2495E-05
 -1.628  0.3851E-05
 -1.618  0.5881E-05
 -1.608  0.8886E-05
 -1.598  0.1328E-04
 -1.588  0.1965E-04
 -1.578  0.2875E-04
 -1.568  0.4164E-04
 -1.558  0.5966E-04
 -1.548  0.8459E-04
 -1.538  0.1187E-03
 -1.528  0.1648E-03
 -1.518  0.2264E-03
 -1.508  0.3078E-03
 -1.498  0.4142E-03
 -1.488  0.5516E-03
 -1.478  0.7272E-03
 -1.468  0.9489E-03
 -1.458  0.1226E-02
 -1.448  0.1567E-02
 -1.438  0.1985E-02
 -1.428  0.2488E-02
 -1.418  0.3088E-02
 -1.408  0.3796E-02
 -1.398  0.4622E-02
 -1.388  0.5574E-02
 -1.378  0.6659E-02
 -1.368  0.7882E-02
 -1.358  0.9244E-02
 -1.348  0.1074E-01
 -1.338  0.1238E-01
 -1.328  0.1413E-01
 -1.318  0.1600E-01
 -1.308  0.1796E-01
 -1.298  0.1999E-01
 -1.288  0.2208E-01
 -1.278  0.2418E-01
 -1.268  0.2626E-01
 -1.258  0.2831E-01
 -1.248  0.3027E-01
 -1.238  0.3213E-01
 -1.228  0.3383E-01
 -1.218  0.3536E-01
 -1.208  0.3667E-01
 -1.198  0.3774E-01
 -1.188  0.3854E-01
 -1.178  0.3906E-01
 -1.168  0.3928E-01
 -1.158  0.3919E-01
 -1.148  0.3879E-01
 -1.138  0.3809E-01
 -1.128  0.3709E-01
 -1.118  0.3583E-01
 -1.108  0.3432E-01
 -1.098  0.3259E-01
 -1.088  0.3068E-01
 -1.078  0.2863E-01
 -1.068  0.2647E-01
 -1.058  0.2426E-01
 -1.048  0.2203E-01
 -1.038  0.1982E-01
 -1.028  0.1766E-01
 -1.018  0.1559E-01
 -1.008  0.1363E-01
 -0.998  0.1180E-01
 -0.988  0.1011E-01
 -0.978  0.8584E-02
 -0.968  0.7214E-02
 -0.958  0.6001E-02
 -0.948  0.4943E-02
 -0.938  0.4030E-02
 -0.928  0.3254E-02
 -0.918  0.2601E-02
 -0.908  0.2061E-02
 -0.898  0.1618E-02
 -0.888  0.1262E-02
 -0.878  0.9797E-03
 -0.868  0.7606E-03
 -0.858  0.5949E-03
 -0.848  0.4744E-03
 -0.838  0.3921E-03
 -0.828  0.3425E-03
 -0.818  0.3213E-03
 -0.808  0.3254E-03
 -0.798  0.3526E-03
 -0.788  0.4017E-03
 -0.778  0.4722E-03
 -0.768  0.5640E-03
 -0.758  0.6773E-03
 -0.748  0.8125E-03
 -0.738  0.9701E-03
 -0.728  0.1150E-02
 -0.718  0.1353E-02
 -0.708  0.1578E-02
 -0.698  0.1824E-02
 -0.688  0.2091E-02
 -0.678  0.2377E-02
 -0.668  0.2681E-02
 -0.658  0.3001E-02
 -0.648  0.3338E-02
 -0.638  0.3690E-02
 -0.628  0.4058E-02
 -0.618  0.4446E-02
 -0.608  0.4857E-02
 -0.598  0.5296E-02
 -0.588  0.5774E-02
 -0.578  0.6300E-02
 -0.568  0.6888E-02
 -0.558  0.7551E-02
 -0.548  0.8307E-02
 -0.538  0.9172E-02
 -0.528  0.1016E-01
 -0.518  0.1129E-01
 -0.508  0.1258E-01
 -0.498  0.1403E-01
 -0.488  0.1564E-01
 -0.478  0.1742E-01
 -0.468  0.1935E-01
 -0.458  0.2142E-01
 -0.448  0.2360E-01
 -0.438  0.2585E-01
 -0.428  0.2813E-01
 -0.418  0.3040E-01
 -0.408  0.3260E-01
 -0.398  0.3468E-01
 -0.388  0.3656E-01
 -0.378  0.3821E-01
 -0.368  0.3957E-01
 -0.358  0.4060E-01
 -0.348  0.4126E-01
 -0.338  0.4154E-01
 -0.328  0.4141E-01
 -0.318  0.4089E-01
 -0.308  0.3998E-01
 -0.298  0.3872E-01
 -0.288  0.3715E-01
 -0.278  0.3531E-01
 -0.268  0.3324E-01
 -0.258  0.3102E-01
 -0.248  0.2869E-01
 -0.238  0.2631E-01
 -0.228  0.2393E-01
 -0.218  0.2160E-01
 -0.208  0.1936E-01
 -0.198  0.1725E-01
 -0.188  0.1528E-01
 -0.178  0.1348E-01
 -0.168  0.1186E-01
 -0.158  0.1043E-01
 -0.148  0.9187E-02
 -0.138  0.8135E-02
 -0.128  0.7272E-02
 -0.118  0.6595E-02
 -0.108  0.6103E-02
 -0.098  0.5795E-02
 -0.088  0.5672E-02
 -0.078  0.5735E-02
 -0.068  0.5989E-02
 -0.058  0.6437E-02
 -0.048  0.7083E-02
 -0.038  0.7930E-02
 -0.028  0.8979E-02
 -0.018  0.1023E-01
 -0.008  0.1167E-01
  0.002  0.1329E-01
  0.012  0.1507E-01
  0.022  0.1699E-01
  0.032  0.1902E-01
  0.042  0.2111E-01
  0.052  0.2322E-01
  0.062  0.2531E-01
  0.072  0.2732E-01
  0.082  0.2920E-01
  0.092  0.3091E-01
  0.102  0.3238E-01
  0.112  0.3359E-01
  0.122  0.3450E-01
  0.132  0.3508E-01
  0.142  0.3534E-01
  0.152  0.3525E-01
  0.162  0.3485E-01
  0.172  0.3415E-01
  0.182  0.3320E-01
  0.192  0.3202E-01
  0.202  0.3068E-01
  0.212  0.2924E-01
  0.222  0.2774E-01
  0.232  0.2626E-01
  0.242  0.2484E-01
  0.252  0.2354E-01
  0.262  0.2239E-01
  0.272  0.2144E-01
  0.282  0.2071E-01
  0.292  0.2021E-01
  0.302  0.1994E-01
  0.312  0.1990E-01
  0.322  0.2007E-01
  0.332  0.2041E-01
  0.342  0.2090E-01
  0.352  0.2149E-01
  0.362  0.2213E-01
  0.372  0.2278E-01
  0.382  0.2339E-01
  0.392  0.2392E-01
  0.402  0.2432E-01
  0.412  0.2456E-01
  0.422  0.2461E-01
  0.432  0.2445E-01
  0.442  0.2408E-01
  0.452  0.2350E-01
  0.462  0.2271E-01
  0.472  0.2173E-01
  0.482  0.2058E-01
  0.492  0.1930E-01
  0.502  0.1791E-01
  0.512  0.1645E-01
  0.522  0.1495E-01
  0.532  0.1344E-01
  0.542  0.1196E-01
  0.552  0.1053E-01
  0.562  0.9174E-02
  0.572  0.7907E-02
  0.582  0.6743E-02
  0.592  0.5689E-02
  0.602  0.4749E-02
  0.612  0.3922E-02
  0.622  0.3205E-02
  0.632  0.2591E-02
  0.642  0.2072E-02
  0.652  0.1640E-02
  0.662  0.1284E-02
  0.672  0.9943E-03
  0.682  0.7619E-03
  0.692  0.5777E-03
  0.702  0.4333E-03
  0.712  0.3215E-03
  0.722  0.2361E-03
  0.732  0.1715E-03
  0.742  0.1232E-03
  0.752  0.8760E-04
  0.762  0.6162E-04
  0.772  0.4288E-04
  0.782  0.2952E-04
  0.792  0.2011E-04
  0.802  0.1355E-04
  0.812  0.9033E-05
  0.822  0.5958E-05
  0.832  0.3888E-05
  0.842  0.2510E-05
