 -5.548  0.6391E-07
 -5.538  0.9881E-07
 -5.528  0.1511E-06
 -5.518  0.2287E-06
 -5.508  0.3423E-06
 -5.498  0.5069E-06
 -5.488  0.7426E-06
 -5.478  0.1076E-05
 -5.468  0.1543E-05
 -5.458  0.2189E-05
 -5.448  0.3072E-05
 -5.438  0.4266E-05
 -5.428  0.5860E-05
 -5.418  0.7966E-05
 -5.408  0.1071E-04
 -5.398  0.1426E-04
 -5.388  0.1877E-04
 -5.378  0.2446E-04
 -5.368  0.3153E-04
 -5.358  0.4024E-04
 -5.348  0.5083E-04
 -5.338  0.6354E-04
 -5.328  0.7864E-04
 -5.318  0.9636E-04
 -5.308  0.1169E-03
 -5.298  0.1405E-03
 -5.288  0.1672E-03
 -5.278  0.1972E-03
 -5.268  0.2305E-03
 -5.258  0.2671E-03
 -5.248  0.3070E-03
 -5.238  0.3500E-03
 -5.228  0.3960E-03
 -5.218  0.4450E-03
 -5.208  0.4967E-03
 -5.198  0.5512E-03
 -5.188  0.6083E-03
 -5.178  0.6681E-03
 -5.168  0.7307E-03
 -5.158  0.7963E-03
 -5.148  0.8650E-03
 -5.138  0.9372E-03
 -5.128  0.1013E-02
 -5.118  0.1093E-02
 -5.108  0.1177E-02
 -5.098  0.1265E-02
 -5.088  0.1358E-02
 -5.078  0.1455E-02
 -5.068  0.1556E-02
 -5.058  0.1660E-02
 -5.048  0.1767E-02
 -5.038  0.1875E-02
 -5.028  0.1985E-02
 -5.018  0.2094E-02
 -5.008  0.2201E-02
 -4.998  0.2306E-02
 -4.988  0.2407E-02
 -4.978  0.2504E-02
 -4.968  0.2594E-02
 -4.958  0.2678E-02
 -4.948  0.2755E-02
 -4.938  0.2824E-02
 -4.928  0.2885E-02
 -4.918  0.2938E-02
 -4.908  0.2982E-02
 -4.898  0.3018E-02
 -4.888  0.3045E-02
 -4.878  0.3064E-02
 -4.868  0.3075E-02
 -4.858  0.3078E-02
 -4.848  0.3072E-02
 -4.838  0.3058E-02
 -4.828  0.3035E-02
 -4.818  0.3004E-02
 -4.808  0.2963E-02
 -4.798  0.2914E-02
 -4.788  0.2854E-02
 -4.778  0.2785E-02
 -4.768  0.2706E-02
 -4.758  0.2617E-02
 -4.748  0.2518E-02
 -4.738  0.2410E-02
 -4.728  0.2293E-02
 -4.718  0.2168E-02
 -4.708  0.2036E-02
 -4.698  0.1900E-02
 -4.688  0.1759E-02
 -4.678  0.1617E-02
 -4.668  0.1474E-02
 -4.658  0.1333E-02
 -4.648  0.1195E-02
 -4.638  0.1062E-02
 -4.628  0.9350E-03
 -4.618  0.8159E-03
 -4.608  0.7053E-03
 -4.598  0.6040E-03
 -4.588  0.5122E-03
 -4.578  0.4301E-03
 -4.568  0.3576E-03
 -4.558  0.2943E-03
 -4.548  0.2398E-03
 -4.538  0.1934E-03
 -4.528  0.1544E-03
 -4.518  0.1220E-03
 -4.508  0.9538E-04
 -4.498  0.7380E-04
 -4.488  0.5651E-04
 -4.478  0.4281E-04
 -4.468  0.3209E-04
 -4.458  0.2381E-04
 -4.448  0.1747E-04
 -4.438  0.1269E-04
 -4.428  0.9115E-05
 -4.418  0.6479E-05
 -4.408  0.4556E-05
 -4.398  0.3170E-05
 -4.388  0.2182E-05
 -4.378  0.1486E-05
 -4.368  0.1001E-05
 -4.358  0.6673E-06
 -4.348  0.4400E-06
 -4.338  0.2870E-06
 -4.328  0.1852E-06
 -4.318  0.1182E-06
 -4.308  0.7468E-07
 -4.298  0.4666E-07
 -4.288  0.2884E-07
 -4.278  0.1763E-07
 -4.268  0.1067E-07
 -4.258  0.6384E-08
 -4.248  0.3779E-08
 -4.238  0.2213E-08
 -4.228  0.1282E-08
 -4.218  0.7348E-09
 -4.208  0.4166E-09
 -4.198  0.2337E-09
 -4.188  0.1297E-09
 -4.178  0.7117E-10
 -4.168  0.3865E-10
 -4.158  0.2076E-10
 -4.148  0.1103E-10
 -4.138  0.5799E-11
 -4.128  0.3016E-11
 -4.118  0.1552E-11
 -4.108  0.7896E-12
 -4.098  0.3976E-12
 -4.088  0.1980E-12
 -4.078  0.9756E-13
 -4.068  0.4755E-13
 -4.058  0.2293E-13
 -4.048  0.1094E-13
 -4.038  0.5160E-14
 -4.028  0.2409E-14
 -4.018  0.1112E-14
 -4.008  0.5081E-15
 -3.998  0.2296E-15
 -3.988  0.1027E-15
 -3.978  0.4540E-16
 -3.968  0.1986E-16
 -3.958  0.8596E-17
 -3.948  0.3681E-17
 -3.938  0.1559E-17
 -3.928  0.6532E-18
 -3.918  0.2707E-18
 -3.908  0.1110E-18
 -3.898  0.4503E-19
 -3.888  0.1807E-19
 -3.878  0.7173E-20
 -3.868  0.2817E-20
 -3.858  0.1094E-20
 -3.848  0.4205E-21
 -3.838  0.1599E-21
 -3.828  0.6012E-22
 -3.818  0.2237E-22
 -3.808  0.8232E-23
 -3.798  0.2997E-23
 -3.788  0.1080E-23
 -3.778  0.3847E-24
 -3.768  0.1356E-24
 -3.758  0.4728E-25
 -3.748  0.1631E-25
 -3.738  0.5565E-26
 -3.728  0.1879E-26
 -3.718  0.6274E-27
 -3.708  0.2073E-27
 -3.698  0.6773E-28
 -3.688  0.2190E-28
 -3.678  0.7003E-29
 -3.668  0.2216E-29
 -3.658  0.6935E-30
 -3.648  0.2147E-30
 -3.638  0.6577E-31
 -3.628  0.1993E-31
 -3.618  0.5973E-32
 -3.608  0.1771E-32
 -3.598  0.5196E-33
 -3.588  0.1508E-33
 -3.578  0.4328E-34
 -3.568  0.1229E-34
 -3.558  0.3453E-35
 -3.548  0.9597E-36
 -3.538  0.2638E-36
 -3.528  0.7176E-37
 -3.518  0.1931E-37
 -3.508  0.5139E-38
 -3.498  0.1353E-38
 -3.488  0.3524E-39
 -3.478  0.9081E-40
 -3.468  0.2315E-40
 -3.458  0.5837E-41
 -3.448  0.1456E-41
 -3.438  0.3593E-42
 -3.428  0.8772E-43
 -3.418  0.2118E-43
 -3.408  0.5061E-44
 -3.398  0.1196E-44
 -3.388  0.2796E-45
 -3.378  0.6467E-46
 -3.368  0.1480E-46
 -3.358  0.3349E-47
 -3.348  0.7499E-48
 -3.338  0.1661E-48
 -3.328  0.3640E-49
 -3.318  0.7890E-50
 -3.308  0.1692E-50
 -3.298  0.3589E-51
 -3.288  0.7532E-52
 -3.278  0.1564E-52
 -3.268  0.3211E-53
 -3.258  0.6524E-54
 -3.248  0.1311E-54
 -3.238  0.2607E-55
 -3.228  0.5127E-56
 -3.218  0.9976E-57
 -3.208  0.1920E-57
 -3.198  0.3656E-58
 -3.188  0.6887E-59
 -3.178  0.1283E-59
 -3.168  0.2366E-60
 -3.158  0.4314E-61
 -3.148  0.7782E-62
 -3.138  0.1389E-62
 -3.128  0.2452E-63
 -3.118  0.4282E-64
 -3.108  0.7398E-65
 -3.098  0.1264E-65
 -3.088  0.2138E-66
 -3.078  0.3575E-67
 -3.068  0.5916E-68
 -3.058  0.9683E-69
 -3.048  0.1568E-69
 -3.038  0.2512E-70
 -3.028  0.3980E-71
 -3.018  0.6239E-72
 -3.008  0.9676E-73
 -2.998  0.1488E-73
 -2.988  0.2503E-74
 -2.978  0.1998E-74
 -2.968  0.1094E-73
 -2.958  0.7065E-73
 -2.948  0.4534E-72
 -2.938  0.2879E-71
 -2.928  0.1808E-70
 -2.918  0.1124E-69
 -2.908  0.6907E-69
 -2.898  0.4200E-68
 -2.888  0.2526E-67
 -2.878  0.1503E-66
 -2.868  0.8850E-66
 -2.858  0.5154E-65
 -2.848  0.2969E-64
 -2.838  0.1692E-63
 -2.828  0.9541E-63
 -2.818  0.5321E-62
 -2.808  0.2936E-61
 -2.798  0.1602E-60
 -2.788  0.8652E-60
 -2.778  0.4622E-59
 -2.768  0.2442E-58
 -2.758  0.1277E-57
 -2.748  0.6601E-57
 -2.738  0.3377E-56
 -2.728  0.1709E-55
 -2.718  0.8554E-55
 -2.708  0.4236E-54
 -2.698  0.2076E-53
 -2.688  0.1006E-52
 -2.678  0.4823E-52
 -2.668  0.2287E-51
 -2.658  0.1073E-50
 -2.648  0.4981E-50
 -2.638  0.2287E-49
 -2.628  0.1039E-48
 -2.618  0.4668E-48
 -2.608  0.2075E-47
 -2.598  0.9125E-47
 -2.588  0.3970E-46
 -2.578  0.1708E-45
 -2.568  0.7273E-45
 -2.558  0.3063E-44
 -2.548  0.1276E-43
 -2.538  0.5259E-43
 -2.528  0.2144E-42
 -2.518  0.8648E-42
 -2.508  0.3450E-41
 -2.498  0.1362E-40
 -2.488  0.5318E-40
 -2.478  0.2054E-39
 -2.468  0.7849E-39
 -2.458  0.2967E-38
 -2.448  0.1110E-37
 -2.438  0.4105E-37
 -2.428  0.1502E-36
 -2.418  0.5438E-36
 -2.408  0.1948E-35
 -2.398  0.6900E-35
 -2.388  0.2418E-34
 -2.378  0.8385E-34
 -2.368  0.2876E-33
 -2.358  0.9758E-33
 -2.348  0.3275E-32
 -2.338  0.1088E-31
 -2.328  0.3572E-31
 -2.318  0.1161E-30
 -2.308  0.3732E-30
 -2.298  0.1187E-29
 -2.288  0.3733E-29
 -2.278  0.1162E-28
 -2.268  0.3577E-28
 -2.258  0.1089E-27
 -2.248  0.3282E-27
 -2.238  0.9781E-27
 -2.228  0.2884E-26
 -2.218  0.8412E-26
 -2.208  0.2427E-25
 -2.198  0.6928E-25
 -2.188  0.1956E-24
 -2.178  0.5465E-24
 -2.168  0.1510E-23
 -2.158  0.4128E-23
 -2.148  0.1116E-22
 -2.138  0.2986E-22
 -2.128  0.7904E-22
 -2.118  0.2069E-21
 -2.108  0.5359E-21
 -2.098  0.1373E-20
 -2.088  0.3480E-20
 -2.078  0.8726E-20
 -2.068  0.2164E-19
 -2.058  0.5311E-19
 -2.048  0.1289E-18
 -2.038  0.3096E-18
 -2.028  0.7354E-18
 -2.018  0.1728E-17
 -2.008  0.4018E-17
 -1.998  0.9240E-17
 -1.988  0.2102E-16
 -1.978  0.4731E-16
 -1.968  0.1053E-15
 -1.958  0.2320E-15
 -1.948  0.5056E-15
 -1.938  0.1090E-14
 -1.928  0.2324E-14
 -1.918  0.4902E-14
 -1.908  0.1023E-13
 -1.898  0.2112E-13
 -1.888  0.4313E-13
 -1.878  0.8715E-13
 -1.868  0.1742E-12
 -1.858  0.3444E-12
 -1.848  0.6738E-12
 -1.838  0.1304E-11
 -1.828  0.2496E-11
 -1.818  0.4728E-11
 -1.808  0.8859E-11
 -1.798  0.1642E-10
 -1.788  0.3011E-10
 -1.778  0.5463E-10
 -1.768  0.9806E-10
 -1.758  0.1741E-09
 -1.748  0.3059E-09
 -1.738  0.5317E-09
 -1.728  0.9144E-09
 -1.718  0.1556E-08
 -1.708  0.2619E-08
 -1.698  0.4362E-08
 -1.688  0.7188E-08
 -1.678  0.1172E-07
 -1.668  0.1891E-07
 -1.658  0.3019E-07
 -1.648  0.4769E-07
 -1.638  0.7454E-07
 -1.628  0.1153E-06
 -1.618  0.1765E-06
 -1.608  0.2675E-06
 -1.598  0.4011E-06
 -1.588  0.5953E-06
 -1.578  0.8745E-06
 -1.568  0.1272E-05
 -1.558  0.1831E-05
 -1.548  0.2610E-05
 -1.538  0.3683E-05
 -1.528  0.5147E-05
 -1.518  0.7124E-05
 -1.508  0.9764E-05
 -1.498  0.1326E-04
 -1.488  0.1783E-04
 -1.478  0.2376E-04
 -1.468  0.3138E-04
 -1.458  0.4106E-04
 -1.448  0.5326E-04
 -1.438  0.6849E-04
 -1.428  0.8732E-04
 -1.418  0.1104E-03
 -1.408  0.1384E-03
 -1.398  0.1721E-03
 -1.388  0.2124E-03
 -1.378  0.2600E-03
 -1.368  0.3158E-03
 -1.358  0.3807E-03
 -1.348  0.4555E-03
 -1.338  0.5408E-03
 -1.328  0.6374E-03
 -1.318  0.7457E-03
 -1.308  0.8659E-03
 -1.298  0.9979E-03
 -1.288  0.1141E-02
 -1.278  0.1296E-02
 -1.268  0.1460E-02
 -1.258  0.1632E-02
 -1.248  0.1810E-02
 -1.238  0.1991E-02
 -1.228  0.2173E-02
 -1.218  0.2351E-02
 -1.208  0.2523E-02
 -1.198  0.2685E-02
 -1.188  0.2832E-02
 -1.178  0.2960E-02
 -1.168  0.3067E-02
 -1.158  0.3148E-02
 -1.148  0.3202E-02
 -1.138  0.3226E-02
 -1.128  0.3220E-02
 -1.118  0.3183E-02
 -1.108  0.3115E-02
 -1.098  0.3019E-02
 -1.088  0.2898E-02
 -1.078  0.2753E-02
 -1.068  0.2590E-02
 -1.058  0.2412E-02
 -1.048  0.2223E-02
 -1.038  0.2028E-02
 -1.028  0.1831E-02
 -1.018  0.1637E-02
 -1.008  0.1448E-02
 -0.998  0.1268E-02
 -0.988  0.1099E-02
 -0.978  0.9435E-03
 -0.968  0.8023E-03
 -0.958  0.6763E-03
 -0.948  0.5660E-03
 -0.938  0.4712E-03
 -0.928  0.3916E-03
 -0.918  0.3267E-03
 -0.908  0.2759E-03
 -0.898  0.2387E-03
 -0.888  0.2144E-03
 -0.878  0.2026E-03
 -0.868  0.2031E-03
 -0.858  0.2159E-03
 -0.848  0.2409E-03
 -0.838  0.2785E-03
 -0.828  0.3289E-03
 -0.818  0.3927E-03
 -0.808  0.4702E-03
 -0.798  0.5618E-03
 -0.788  0.6676E-03
 -0.778  0.7876E-03
 -0.768  0.9213E-03
 -0.758  0.1068E-02
 -0.748  0.1227E-02
 -0.738  0.1396E-02
 -0.728  0.1574E-02
 -0.718  0.1759E-02
 -0.708  0.1947E-02
 -0.698  0.2137E-02
 -0.688  0.2326E-02
 -0.678  0.2512E-02
 -0.668  0.2692E-02
 -0.658  0.2866E-02
 -0.648  0.3032E-02
 -0.638  0.3192E-02
 -0.628  0.3344E-02
 -0.618  0.3492E-02
 -0.608  0.3638E-02
 -0.598  0.3783E-02
 -0.588  0.3933E-02
 -0.578  0.4089E-02
 -0.568  0.4256E-02
 -0.558  0.4436E-02
 -0.548  0.4632E-02
 -0.538  0.4844E-02
 -0.528  0.5073E-02
 -0.518  0.5317E-02
 -0.508  0.5572E-02
 -0.498  0.5834E-02
 -0.488  0.6097E-02
 -0.478  0.6354E-02
 -0.468  0.6598E-02
 -0.458  0.6819E-02
 -0.448  0.7010E-02
 -0.438  0.7162E-02
 -0.428  0.7269E-02
 -0.418  0.7325E-02
 -0.408  0.7326E-02
 -0.398  0.7270E-02
 -0.388  0.7156E-02
 -0.378  0.6988E-02
 -0.368  0.6767E-02
 -0.358  0.6500E-02
 -0.348  0.6195E-02
 -0.338  0.5858E-02
 -0.328  0.5499E-02
 -0.318  0.5126E-02
 -0.308  0.4749E-02
 -0.298  0.4376E-02
 -0.288  0.4013E-02
 -0.278  0.3668E-02
 -0.268  0.3346E-02
 -0.258  0.3049E-02
 -0.248  0.2780E-02
 -0.238  0.2540E-02
 -0.228  0.2329E-02
 -0.218  0.2144E-02
 -0.208  0.1985E-02
 -0.198  0.1847E-02
 -0.188  0.1728E-02
 -0.178  0.1624E-02
 -0.168  0.1534E-02
 -0.158  0.1453E-02
 -0.148  0.1379E-02
 -0.138  0.1312E-02
 -0.128  0.1249E-02
 -0.118  0.1191E-02
 -0.108  0.1138E-02
 -0.098  0.1091E-02
 -0.088  0.1051E-02
 -0.078  0.1019E-02
 -0.068  0.9992E-03
 -0.058  0.9926E-03
 -0.048  0.1002E-02
 -0.038  0.1030E-02
 -0.028  0.1078E-02
 -0.018  0.1148E-02
 -0.008  0.1243E-02
  0.002  0.1362E-02
  0.012  0.1507E-02
  0.022  0.1677E-02
  0.032  0.1872E-02
  0.042  0.2089E-02
  0.052  0.2328E-02
  0.062  0.2585E-02
  0.072  0.2856E-02
  0.082  0.3139E-02
  0.092  0.3427E-02
  0.102  0.3718E-02
  0.112  0.4006E-02
  0.122  0.4284E-02
  0.132  0.4550E-02
  0.142  0.4796E-02
  0.152  0.5019E-02
  0.162  0.5215E-02
  0.172  0.5378E-02
  0.182  0.5508E-02
  0.192  0.5600E-02
  0.202  0.5655E-02
  0.212  0.5671E-02
  0.222  0.5650E-02
  0.232  0.5594E-02
  0.242  0.5505E-02
  0.252  0.5386E-02
  0.262  0.5243E-02
  0.272  0.5079E-02
  0.282  0.4900E-02
  0.292  0.4711E-02
  0.302  0.4517E-02
  0.312  0.4322E-02
  0.322  0.4129E-02
  0.332  0.3943E-02
  0.342  0.3765E-02
  0.352  0.3597E-02
  0.362  0.3438E-02
  0.372  0.3290E-02
  0.382  0.3150E-02
  0.392  0.3017E-02
  0.402  0.2888E-02
  0.412  0.2763E-02
  0.422  0.2639E-02
  0.432  0.2513E-02
  0.442  0.2386E-02
  0.452  0.2255E-02
  0.462  0.2119E-02
  0.472  0.1981E-02
  0.482  0.1838E-02
  0.492  0.1694E-02
  0.502  0.1549E-02
  0.512  0.1404E-02
  0.522  0.1262E-02
  0.532  0.1124E-02
  0.542  0.9923E-03
  0.552  0.8674E-03
  0.562  0.7508E-03
  0.572  0.6435E-03
  0.582  0.5460E-03
  0.592  0.4585E-03
  0.602  0.3812E-03
  0.612  0.3136E-03
  0.622  0.2553E-03
  0.632  0.2057E-03
  0.642  0.1640E-03
  0.652  0.1294E-03
  0.662  0.1010E-03
  0.672  0.7805E-04
  0.682  0.5966E-04
  0.692  0.4512E-04
  0.702  0.3376E-04
  0.712  0.2499E-04
  0.722  0.1831E-04
  0.732  0.1327E-04
  0.742  0.9512E-05
  0.752  0.6748E-05
  0.762  0.4736E-05
  0.772  0.3289E-05
  0.782  0.2259E-05
  0.792  0.1536E-05
  0.802  0.1033E-05
  0.812  0.6872E-06
  0.822  0.4523E-06
  0.832  0.2946E-06
  0.842  0.1898E-06
