 -5.548  0.6920E-07
 -5.538  0.1070E-06
 -5.528  0.1636E-06
 -5.518  0.2476E-06
 -5.508  0.3706E-06
 -5.498  0.5489E-06
 -5.488  0.8041E-06
 -5.478  0.1166E-05
 -5.468  0.1671E-05
 -5.458  0.2371E-05
 -5.448  0.3328E-05
 -5.438  0.4621E-05
 -5.428  0.6349E-05
 -5.418  0.8631E-05
 -5.408  0.1161E-04
 -5.398  0.1545E-04
 -5.388  0.2035E-04
 -5.378  0.2652E-04
 -5.368  0.3421E-04
 -5.358  0.4367E-04
 -5.348  0.5517E-04
 -5.338  0.6901E-04
 -5.328  0.8546E-04
 -5.318  0.1048E-03
 -5.308  0.1272E-03
 -5.298  0.1530E-03
 -5.288  0.1824E-03
 -5.278  0.2154E-03
 -5.268  0.2521E-03
 -5.258  0.2926E-03
 -5.248  0.3369E-03
 -5.238  0.3850E-03
 -5.228  0.4367E-03
 -5.218  0.4920E-03
 -5.208  0.5509E-03
 -5.198  0.6135E-03
 -5.188  0.6796E-03
 -5.178  0.7495E-03
 -5.168  0.8233E-03
 -5.158  0.9014E-03
 -5.148  0.9840E-03
 -5.138  0.1072E-02
 -5.128  0.1165E-02
 -5.118  0.1263E-02
 -5.108  0.1369E-02
 -5.098  0.1481E-02
 -5.088  0.1601E-02
 -5.078  0.1729E-02
 -5.068  0.1865E-02
 -5.058  0.2012E-02
 -5.048  0.2171E-02
 -5.038  0.2342E-02
 -5.028  0.2530E-02
 -5.018  0.2737E-02
 -5.008  0.2968E-02
 -4.998  0.3229E-02
 -4.988  0.3525E-02
 -4.978  0.3864E-02
 -4.968  0.4257E-02
 -4.958  0.4711E-02
 -4.948  0.5237E-02
 -4.938  0.5846E-02
 -4.928  0.6547E-02
 -4.918  0.7348E-02
 -4.908  0.8255E-02
 -4.898  0.9273E-02
 -4.888  0.1040E-01
 -4.878  0.1164E-01
 -4.868  0.1297E-01
 -4.858  0.1438E-01
 -4.848  0.1585E-01
 -4.838  0.1737E-01
 -4.828  0.1888E-01
 -4.818  0.2037E-01
 -4.808  0.2180E-01
 -4.798  0.2312E-01
 -4.788  0.2430E-01
 -4.778  0.2531E-01
 -4.768  0.2610E-01
 -4.758  0.2665E-01
 -4.748  0.2695E-01
 -4.738  0.2698E-01
 -4.728  0.2673E-01
 -4.718  0.2622E-01
 -4.708  0.2544E-01
 -4.698  0.2444E-01
 -4.688  0.2323E-01
 -4.678  0.2185E-01
 -4.668  0.2033E-01
 -4.658  0.1872E-01
 -4.648  0.1706E-01
 -4.638  0.1538E-01
 -4.628  0.1371E-01
 -4.618  0.1210E-01
 -4.608  0.1056E-01
 -4.598  0.9123E-02
 -4.588  0.7795E-02
 -4.578  0.6589E-02
 -4.568  0.5510E-02
 -4.558  0.4559E-02
 -4.548  0.3731E-02
 -4.538  0.3021E-02
 -4.528  0.2420E-02
 -4.518  0.1918E-02
 -4.508  0.1503E-02
 -4.498  0.1166E-02
 -4.488  0.8944E-03
 -4.478  0.6788E-03
 -4.468  0.5097E-03
 -4.458  0.3786E-03
 -4.448  0.2782E-03
 -4.438  0.2022E-03
 -4.428  0.1454E-03
 -4.418  0.1034E-03
 -4.408  0.7279E-04
 -4.398  0.5068E-04
 -4.388  0.3490E-04
 -4.378  0.2378E-04
 -4.368  0.1603E-04
 -4.358  0.1069E-04
 -4.348  0.7048E-05
 -4.338  0.4598E-05
 -4.328  0.2968E-05
 -4.318  0.1895E-05
 -4.308  0.1197E-05
 -4.298  0.7482E-06
 -4.288  0.4625E-06
 -4.278  0.2828E-06
 -4.268  0.1711E-06
 -4.258  0.1024E-06
 -4.248  0.6063E-07
 -4.238  0.3551E-07
 -4.228  0.2057E-07
 -4.218  0.1179E-07
 -4.208  0.6686E-08
 -4.198  0.3750E-08
 -4.188  0.2081E-08
 -4.178  0.1142E-08
 -4.168  0.6203E-09
 -4.158  0.3332E-09
 -4.148  0.1771E-09
 -4.138  0.9308E-10
 -4.128  0.4841E-10
 -4.118  0.2490E-10
 -4.108  0.1267E-10
 -4.098  0.6381E-11
 -4.088  0.3178E-11
 -4.078  0.1566E-11
 -4.068  0.7633E-12
 -4.058  0.3680E-12
 -4.048  0.1755E-12
 -4.038  0.8283E-13
 -4.028  0.3867E-13
 -4.018  0.1786E-13
 -4.008  0.8157E-14
 -3.998  0.3686E-14
 -3.988  0.1648E-14
 -3.978  0.7288E-15
 -3.968  0.3188E-15
 -3.958  0.1380E-15
 -3.948  0.5908E-16
 -3.938  0.2502E-16
 -3.928  0.1048E-16
 -3.918  0.4346E-17
 -3.908  0.1782E-17
 -3.898  0.7228E-18
 -3.888  0.2900E-18
 -3.878  0.1151E-18
 -3.868  0.4521E-19
 -3.858  0.1756E-19
 -3.848  0.6750E-20
 -3.838  0.2566E-20
 -3.828  0.9651E-21
 -3.818  0.3591E-21
 -3.808  0.1322E-21
 -3.798  0.4812E-22
 -3.788  0.1733E-22
 -3.778  0.6175E-23
 -3.768  0.2177E-23
 -3.758  0.7590E-24
 -3.748  0.2618E-24
 -3.738  0.8934E-25
 -3.728  0.3016E-25
 -3.718  0.1007E-25
 -3.708  0.3327E-26
 -3.698  0.1087E-26
 -3.688  0.3515E-27
 -3.678  0.1124E-27
 -3.668  0.3557E-28
 -3.658  0.1113E-28
 -3.648  0.3447E-29
 -3.638  0.1056E-29
 -3.628  0.3199E-30
 -3.618  0.9589E-31
 -3.608  0.2843E-31
 -3.598  0.8341E-32
 -3.588  0.2420E-32
 -3.578  0.6948E-33
 -3.568  0.1973E-33
 -3.558  0.5543E-34
 -3.548  0.1541E-34
 -3.538  0.4235E-35
 -3.528  0.1152E-35
 -3.518  0.3099E-36
 -3.508  0.8249E-37
 -3.498  0.2172E-37
 -3.488  0.5657E-38
 -3.478  0.1458E-38
 -3.468  0.3716E-39
 -3.458  0.9370E-40
 -3.448  0.2337E-40
 -3.438  0.5768E-41
 -3.428  0.1408E-41
 -3.418  0.3401E-42
 -3.408  0.8124E-43
 -3.398  0.1920E-43
 -3.388  0.4489E-44
 -3.378  0.1038E-44
 -3.368  0.2375E-45
 -3.358  0.5377E-46
 -3.348  0.1204E-46
 -3.338  0.2667E-47
 -3.328  0.5843E-48
 -3.318  0.1267E-48
 -3.308  0.2716E-49
 -3.298  0.5762E-50
 -3.288  0.1209E-50
 -3.278  0.2510E-51
 -3.268  0.5155E-52
 -3.258  0.1047E-52
 -3.248  0.2105E-53
 -3.238  0.4185E-54
 -3.228  0.8231E-55
 -3.218  0.1602E-55
 -3.208  0.3083E-56
 -3.198  0.5870E-57
 -3.188  0.1106E-57
 -3.178  0.2060E-58
 -3.168  0.3798E-59
 -3.158  0.6925E-60
 -3.148  0.1249E-60
 -3.138  0.2230E-61
 -3.128  0.3936E-62
 -3.118  0.6874E-63
 -3.108  0.1188E-63
 -3.098  0.2030E-64
 -3.088  0.3432E-65
 -3.078  0.5740E-66
 -3.068  0.9497E-67
 -3.058  0.1555E-67
 -3.048  0.2517E-68
 -3.038  0.4032E-69
 -3.028  0.6389E-70
 -3.018  0.1002E-70
 -3.008  0.1553E-71
 -2.998  0.2383E-72
 -2.988  0.3643E-73
 -2.978  0.7242E-74
 -2.968  0.1270E-73
 -2.958  0.7726E-73
 -2.948  0.4951E-72
 -2.938  0.3144E-71
 -2.928  0.1975E-70
 -2.918  0.1227E-69
 -2.908  0.7542E-69
 -2.898  0.4586E-68
 -2.888  0.2759E-67
 -2.878  0.1642E-66
 -2.868  0.9664E-66
 -2.858  0.5628E-65
 -2.848  0.3242E-64
 -2.838  0.1848E-63
 -2.828  0.1042E-62
 -2.818  0.5811E-62
 -2.808  0.3206E-61
 -2.798  0.1750E-60
 -2.788  0.9448E-60
 -2.778  0.5047E-59
 -2.768  0.2667E-58
 -2.758  0.1394E-57
 -2.748  0.7208E-57
 -2.738  0.3687E-56
 -2.728  0.1866E-55
 -2.718  0.9341E-55
 -2.708  0.4626E-54
 -2.698  0.2266E-53
 -2.688  0.1098E-52
 -2.678  0.5266E-52
 -2.668  0.2498E-51
 -2.658  0.1172E-50
 -2.648  0.5439E-50
 -2.638  0.2498E-49
 -2.628  0.1134E-48
 -2.618  0.5098E-48
 -2.608  0.2266E-47
 -2.598  0.9965E-47
 -2.588  0.4335E-46
 -2.578  0.1865E-45
 -2.568  0.7941E-45
 -2.558  0.3344E-44
 -2.548  0.1393E-43
 -2.538  0.5743E-43
 -2.528  0.2341E-42
 -2.518  0.9443E-42
 -2.508  0.3768E-41
 -2.498  0.1487E-40
 -2.488  0.5807E-40
 -2.478  0.2243E-39
 -2.468  0.8571E-39
 -2.458  0.3240E-38
 -2.448  0.1212E-37
 -2.438  0.4482E-37
 -2.428  0.1640E-36
 -2.418  0.5939E-36
 -2.408  0.2127E-35
 -2.398  0.7535E-35
 -2.388  0.2641E-34
 -2.378  0.9156E-34
 -2.368  0.3141E-33
 -2.358  0.1066E-32
 -2.348  0.3577E-32
 -2.338  0.1188E-31
 -2.328  0.3901E-31
 -2.318  0.1268E-30
 -2.308  0.4076E-30
 -2.298  0.1296E-29
 -2.288  0.4077E-29
 -2.278  0.1269E-28
 -2.268  0.3907E-28
 -2.258  0.1190E-27
 -2.248  0.3585E-27
 -2.238  0.1069E-26
 -2.228  0.3151E-26
 -2.218  0.9190E-26
 -2.208  0.2652E-25
 -2.198  0.7570E-25
 -2.188  0.2138E-24
 -2.178  0.5972E-24
 -2.168  0.1650E-23
 -2.158  0.4512E-23
 -2.148  0.1220E-22
 -2.138  0.3265E-22
 -2.128  0.8643E-22
 -2.118  0.2263E-21
 -2.108  0.5862E-21
 -2.098  0.1502E-20
 -2.088  0.3809E-20
 -2.078  0.9552E-20
 -2.068  0.2370E-19
 -2.058  0.5817E-19
 -2.048  0.1413E-18
 -2.038  0.3393E-18
 -2.028  0.8065E-18
 -2.018  0.1896E-17
 -2.008  0.4411E-17
 -1.998  0.1015E-16
 -1.988  0.2311E-16
 -1.978  0.5205E-16
 -1.968  0.1160E-15
 -1.958  0.2557E-15
 -1.948  0.5578E-15
 -1.938  0.1204E-14
 -1.928  0.2571E-14
 -1.918  0.5431E-14
 -1.908  0.1135E-13
 -1.898  0.2349E-13
 -1.888  0.4807E-13
 -1.878  0.9735E-13
 -1.868  0.1951E-12
 -1.858  0.3869E-12
 -1.848  0.7594E-12
 -1.838  0.1475E-11
 -1.828  0.2836E-11
 -1.818  0.5395E-11
 -1.808  0.1016E-10
 -1.798  0.1894E-10
 -1.788  0.3495E-10
 -1.778  0.6386E-10
 -1.768  0.1155E-09
 -1.758  0.2069E-09
 -1.748  0.3670E-09
 -1.738  0.6446E-09
 -1.728  0.1121E-08
 -1.718  0.1933E-08
 -1.708  0.3300E-08
 -1.698  0.5582E-08
 -1.688  0.9356E-08
 -1.678  0.1554E-07
 -1.668  0.2560E-07
 -1.658  0.4179E-07
 -1.648  0.6763E-07
 -1.638  0.1085E-06
 -1.628  0.1728E-06
 -1.618  0.2728E-06
 -1.608  0.4273E-06
 -1.598  0.6639E-06
 -1.588  0.1024E-05
 -1.578  0.1566E-05
 -1.568  0.2377E-05
 -1.558  0.3582E-05
 -1.548  0.5355E-05
 -1.538  0.7947E-05
 -1.528  0.1170E-04
 -1.518  0.1710E-04
 -1.508  0.2481E-04
 -1.498  0.3570E-04
 -1.488  0.5098E-04
 -1.478  0.7221E-04
 -1.468  0.1015E-03
 -1.458  0.1414E-03
 -1.448  0.1955E-03
 -1.438  0.2680E-03
 -1.428  0.3642E-03
 -1.418  0.4906E-03
 -1.408  0.6551E-03
 -1.398  0.8670E-03
 -1.388  0.1137E-02
 -1.378  0.1477E-02
 -1.368  0.1902E-02
 -1.358  0.2424E-02
 -1.348  0.3062E-02
 -1.338  0.3829E-02
 -1.328  0.4743E-02
 -1.318  0.5816E-02
 -1.308  0.7062E-02
 -1.298  0.8489E-02
 -1.288  0.1010E-01
 -1.278  0.1190E-01
 -1.268  0.1387E-01
 -1.258  0.1601E-01
 -1.248  0.1829E-01
 -1.238  0.2067E-01
 -1.228  0.2312E-01
 -1.218  0.2560E-01
 -1.208  0.2804E-01
 -1.198  0.3040E-01
 -1.188  0.3261E-01
 -1.178  0.3461E-01
 -1.168  0.3635E-01
 -1.158  0.3777E-01
 -1.148  0.3884E-01
 -1.138  0.3951E-01
 -1.128  0.3977E-01
 -1.118  0.3960E-01
 -1.108  0.3902E-01
 -1.098  0.3804E-01
 -1.088  0.3669E-01
 -1.078  0.3501E-01
 -1.068  0.3305E-01
 -1.058  0.3087E-01
 -1.048  0.2852E-01
 -1.038  0.2608E-01
 -1.028  0.2359E-01
 -1.018  0.2110E-01
 -1.008  0.1868E-01
 -0.998  0.1636E-01
 -0.988  0.1418E-01
 -0.978  0.1216E-01
 -0.968  0.1031E-01
 -0.958  0.8656E-02
 -0.948  0.7190E-02
 -0.938  0.5913E-02
 -0.928  0.4815E-02
 -0.918  0.3886E-02
 -0.908  0.3112E-02
 -0.898  0.2478E-02
 -0.888  0.1968E-02
 -0.878  0.1567E-02
 -0.868  0.1262E-02
 -0.858  0.1038E-02
 -0.848  0.8840E-03
 -0.838  0.7908E-03
 -0.828  0.7498E-03
 -0.818  0.7538E-03
 -0.808  0.7972E-03
 -0.798  0.8752E-03
 -0.788  0.9838E-03
 -0.778  0.1120E-02
 -0.768  0.1279E-02
 -0.758  0.1460E-02
 -0.748  0.1659E-02
 -0.738  0.1872E-02
 -0.728  0.2097E-02
 -0.718  0.2330E-02
 -0.708  0.2568E-02
 -0.698  0.2808E-02
 -0.688  0.3047E-02
 -0.678  0.3284E-02
 -0.668  0.3517E-02
 -0.658  0.3746E-02
 -0.648  0.3973E-02
 -0.638  0.4199E-02
 -0.628  0.4430E-02
 -0.618  0.4670E-02
 -0.608  0.4925E-02
 -0.598  0.5203E-02
 -0.588  0.5510E-02
 -0.578  0.5855E-02
 -0.568  0.6243E-02
 -0.558  0.6681E-02
 -0.548  0.7172E-02
 -0.538  0.7718E-02
 -0.528  0.8318E-02
 -0.518  0.8967E-02
 -0.508  0.9659E-02
 -0.498  0.1038E-01
 -0.488  0.1113E-01
 -0.478  0.1188E-01
 -0.468  0.1261E-01
 -0.458  0.1332E-01
 -0.448  0.1398E-01
 -0.438  0.1456E-01
 -0.428  0.1507E-01
 -0.418  0.1548E-01
 -0.408  0.1578E-01
 -0.398  0.1597E-01
 -0.388  0.1604E-01
 -0.378  0.1599E-01
 -0.368  0.1583E-01
 -0.358  0.1557E-01
 -0.348  0.1523E-01
 -0.338  0.1481E-01
 -0.328  0.1433E-01
 -0.318  0.1382E-01
 -0.308  0.1329E-01
 -0.298  0.1277E-01
 -0.288  0.1226E-01
 -0.278  0.1177E-01
 -0.268  0.1133E-01
 -0.258  0.1094E-01
 -0.248  0.1059E-01
 -0.238  0.1029E-01
 -0.228  0.1004E-01
 -0.218  0.9820E-02
 -0.208  0.9629E-02
 -0.198  0.9455E-02
 -0.188  0.9289E-02
 -0.178  0.9119E-02
 -0.168  0.8937E-02
 -0.158  0.8736E-02
 -0.148  0.8512E-02
 -0.138  0.8263E-02
 -0.128  0.7992E-02
 -0.118  0.7703E-02
 -0.108  0.7405E-02
 -0.098  0.7107E-02
 -0.088  0.6823E-02
 -0.078  0.6566E-02
 -0.068  0.6350E-02
 -0.058  0.6191E-02
 -0.048  0.6101E-02
 -0.038  0.6093E-02
 -0.028  0.6177E-02
 -0.018  0.6359E-02
 -0.008  0.6643E-02
  0.002  0.7028E-02
  0.012  0.7511E-02
  0.022  0.8083E-02
  0.032  0.8733E-02
  0.042  0.9444E-02
  0.052  0.1020E-01
  0.062  0.1098E-01
  0.072  0.1176E-01
  0.082  0.1251E-01
  0.092  0.1322E-01
  0.102  0.1386E-01
  0.112  0.1442E-01
  0.122  0.1487E-01
  0.132  0.1521E-01
  0.142  0.1543E-01
  0.152  0.1552E-01
  0.162  0.1548E-01
  0.172  0.1533E-01
  0.182  0.1507E-01
  0.192  0.1472E-01
  0.202  0.1429E-01
  0.212  0.1381E-01
  0.222  0.1330E-01
  0.232  0.1278E-01
  0.242  0.1227E-01
  0.252  0.1179E-01
  0.262  0.1136E-01
  0.272  0.1099E-01
  0.282  0.1070E-01
  0.292  0.1049E-01
  0.302  0.1036E-01
  0.312  0.1031E-01
  0.322  0.1035E-01
  0.332  0.1044E-01
  0.342  0.1060E-01
  0.352  0.1078E-01
  0.362  0.1099E-01
  0.372  0.1120E-01
  0.382  0.1138E-01
  0.392  0.1153E-01
  0.402  0.1163E-01
  0.412  0.1165E-01
  0.422  0.1160E-01
  0.432  0.1145E-01
  0.442  0.1122E-01
  0.452  0.1090E-01
  0.462  0.1048E-01
  0.472  0.9992E-02
  0.482  0.9432E-02
  0.492  0.8816E-02
  0.502  0.8157E-02
  0.512  0.7471E-02
  0.522  0.6773E-02
  0.532  0.6076E-02
  0.542  0.5395E-02
  0.552  0.4740E-02
  0.562  0.4121E-02
  0.572  0.3545E-02
  0.582  0.3018E-02
  0.592  0.2542E-02
  0.602  0.2118E-02
  0.612  0.1746E-02
  0.622  0.1425E-02
  0.632  0.1150E-02
  0.642  0.9184E-03
  0.652  0.7257E-03
  0.662  0.5673E-03
  0.672  0.4387E-03
  0.682  0.3357E-03
  0.692  0.2542E-03
  0.702  0.1904E-03
  0.712  0.1411E-03
  0.722  0.1034E-03
  0.732  0.7504E-04
  0.742  0.5385E-04
  0.752  0.3824E-04
  0.762  0.2686E-04
  0.772  0.1867E-04
  0.782  0.1284E-04
  0.792  0.8732E-05
  0.802  0.5877E-05
  0.812  0.3913E-05
  0.822  0.2578E-05
  0.832  0.1680E-05
  0.842  0.1084E-05
