 -5.548  0.3403E-06
 -5.538  0.5261E-06
 -5.528  0.8047E-06
 -5.518  0.1218E-05
 -5.508  0.1822E-05
 -5.498  0.2698E-05
 -5.488  0.3953E-05
 -5.478  0.5729E-05
 -5.468  0.8213E-05
 -5.458  0.1165E-04
 -5.448  0.1635E-04
 -5.438  0.2269E-04
 -5.428  0.3117E-04
 -5.418  0.4236E-04
 -5.408  0.5695E-04
 -5.398  0.7575E-04
 -5.388  0.9970E-04
 -5.378  0.1298E-03
 -5.368  0.1673E-03
 -5.358  0.2134E-03
 -5.348  0.2693E-03
 -5.338  0.3363E-03
 -5.328  0.4158E-03
 -5.318  0.5088E-03
 -5.308  0.6163E-03
 -5.298  0.7392E-03
 -5.288  0.8780E-03
 -5.278  0.1033E-02
 -5.268  0.1204E-02
 -5.258  0.1390E-02
 -5.248  0.1591E-02
 -5.238  0.1805E-02
 -5.228  0.2032E-02
 -5.218  0.2269E-02
 -5.208  0.2516E-02
 -5.198  0.2770E-02
 -5.188  0.3031E-02
 -5.178  0.3297E-02
 -5.168  0.3569E-02
 -5.158  0.3845E-02
 -5.148  0.4127E-02
 -5.138  0.4415E-02
 -5.128  0.4710E-02
 -5.118  0.5014E-02
 -5.108  0.5327E-02
 -5.098  0.5652E-02
 -5.088  0.5989E-02
 -5.078  0.6339E-02
 -5.068  0.6702E-02
 -5.058  0.7076E-02
 -5.048  0.7462E-02
 -5.038  0.7857E-02
 -5.028  0.8259E-02
 -5.018  0.8664E-02
 -5.008  0.9071E-02
 -4.998  0.9476E-02
 -4.988  0.9876E-02
 -4.978  0.1027E-01
 -4.968  0.1065E-01
 -4.958  0.1102E-01
 -4.948  0.1138E-01
 -4.938  0.1172E-01
 -4.928  0.1205E-01
 -4.918  0.1237E-01
 -4.908  0.1267E-01
 -4.898  0.1296E-01
 -4.888  0.1323E-01
 -4.878  0.1348E-01
 -4.868  0.1372E-01
 -4.858  0.1394E-01
 -4.848  0.1413E-01
 -4.838  0.1430E-01
 -4.828  0.1443E-01
 -4.818  0.1453E-01
 -4.808  0.1458E-01
 -4.798  0.1458E-01
 -4.788  0.1452E-01
 -4.778  0.1440E-01
 -4.768  0.1421E-01
 -4.758  0.1395E-01
 -4.748  0.1361E-01
 -4.738  0.1319E-01
 -4.728  0.1270E-01
 -4.718  0.1215E-01
 -4.708  0.1153E-01
 -4.698  0.1085E-01
 -4.688  0.1014E-01
 -4.678  0.9386E-02
 -4.668  0.8616E-02
 -4.658  0.7839E-02
 -4.648  0.7066E-02
 -4.638  0.6311E-02
 -4.628  0.5582E-02
 -4.618  0.4890E-02
 -4.608  0.4242E-02
 -4.598  0.3643E-02
 -4.588  0.3098E-02
 -4.578  0.2608E-02
 -4.568  0.2173E-02
 -4.558  0.1792E-02
 -4.548  0.1462E-02
 -4.538  0.1181E-02
 -4.528  0.9439E-03
 -4.518  0.7466E-03
 -4.508  0.5843E-03
 -4.498  0.4525E-03
 -4.488  0.3467E-03
 -4.478  0.2628E-03
 -4.468  0.1972E-03
 -4.458  0.1463E-03
 -4.448  0.1074E-03
 -4.438  0.7804E-04
 -4.428  0.5609E-04
 -4.418  0.3988E-04
 -4.408  0.2805E-04
 -4.398  0.1952E-04
 -4.388  0.1344E-04
 -4.378  0.9154E-05
 -4.368  0.6168E-05
 -4.358  0.4112E-05
 -4.348  0.2711E-05
 -4.338  0.1769E-05
 -4.328  0.1142E-05
 -4.318  0.7289E-06
 -4.308  0.4604E-06
 -4.298  0.2877E-06
 -4.288  0.1778E-06
 -4.278  0.1087E-06
 -4.268  0.6577E-07
 -4.258  0.3936E-07
 -4.248  0.2330E-07
 -4.238  0.1365E-07
 -4.228  0.7906E-08
 -4.218  0.4532E-08
 -4.208  0.2569E-08
 -4.198  0.1441E-08
 -4.188  0.7996E-09
 -4.178  0.4389E-09
 -4.168  0.2383E-09
 -4.158  0.1280E-09
 -4.148  0.6804E-10
 -4.138  0.3577E-10
 -4.128  0.1860E-10
 -4.118  0.9569E-11
 -4.108  0.4870E-11
 -4.098  0.2452E-11
 -4.088  0.1221E-11
 -4.078  0.6017E-12
 -4.068  0.2933E-12
 -4.058  0.1414E-12
 -4.048  0.6745E-13
 -4.038  0.3183E-13
 -4.028  0.1486E-13
 -4.018  0.6860E-14
 -4.008  0.3134E-14
 -3.998  0.1416E-14
 -3.988  0.6331E-15
 -3.978  0.2800E-15
 -3.968  0.1225E-15
 -3.958  0.5302E-16
 -3.948  0.2270E-16
 -3.938  0.9614E-17
 -3.928  0.4028E-17
 -3.918  0.1670E-17
 -3.908  0.6847E-18
 -3.898  0.2777E-18
 -3.888  0.1114E-18
 -3.878  0.4424E-19
 -3.868  0.1737E-19
 -3.858  0.6749E-20
 -3.848  0.2593E-20
 -3.838  0.9860E-21
 -3.828  0.3708E-21
 -3.818  0.1380E-21
 -3.808  0.5077E-22
 -3.798  0.1849E-22
 -3.788  0.6659E-23
 -3.778  0.2373E-23
 -3.768  0.8363E-24
 -3.758  0.2916E-24
 -3.748  0.1006E-24
 -3.738  0.3432E-25
 -3.728  0.1159E-25
 -3.718  0.3869E-26
 -3.708  0.1278E-26
 -3.698  0.4177E-27
 -3.688  0.1351E-27
 -3.678  0.4319E-28
 -3.668  0.1367E-28
 -3.658  0.4277E-29
 -3.648  0.1324E-29
 -3.638  0.4056E-30
 -3.628  0.1229E-30
 -3.618  0.3684E-31
 -3.608  0.1092E-31
 -3.598  0.3205E-32
 -3.588  0.9299E-33
 -3.578  0.2670E-33
 -3.568  0.7581E-34
 -3.558  0.2130E-34
 -3.548  0.5919E-35
 -3.538  0.1627E-35
 -3.528  0.4426E-36
 -3.518  0.1191E-36
 -3.508  0.3169E-37
 -3.498  0.8345E-38
 -3.488  0.2174E-38
 -3.478  0.5601E-39
 -3.468  0.1428E-39
 -3.458  0.3600E-40
 -3.448  0.8980E-41
 -3.438  0.2216E-41
 -3.428  0.5410E-42
 -3.418  0.1307E-42
 -3.408  0.3121E-43
 -3.398  0.7377E-44
 -3.388  0.1725E-44
 -3.378  0.3989E-45
 -3.368  0.9127E-46
 -3.358  0.2066E-46
 -3.348  0.4625E-47
 -3.338  0.1025E-47
 -3.328  0.2245E-48
 -3.318  0.4866E-49
 -3.308  0.1044E-49
 -3.298  0.2214E-50
 -3.288  0.4646E-51
 -3.278  0.9644E-52
 -3.268  0.1981E-52
 -3.258  0.4024E-53
 -3.248  0.8087E-54
 -3.238  0.1608E-54
 -3.228  0.3162E-55
 -3.218  0.6153E-56
 -3.208  0.1184E-56
 -3.198  0.2255E-57
 -3.188  0.4248E-58
 -3.178  0.7915E-59
 -3.168  0.1459E-59
 -3.158  0.2661E-60
 -3.148  0.4800E-61
 -3.138  0.8566E-62
 -3.128  0.1512E-62
 -3.118  0.2641E-63
 -3.108  0.4563E-64
 -3.098  0.7799E-65
 -3.088  0.1319E-65
 -3.078  0.2205E-66
 -3.068  0.3649E-67
 -3.058  0.5973E-68
 -3.048  0.9671E-69
 -3.038  0.1549E-69
 -3.028  0.2455E-70
 -3.018  0.3848E-71
 -3.008  0.5968E-72
 -2.998  0.9193E-73
 -2.988  0.1644E-73
 -2.978  0.1896E-73
 -2.968  0.1110E-72
 -2.958  0.7182E-72
 -2.948  0.4610E-71
 -2.938  0.2927E-70
 -2.928  0.1838E-69
 -2.918  0.1142E-68
 -2.908  0.7022E-68
 -2.898  0.4270E-67
 -2.888  0.2568E-66
 -2.878  0.1528E-65
 -2.868  0.8998E-65
 -2.858  0.5240E-64
 -2.848  0.3019E-63
 -2.838  0.1720E-62
 -2.828  0.9700E-62
 -2.818  0.5410E-61
 -2.808  0.2985E-60
 -2.798  0.1629E-59
 -2.788  0.8796E-59
 -2.778  0.4699E-58
 -2.768  0.2483E-57
 -2.758  0.1298E-56
 -2.748  0.6711E-56
 -2.738  0.3433E-55
 -2.728  0.1737E-54
 -2.718  0.8697E-54
 -2.708  0.4307E-53
 -2.698  0.2110E-52
 -2.688  0.1023E-51
 -2.678  0.4903E-51
 -2.668  0.2325E-50
 -2.658  0.1091E-49
 -2.648  0.5064E-49
 -2.638  0.2325E-48
 -2.628  0.1056E-47
 -2.618  0.4746E-47
 -2.608  0.2110E-46
 -2.598  0.9277E-46
 -2.588  0.4036E-45
 -2.578  0.1737E-44
 -2.568  0.7394E-44
 -2.558  0.3114E-43
 -2.548  0.1297E-42
 -2.538  0.5347E-42
 -2.528  0.2180E-41
 -2.518  0.8792E-41
 -2.508  0.3508E-40
 -2.498  0.1385E-39
 -2.488  0.5407E-39
 -2.478  0.2088E-38
 -2.468  0.7980E-38
 -2.458  0.3017E-37
 -2.448  0.1128E-36
 -2.438  0.4173E-36
 -2.428  0.1527E-35
 -2.418  0.5529E-35
 -2.408  0.1980E-34
 -2.398  0.7015E-34
 -2.388  0.2459E-33
 -2.378  0.8524E-33
 -2.368  0.2924E-32
 -2.358  0.9920E-32
 -2.348  0.3330E-31
 -2.338  0.1106E-30
 -2.328  0.3632E-30
 -2.318  0.1180E-29
 -2.308  0.3794E-29
 -2.298  0.1206E-28
 -2.288  0.3795E-28
 -2.278  0.1181E-27
 -2.268  0.3636E-27
 -2.258  0.1107E-26
 -2.248  0.3336E-26
 -2.238  0.9944E-26
 -2.228  0.2932E-25
 -2.218  0.8552E-25
 -2.208  0.2468E-24
 -2.198  0.7043E-24
 -2.188  0.1989E-23
 -2.178  0.5556E-23
 -2.168  0.1535E-22
 -2.158  0.4197E-22
 -2.148  0.1135E-21
 -2.138  0.3036E-21
 -2.128  0.8035E-21
 -2.118  0.2104E-20
 -2.108  0.5448E-20
 -2.098  0.1396E-19
 -2.088  0.3538E-19
 -2.078  0.8871E-19
 -2.068  0.2200E-18
 -2.058  0.5399E-18
 -2.048  0.1311E-17
 -2.038  0.3147E-17
 -2.028  0.7476E-17
 -2.018  0.1757E-16
 -2.008  0.4084E-16
 -1.998  0.9392E-16
 -1.988  0.2137E-15
 -1.978  0.4809E-15
 -1.968  0.1071E-14
 -1.958  0.2358E-14
 -1.948  0.5139E-14
 -1.938  0.1108E-13
 -1.928  0.2362E-13
 -1.918  0.4982E-13
 -1.908  0.1040E-12
 -1.898  0.2146E-12
 -1.888  0.4383E-12
 -1.878  0.8856E-12
 -1.868  0.1770E-11
 -1.858  0.3500E-11
 -1.848  0.6845E-11
 -1.838  0.1325E-10
 -1.828  0.2536E-10
 -1.818  0.4802E-10
 -1.808  0.8997E-10
 -1.798  0.1668E-09
 -1.788  0.3058E-09
 -1.778  0.5546E-09
 -1.768  0.9954E-09
 -1.758  0.1767E-08
 -1.748  0.3104E-08
 -1.738  0.5394E-08
 -1.728  0.9273E-08
 -1.718  0.1577E-07
 -1.708  0.2654E-07
 -1.698  0.4419E-07
 -1.688  0.7279E-07
 -1.678  0.1186E-06
 -1.668  0.1913E-06
 -1.658  0.3052E-06
 -1.648  0.4818E-06
 -1.638  0.7526E-06
 -1.628  0.1163E-05
 -1.618  0.1779E-05
 -1.608  0.2693E-05
 -1.598  0.4034E-05
 -1.588  0.5981E-05
 -1.578  0.8774E-05
 -1.568  0.1274E-04
 -1.558  0.1831E-04
 -1.548  0.2606E-04
 -1.538  0.3670E-04
 -1.528  0.5117E-04
 -1.518  0.7065E-04
 -1.508  0.9657E-04
 -1.498  0.1307E-03
 -1.488  0.1753E-03
 -1.478  0.2328E-03
 -1.468  0.3062E-03
 -1.458  0.3991E-03
 -1.448  0.5154E-03
 -1.438  0.6596E-03
 -1.428  0.8367E-03
 -1.418  0.1052E-02
 -1.408  0.1312E-02
 -1.398  0.1621E-02
 -1.388  0.1988E-02
 -1.378  0.2417E-02
 -1.368  0.2916E-02
 -1.358  0.3491E-02
 -1.348  0.4146E-02
 -1.338  0.4886E-02
 -1.328  0.5716E-02
 -1.318  0.6637E-02
 -1.308  0.7648E-02
 -1.298  0.8750E-02
 -1.288  0.9935E-02
 -1.278  0.1120E-01
 -1.268  0.1253E-01
 -1.258  0.1391E-01
 -1.248  0.1533E-01
 -1.238  0.1676E-01
 -1.228  0.1819E-01
 -1.218  0.1958E-01
 -1.208  0.2091E-01
 -1.198  0.2214E-01
 -1.188  0.2325E-01
 -1.178  0.2421E-01
 -1.168  0.2499E-01
 -1.158  0.2558E-01
 -1.148  0.2594E-01
 -1.138  0.2607E-01
 -1.128  0.2595E-01
 -1.118  0.2560E-01
 -1.108  0.2502E-01
 -1.098  0.2421E-01
 -1.088  0.2320E-01
 -1.078  0.2202E-01
 -1.068  0.2070E-01
 -1.058  0.1926E-01
 -1.048  0.1774E-01
 -1.038  0.1617E-01
 -1.028  0.1460E-01
 -1.018  0.1305E-01
 -1.008  0.1154E-01
 -0.998  0.1010E-01
 -0.988  0.8753E-02
 -0.978  0.7510E-02
 -0.968  0.6381E-02
 -0.958  0.5372E-02
 -0.948  0.4484E-02
 -0.938  0.3716E-02
 -0.928  0.3065E-02
 -0.918  0.2525E-02
 -0.908  0.2091E-02
 -0.898  0.1754E-02
 -0.888  0.1510E-02
 -0.878  0.1351E-02
 -0.868  0.1273E-02
 -0.858  0.1273E-02
 -0.848  0.1346E-02
 -0.838  0.1492E-02
 -0.828  0.1709E-02
 -0.818  0.1998E-02
 -0.808  0.2357E-02
 -0.798  0.2786E-02
 -0.788  0.3284E-02
 -0.778  0.3849E-02
 -0.768  0.4475E-02
 -0.758  0.5159E-02
 -0.748  0.5891E-02
 -0.738  0.6662E-02
 -0.728  0.7461E-02
 -0.718  0.8273E-02
 -0.708  0.9085E-02
 -0.698  0.9881E-02
 -0.688  0.1064E-01
 -0.678  0.1136E-01
 -0.668  0.1202E-01
 -0.658  0.1261E-01
 -0.648  0.1313E-01
 -0.638  0.1356E-01
 -0.628  0.1392E-01
 -0.618  0.1419E-01
 -0.608  0.1440E-01
 -0.598  0.1456E-01
 -0.588  0.1467E-01
 -0.578  0.1476E-01
 -0.568  0.1483E-01
 -0.558  0.1492E-01
 -0.548  0.1503E-01
 -0.538  0.1518E-01
 -0.528  0.1537E-01
 -0.518  0.1561E-01
 -0.508  0.1591E-01
 -0.498  0.1625E-01
 -0.488  0.1664E-01
 -0.478  0.1705E-01
 -0.468  0.1747E-01
 -0.458  0.1789E-01
 -0.448  0.1828E-01
 -0.438  0.1862E-01
 -0.428  0.1889E-01
 -0.418  0.1908E-01
 -0.408  0.1918E-01
 -0.398  0.1916E-01
 -0.388  0.1902E-01
 -0.378  0.1876E-01
 -0.368  0.1839E-01
 -0.358  0.1791E-01
 -0.348  0.1732E-01
 -0.338  0.1665E-01
 -0.328  0.1591E-01
 -0.318  0.1511E-01
 -0.308  0.1428E-01
 -0.298  0.1344E-01
 -0.288  0.1260E-01
 -0.278  0.1177E-01
 -0.268  0.1098E-01
 -0.258  0.1022E-01
 -0.248  0.9521E-02
 -0.238  0.8872E-02
 -0.228  0.8279E-02
 -0.218  0.7741E-02
 -0.208  0.7255E-02
 -0.198  0.6817E-02
 -0.188  0.6421E-02
 -0.178  0.6059E-02
 -0.168  0.5727E-02
 -0.158  0.5416E-02
 -0.148  0.5124E-02
 -0.138  0.4845E-02
 -0.128  0.4577E-02
 -0.118  0.4321E-02
 -0.108  0.4076E-02
 -0.098  0.3846E-02
 -0.088  0.3634E-02
 -0.078  0.3445E-02
 -0.068  0.3285E-02
 -0.058  0.3159E-02
 -0.048  0.3073E-02
 -0.038  0.3034E-02
 -0.028  0.3046E-02
 -0.018  0.3113E-02
 -0.008  0.3238E-02
  0.002  0.3422E-02
  0.012  0.3665E-02
  0.022  0.3966E-02
  0.032  0.4319E-02
  0.042  0.4722E-02
  0.052  0.5166E-02
  0.062  0.5645E-02
  0.072  0.6148E-02
  0.082  0.6666E-02
  0.092  0.7188E-02
  0.102  0.7704E-02
  0.112  0.8202E-02
  0.122  0.8673E-02
  0.132  0.9106E-02
  0.142  0.9493E-02
  0.152  0.9827E-02
  0.162  0.1010E-01
  0.172  0.1031E-01
  0.182  0.1046E-01
  0.192  0.1054E-01
  0.202  0.1055E-01
  0.212  0.1050E-01
  0.222  0.1040E-01
  0.232  0.1025E-01
  0.242  0.1005E-01
  0.252  0.9827E-02
  0.262  0.9576E-02
  0.272  0.9311E-02
  0.282  0.9040E-02
  0.292  0.8771E-02
  0.302  0.8511E-02
  0.312  0.8266E-02
  0.322  0.8040E-02
  0.332  0.7835E-02
  0.342  0.7650E-02
  0.352  0.7483E-02
  0.362  0.7332E-02
  0.372  0.7191E-02
  0.382  0.7054E-02
  0.392  0.6915E-02
  0.402  0.6768E-02
  0.412  0.6607E-02
  0.422  0.6426E-02
  0.432  0.6222E-02
  0.442  0.5991E-02
  0.452  0.5733E-02
  0.462  0.5448E-02
  0.472  0.5138E-02
  0.482  0.4807E-02
  0.492  0.4459E-02
  0.502  0.4100E-02
  0.512  0.3735E-02
  0.522  0.3371E-02
  0.532  0.3013E-02
  0.542  0.2666E-02
  0.552  0.2336E-02
  0.562  0.2026E-02
  0.572  0.1739E-02
  0.582  0.1478E-02
  0.592  0.1243E-02
  0.602  0.1034E-02
  0.612  0.8515E-03
  0.622  0.6939E-03
  0.632  0.5595E-03
  0.642  0.4464E-03
  0.652  0.3524E-03
  0.662  0.2752E-03
  0.672  0.2127E-03
  0.682  0.1626E-03
  0.692  0.1230E-03
  0.702  0.9210E-04
  0.712  0.6821E-04
  0.722  0.4998E-04
  0.732  0.3623E-04
  0.742  0.2599E-04
  0.752  0.1844E-04
  0.762  0.1295E-04
  0.772  0.8993E-05
  0.782  0.6180E-05
  0.792  0.4202E-05
  0.802  0.2827E-05
  0.812  0.1881E-05
  0.822  0.1239E-05
  0.832  0.8069E-06
  0.842  0.5201E-06
