 -5.548  0.6848E-10
 -5.538  0.1059E-09
 -5.528  0.1619E-09
 -5.518  0.2450E-09
 -5.508  0.3668E-09
 -5.498  0.5432E-09
 -5.488  0.7959E-09
 -5.478  0.1154E-08
 -5.468  0.1654E-08
 -5.458  0.2347E-08
 -5.448  0.3295E-08
 -5.438  0.4576E-08
 -5.428  0.6287E-08
 -5.418  0.8548E-08
 -5.408  0.1150E-07
 -5.398  0.1531E-07
 -5.388  0.2016E-07
 -5.378  0.2629E-07
 -5.368  0.3392E-07
 -5.358  0.4331E-07
 -5.348  0.5475E-07
 -5.338  0.6852E-07
 -5.328  0.8490E-07
 -5.318  0.1042E-06
 -5.308  0.1266E-06
 -5.298  0.1524E-06
 -5.288  0.1818E-06
 -5.278  0.2150E-06
 -5.268  0.2520E-06
 -5.258  0.2930E-06
 -5.248  0.3379E-06
 -5.238  0.3869E-06
 -5.228  0.4398E-06
 -5.218  0.4967E-06
 -5.208  0.5576E-06
 -5.198  0.6225E-06
 -5.188  0.6915E-06
 -5.178  0.7646E-06
 -5.168  0.8419E-06
 -5.158  0.9236E-06
 -5.148  0.1010E-05
 -5.138  0.1100E-05
 -5.128  0.1195E-05
 -5.118  0.1295E-05
 -5.108  0.1398E-05
 -5.098  0.1504E-05
 -5.088  0.1612E-05
 -5.078  0.1721E-05
 -5.068  0.1830E-05
 -5.058  0.1936E-05
 -5.048  0.2038E-05
 -5.038  0.2134E-05
 -5.028  0.2222E-05
 -5.018  0.2299E-05
 -5.008  0.2364E-05
 -4.998  0.2415E-05
 -4.988  0.2452E-05
 -4.978  0.2474E-05
 -4.968  0.2480E-05
 -4.958  0.2471E-05
 -4.948  0.2449E-05
 -4.938  0.2415E-05
 -4.928  0.2370E-05
 -4.918  0.2316E-05
 -4.908  0.2257E-05
 -4.898  0.2195E-05
 -4.888  0.2131E-05
 -4.878  0.2068E-05
 -4.868  0.2008E-05
 -4.858  0.1952E-05
 -4.848  0.1900E-05
 -4.838  0.1854E-05
 -4.828  0.1813E-05
 -4.818  0.1776E-05
 -4.808  0.1743E-05
 -4.798  0.1713E-05
 -4.788  0.1683E-05
 -4.778  0.1652E-05
 -4.768  0.1619E-05
 -4.758  0.1582E-05
 -4.748  0.1541E-05
 -4.738  0.1493E-05
 -4.728  0.1439E-05
 -4.718  0.1379E-05
 -4.708  0.1311E-05
 -4.698  0.1238E-05
 -4.688  0.1160E-05
 -4.678  0.1077E-05
 -4.668  0.9921E-06
 -4.658  0.9052E-06
 -4.648  0.8183E-06
 -4.638  0.7327E-06
 -4.628  0.6496E-06
 -4.618  0.5704E-06
 -4.608  0.4958E-06
 -4.598  0.4266E-06
 -4.588  0.3633E-06
 -4.578  0.3062E-06
 -4.568  0.2555E-06
 -4.558  0.2109E-06
 -4.548  0.1723E-06
 -4.538  0.1393E-06
 -4.528  0.1114E-06
 -4.518  0.8816E-07
 -4.508  0.6904E-07
 -4.498  0.5349E-07
 -4.488  0.4100E-07
 -4.478  0.3109E-07
 -4.468  0.2333E-07
 -4.458  0.1732E-07
 -4.448  0.1272E-07
 -4.438  0.9240E-08
 -4.428  0.6641E-08
 -4.418  0.4722E-08
 -4.408  0.3322E-08
 -4.398  0.2312E-08
 -4.388  0.1592E-08
 -4.378  0.1084E-08
 -4.368  0.7305E-09
 -4.358  0.4869E-09
 -4.348  0.3211E-09
 -4.338  0.2095E-09
 -4.328  0.1352E-09
 -4.318  0.8630E-10
 -4.308  0.5451E-10
 -4.298  0.3405E-10
 -4.288  0.2105E-10
 -4.278  0.1287E-10
 -4.268  0.7785E-11
 -4.258  0.4658E-11
 -4.248  0.2757E-11
 -4.238  0.1615E-11
 -4.228  0.9354E-12
 -4.218  0.5361E-12
 -4.208  0.3039E-12
 -4.198  0.1704E-12
 -4.188  0.9456E-13
 -4.178  0.5190E-13
 -4.168  0.2818E-13
 -4.158  0.1514E-13
 -4.148  0.8042E-14
 -4.138  0.4227E-14
 -4.128  0.2198E-14
 -4.118  0.1131E-14
 -4.108  0.5754E-15
 -4.098  0.2897E-15
 -4.088  0.1443E-15
 -4.078  0.7107E-16
 -4.068  0.3463E-16
 -4.058  0.1670E-16
 -4.048  0.7964E-17
 -4.038  0.3757E-17
 -4.028  0.1754E-17
 -4.018  0.8097E-18
 -4.008  0.3699E-18
 -3.998  0.1671E-18
 -3.988  0.7470E-19
 -3.978  0.3303E-19
 -3.968  0.1445E-19
 -3.958  0.6254E-20
 -3.948  0.2677E-20
 -3.938  0.1134E-20
 -3.928  0.4750E-21
 -3.918  0.1968E-21
 -3.908  0.8071E-22
 -3.898  0.3273E-22
 -3.888  0.1313E-22
 -3.878  0.5213E-23
 -3.868  0.2047E-23
 -3.858  0.7950E-24
 -3.848  0.3055E-24
 -3.838  0.1161E-24
 -3.828  0.4367E-25
 -3.818  0.1625E-25
 -3.808  0.5978E-26
 -3.798  0.2176E-26
 -3.788  0.7838E-27
 -3.778  0.2792E-27
 -3.768  0.9842E-28
 -3.758  0.3431E-28
 -3.748  0.1183E-28
 -3.738  0.4038E-29
 -3.728  0.1363E-29
 -3.718  0.4551E-30
 -3.708  0.1503E-30
 -3.698  0.4912E-31
 -3.688  0.1588E-31
 -3.678  0.5078E-32
 -3.668  0.1606E-32
 -3.658  0.5027E-33
 -3.648  0.1556E-33
 -3.638  0.4767E-34
 -3.628  0.1444E-34
 -3.618  0.4328E-35
 -3.608  0.1283E-35
 -3.598  0.3764E-36
 -3.588  0.1092E-36
 -3.578  0.3135E-37
 -3.568  0.8901E-38
 -3.558  0.2500E-38
 -3.548  0.6948E-39
 -3.538  0.1910E-39
 -3.528  0.5194E-40
 -3.518  0.1397E-40
 -3.508  0.3719E-41
 -3.498  0.9790E-42
 -3.488  0.2550E-42
 -3.478  0.6569E-43
 -3.468  0.1674E-43
 -3.458  0.4222E-44
 -3.448  0.1053E-44
 -3.438  0.2598E-45
 -3.428  0.6342E-46
 -3.418  0.1531E-46
 -3.408  0.3658E-47
 -3.398  0.8645E-48
 -3.388  0.2021E-48
 -3.378  0.4673E-49
 -3.368  0.1069E-49
 -3.358  0.2420E-50
 -3.348  0.5417E-51
 -3.338  0.1200E-51
 -3.328  0.2629E-52
 -3.318  0.5698E-53
 -3.308  0.1222E-53
 -3.298  0.2591E-54
 -3.288  0.5437E-55
 -3.278  0.1129E-55
 -3.268  0.2318E-56
 -3.258  0.4708E-57
 -3.248  0.9461E-58
 -3.238  0.1881E-58
 -3.228  0.3699E-59
 -3.218  0.7196E-60
 -3.208  0.1385E-60
 -3.198  0.2637E-61
 -3.188  0.4966E-62
 -3.178  0.9253E-63
 -3.168  0.1705E-63
 -3.158  0.3110E-64
 -3.148  0.5609E-65
 -3.138  0.1001E-65
 -3.128  0.1767E-66
 -3.118  0.3085E-67
 -3.108  0.5330E-68
 -3.098  0.9108E-69
 -3.088  0.1540E-69
 -3.078  0.2575E-70
 -3.068  0.4260E-71
 -3.058  0.6972E-72
 -3.048  0.1129E-72
 -3.038  0.1808E-73
 -3.028  0.2865E-74
 -3.018  0.4490E-75
 -3.008  0.6975E-76
 -2.998  0.1151E-76
 -2.988  0.7168E-77
 -2.978  0.3702E-76
 -2.968  0.2412E-75
 -2.958  0.1565E-74
 -2.948  0.1004E-73
 -2.938  0.6377E-73
 -2.928  0.4006E-72
 -2.918  0.2489E-71
 -2.908  0.1530E-70
 -2.898  0.9303E-70
 -2.888  0.5596E-69
 -2.878  0.3330E-68
 -2.868  0.1961E-67
 -2.858  0.1142E-66
 -2.848  0.6578E-66
 -2.838  0.3749E-65
 -2.828  0.2113E-64
 -2.818  0.1179E-63
 -2.808  0.6504E-63
 -2.798  0.3550E-62
 -2.788  0.1917E-61
 -2.778  0.1024E-60
 -2.768  0.5410E-60
 -2.758  0.2828E-59
 -2.748  0.1462E-58
 -2.738  0.7480E-58
 -2.728  0.3785E-57
 -2.718  0.1895E-56
 -2.708  0.9385E-56
 -2.698  0.4598E-55
 -2.688  0.2228E-54
 -2.678  0.1068E-53
 -2.668  0.5067E-53
 -2.658  0.2377E-52
 -2.648  0.1103E-51
 -2.638  0.5067E-51
 -2.628  0.2301E-50
 -2.618  0.1034E-49
 -2.608  0.4597E-49
 -2.598  0.2021E-48
 -2.588  0.8794E-48
 -2.578  0.3784E-47
 -2.568  0.1611E-46
 -2.558  0.6785E-46
 -2.548  0.2827E-45
 -2.538  0.1165E-44
 -2.528  0.4750E-44
 -2.518  0.1916E-43
 -2.508  0.7644E-43
 -2.498  0.3017E-42
 -2.488  0.1178E-41
 -2.478  0.4550E-41
 -2.468  0.1739E-40
 -2.458  0.6573E-40
 -2.448  0.2458E-39
 -2.438  0.9093E-39
 -2.428  0.3328E-38
 -2.418  0.1205E-37
 -2.408  0.4314E-37
 -2.398  0.1528E-36
 -2.388  0.5357E-36
 -2.378  0.1857E-35
 -2.368  0.6371E-35
 -2.358  0.2162E-34
 -2.348  0.7255E-34
 -2.338  0.2409E-33
 -2.328  0.7913E-33
 -2.318  0.2571E-32
 -2.308  0.8266E-32
 -2.298  0.2629E-31
 -2.288  0.8270E-31
 -2.278  0.2574E-30
 -2.268  0.7923E-30
 -2.258  0.2413E-29
 -2.248  0.7270E-29
 -2.238  0.2167E-28
 -2.228  0.6388E-28
 -2.218  0.1863E-27
 -2.208  0.5376E-27
 -2.198  0.1535E-26
 -2.188  0.4333E-26
 -2.178  0.1210E-25
 -2.168  0.3345E-25
 -2.158  0.9144E-25
 -2.148  0.2473E-24
 -2.138  0.6615E-24
 -2.128  0.1751E-23
 -2.118  0.4583E-23
 -2.108  0.1187E-22
 -2.098  0.3041E-22
 -2.088  0.7708E-22
 -2.078  0.1933E-21
 -2.068  0.4794E-21
 -2.058  0.1176E-20
 -2.048  0.2855E-20
 -2.038  0.6856E-20
 -2.028  0.1629E-19
 -2.018  0.3827E-19
 -2.008  0.8897E-19
 -1.998  0.2046E-18
 -1.988  0.4655E-18
 -1.978  0.1048E-17
 -1.968  0.2333E-17
 -1.958  0.5137E-17
 -1.948  0.1119E-16
 -1.938  0.2413E-16
 -1.928  0.5144E-16
 -1.918  0.1085E-15
 -1.908  0.2264E-15
 -1.898  0.4674E-15
 -1.888  0.9545E-15
 -1.878  0.1928E-14
 -1.868  0.3854E-14
 -1.858  0.7619E-14
 -1.848  0.1490E-13
 -1.838  0.2883E-13
 -1.828  0.5519E-13
 -1.818  0.1045E-12
 -1.808  0.1958E-12
 -1.798  0.3627E-12
 -1.788  0.6650E-12
 -1.778  0.1206E-11
 -1.768  0.2164E-11
 -1.758  0.3841E-11
 -1.748  0.6744E-11
 -1.738  0.1171E-10
 -1.728  0.2013E-10
 -1.718  0.3423E-10
 -1.708  0.5757E-10
 -1.698  0.9580E-10
 -1.688  0.1577E-09
 -1.678  0.2568E-09
 -1.668  0.4138E-09
 -1.658  0.6597E-09
 -1.648  0.1041E-08
 -1.638  0.1624E-08
 -1.628  0.2507E-08
 -1.618  0.3829E-08
 -1.608  0.5787E-08
 -1.598  0.8654E-08
 -1.588  0.1280E-07
 -1.578  0.1875E-07
 -1.568  0.2716E-07
 -1.558  0.3894E-07
 -1.548  0.5524E-07
 -1.538  0.7755E-07
 -1.528  0.1077E-06
 -1.518  0.1482E-06
 -1.508  0.2017E-06
 -1.498  0.2717E-06
 -1.488  0.3623E-06
 -1.478  0.4783E-06
 -1.468  0.6252E-06
 -1.458  0.8090E-06
 -1.448  0.1037E-05
 -1.438  0.1316E-05
 -1.428  0.1653E-05
 -1.418  0.2058E-05
 -1.408  0.2538E-05
 -1.398  0.3101E-05
 -1.388  0.3754E-05
 -1.378  0.4504E-05
 -1.368  0.5356E-05
 -1.358  0.6315E-05
 -1.348  0.7381E-05
 -1.338  0.8554E-05
 -1.328  0.9833E-05
 -1.318  0.1121E-04
 -1.308  0.1268E-04
 -1.298  0.1423E-04
 -1.288  0.1585E-04
 -1.278  0.1752E-04
 -1.268  0.1922E-04
 -1.258  0.2092E-04
 -1.248  0.2261E-04
 -1.238  0.2425E-04
 -1.228  0.2583E-04
 -1.218  0.2730E-04
 -1.208  0.2864E-04
 -1.198  0.2982E-04
 -1.188  0.3081E-04
 -1.178  0.3159E-04
 -1.168  0.3214E-04
 -1.158  0.3244E-04
 -1.148  0.3248E-04
 -1.138  0.3225E-04
 -1.128  0.3176E-04
 -1.118  0.3101E-04
 -1.108  0.3001E-04
 -1.098  0.2879E-04
 -1.088  0.2737E-04
 -1.078  0.2579E-04
 -1.068  0.2407E-04
 -1.058  0.2226E-04
 -1.048  0.2039E-04
 -1.038  0.1851E-04
 -1.028  0.1663E-04
 -1.018  0.1480E-04
 -1.008  0.1305E-04
 -0.998  0.1139E-04
 -0.988  0.9854E-05
 -0.978  0.8449E-05
 -0.968  0.7187E-05
 -0.958  0.6074E-05
 -0.948  0.5113E-05
 -0.938  0.4305E-05
 -0.928  0.3648E-05
 -0.918  0.3141E-05
 -0.908  0.2783E-05
 -0.898  0.2574E-05
 -0.888  0.2515E-05
 -0.878  0.2610E-05
 -0.868  0.2866E-05
 -0.858  0.3291E-05
 -0.848  0.3898E-05
 -0.838  0.4699E-05
 -0.828  0.5708E-05
 -0.818  0.6941E-05
 -0.808  0.8412E-05
 -0.798  0.1013E-04
 -0.788  0.1211E-04
 -0.778  0.1434E-04
 -0.768  0.1683E-04
 -0.758  0.1956E-04
 -0.748  0.2252E-04
 -0.738  0.2568E-04
 -0.728  0.2899E-04
 -0.718  0.3242E-04
 -0.708  0.3592E-04
 -0.698  0.3942E-04
 -0.688  0.4287E-04
 -0.678  0.4621E-04
 -0.668  0.4938E-04
 -0.658  0.5234E-04
 -0.648  0.5504E-04
 -0.638  0.5746E-04
 -0.628  0.5958E-04
 -0.618  0.6140E-04
 -0.608  0.6294E-04
 -0.598  0.6422E-04
 -0.588  0.6529E-04
 -0.578  0.6620E-04
 -0.568  0.6702E-04
 -0.558  0.6780E-04
 -0.548  0.6861E-04
 -0.538  0.6950E-04
 -0.528  0.7051E-04
 -0.518  0.7169E-04
 -0.508  0.7304E-04
 -0.498  0.7456E-04
 -0.488  0.7622E-04
 -0.478  0.7800E-04
 -0.468  0.7982E-04
 -0.458  0.8162E-04
 -0.448  0.8333E-04
 -0.438  0.8484E-04
 -0.428  0.8609E-04
 -0.418  0.8698E-04
 -0.408  0.8745E-04
 -0.398  0.8745E-04
 -0.388  0.8693E-04
 -0.378  0.8587E-04
 -0.368  0.8429E-04
 -0.358  0.8218E-04
 -0.348  0.7961E-04
 -0.338  0.7662E-04
 -0.328  0.7329E-04
 -0.318  0.6969E-04
 -0.308  0.6591E-04
 -0.298  0.6203E-04
 -0.288  0.5814E-04
 -0.278  0.5431E-04
 -0.268  0.5062E-04
 -0.258  0.4710E-04
 -0.248  0.4381E-04
 -0.238  0.4077E-04
 -0.228  0.3800E-04
 -0.218  0.3548E-04
 -0.208  0.3323E-04
 -0.198  0.3121E-04
 -0.188  0.2941E-04
 -0.178  0.2780E-04
 -0.168  0.2636E-04
 -0.158  0.2507E-04
 -0.148  0.2392E-04
 -0.138  0.2291E-04
 -0.128  0.2204E-04
 -0.118  0.2133E-04
 -0.108  0.2081E-04
 -0.098  0.2052E-04
 -0.088  0.2050E-04
 -0.078  0.2083E-04
 -0.068  0.2155E-04
 -0.058  0.2276E-04
 -0.048  0.2450E-04
 -0.038  0.2687E-04
 -0.028  0.2994E-04
 -0.018  0.3376E-04
 -0.008  0.3840E-04
  0.002  0.4391E-04
  0.012  0.5030E-04
  0.022  0.5761E-04
  0.032  0.6583E-04
  0.042  0.7492E-04
  0.052  0.8486E-04
  0.062  0.9556E-04
  0.072  0.1069E-03
  0.082  0.1189E-03
  0.092  0.1313E-03
  0.102  0.1439E-03
  0.112  0.1567E-03
  0.122  0.1694E-03
  0.132  0.1819E-03
  0.142  0.1941E-03
  0.152  0.2057E-03
  0.162  0.2166E-03
  0.172  0.2267E-03
  0.182  0.2360E-03
  0.192  0.2444E-03
  0.202  0.2519E-03
  0.212  0.2586E-03
  0.222  0.2645E-03
  0.232  0.2699E-03
  0.242  0.2747E-03
  0.252  0.2793E-03
  0.262  0.2838E-03
  0.272  0.2884E-03
  0.282  0.2933E-03
  0.292  0.2986E-03
  0.302  0.3042E-03
  0.312  0.3104E-03
  0.322  0.3169E-03
  0.332  0.3236E-03
  0.342  0.3303E-03
  0.352  0.3368E-03
  0.362  0.3427E-03
  0.372  0.3477E-03
  0.382  0.3514E-03
  0.392  0.3535E-03
  0.402  0.3535E-03
  0.412  0.3514E-03
  0.422  0.3468E-03
  0.432  0.3397E-03
  0.442  0.3300E-03
  0.452  0.3180E-03
  0.462  0.3036E-03
  0.472  0.2873E-03
  0.482  0.2692E-03
  0.492  0.2499E-03
  0.502  0.2297E-03
  0.512  0.2090E-03
  0.522  0.1883E-03
  0.532  0.1679E-03
  0.542  0.1481E-03
  0.552  0.1294E-03
  0.562  0.1118E-03
  0.572  0.9565E-04
  0.582  0.8095E-04
  0.592  0.6780E-04
  0.602  0.5618E-04
  0.612  0.4607E-04
  0.622  0.3737E-04
  0.632  0.3000E-04
  0.642  0.2383E-04
  0.652  0.1872E-04
  0.662  0.1456E-04
  0.672  0.1120E-04
  0.682  0.8522E-05
  0.692  0.6417E-05
  0.702  0.4781E-05
  0.712  0.3524E-05
  0.722  0.2570E-05
  0.732  0.1854E-05
  0.742  0.1324E-05
  0.752  0.9349E-06
  0.762  0.6533E-06
  0.772  0.4516E-06
  0.782  0.3089E-06
  0.792  0.2091E-06
  0.802  0.1400E-06
  0.812  0.9272E-07
  0.822  0.6077E-07
  0.832  0.3941E-07
  0.842  0.2528E-07
