 -5.548  0.2796E-10
 -5.538  0.4322E-10
 -5.528  0.6612E-10
 -5.518  0.1000E-09
 -5.508  0.1498E-09
 -5.498  0.2218E-09
 -5.488  0.3250E-09
 -5.478  0.4712E-09
 -5.468  0.6757E-09
 -5.458  0.9588E-09
 -5.448  0.1346E-08
 -5.438  0.1870E-08
 -5.428  0.2570E-08
 -5.418  0.3494E-08
 -5.408  0.4702E-08
 -5.398  0.6262E-08
 -5.388  0.8252E-08
 -5.378  0.1076E-07
 -5.368  0.1389E-07
 -5.358  0.1775E-07
 -5.348  0.2246E-07
 -5.338  0.2813E-07
 -5.328  0.3490E-07
 -5.318  0.4287E-07
 -5.308  0.5218E-07
 -5.298  0.6293E-07
 -5.288  0.7522E-07
 -5.278  0.8914E-07
 -5.268  0.1048E-06
 -5.258  0.1222E-06
 -5.248  0.1414E-06
 -5.238  0.1625E-06
 -5.228  0.1856E-06
 -5.218  0.2107E-06
 -5.208  0.2378E-06
 -5.198  0.2671E-06
 -5.188  0.2985E-06
 -5.178  0.3324E-06
 -5.168  0.3686E-06
 -5.158  0.4074E-06
 -5.148  0.4488E-06
 -5.138  0.4929E-06
 -5.128  0.5395E-06
 -5.118  0.5886E-06
 -5.108  0.6400E-06
 -5.098  0.6932E-06
 -5.088  0.7477E-06
 -5.078  0.8029E-06
 -5.068  0.8579E-06
 -5.058  0.9119E-06
 -5.048  0.9637E-06
 -5.038  0.1012E-05
 -5.028  0.1057E-05
 -5.018  0.1096E-05
 -5.008  0.1129E-05
 -4.998  0.1155E-05
 -4.988  0.1173E-05
 -4.978  0.1184E-05
 -4.968  0.1187E-05
 -4.958  0.1182E-05
 -4.948  0.1171E-05
 -4.938  0.1153E-05
 -4.928  0.1131E-05
 -4.918  0.1104E-05
 -4.908  0.1074E-05
 -4.898  0.1043E-05
 -4.888  0.1011E-05
 -4.878  0.9798E-06
 -4.868  0.9503E-06
 -4.858  0.9229E-06
 -4.848  0.8982E-06
 -4.838  0.8763E-06
 -4.828  0.8571E-06
 -4.818  0.8404E-06
 -4.808  0.8257E-06
 -4.798  0.8122E-06
 -4.788  0.7993E-06
 -4.778  0.7861E-06
 -4.768  0.7718E-06
 -4.758  0.7557E-06
 -4.748  0.7372E-06
 -4.738  0.7158E-06
 -4.728  0.6911E-06
 -4.718  0.6630E-06
 -4.708  0.6317E-06
 -4.698  0.5972E-06
 -4.688  0.5601E-06
 -4.678  0.5208E-06
 -4.668  0.4800E-06
 -4.658  0.4384E-06
 -4.648  0.3966E-06
 -4.638  0.3553E-06
 -4.628  0.3153E-06
 -4.618  0.2769E-06
 -4.608  0.2408E-06
 -4.598  0.2073E-06
 -4.588  0.1766E-06
 -4.578  0.1489E-06
 -4.568  0.1242E-06
 -4.558  0.1026E-06
 -4.548  0.8382E-07
 -4.538  0.6776E-07
 -4.528  0.5421E-07
 -4.518  0.4290E-07
 -4.508  0.3360E-07
 -4.498  0.2603E-07
 -4.488  0.1996E-07
 -4.478  0.1513E-07
 -4.468  0.1136E-07
 -4.458  0.8429E-08
 -4.448  0.6190E-08
 -4.438  0.4497E-08
 -4.428  0.3232E-08
 -4.418  0.2298E-08
 -4.408  0.1617E-08
 -4.398  0.1125E-08
 -4.388  0.7746E-09
 -4.378  0.5276E-09
 -4.368  0.3555E-09
 -4.358  0.2369E-09
 -4.348  0.1562E-09
 -4.338  0.1019E-09
 -4.328  0.6576E-10
 -4.318  0.4198E-10
 -4.308  0.2651E-10
 -4.298  0.1656E-10
 -4.288  0.1024E-10
 -4.278  0.6259E-11
 -4.268  0.3785E-11
 -4.258  0.2265E-11
 -4.248  0.1341E-11
 -4.238  0.7850E-12
 -4.228  0.4547E-12
 -4.218  0.2606E-12
 -4.208  0.1477E-12
 -4.198  0.8284E-13
 -4.188  0.4596E-13
 -4.178  0.2522E-13
 -4.168  0.1369E-13
 -4.158  0.7354E-14
 -4.148  0.3907E-14
 -4.138  0.2054E-14
 -4.128  0.1068E-14
 -4.118  0.5492E-15
 -4.108  0.2795E-15
 -4.098  0.1407E-15
 -4.088  0.7005E-16
 -4.078  0.3451E-16
 -4.068  0.1682E-16
 -4.058  0.8107E-17
 -4.048  0.3866E-17
 -4.038  0.1824E-17
 -4.028  0.8513E-18
 -4.018  0.3930E-18
 -4.008  0.1795E-18
 -3.998  0.8110E-19
 -3.988  0.3625E-19
 -3.978  0.1603E-19
 -3.968  0.7011E-20
 -3.958  0.3034E-20
 -3.948  0.1299E-20
 -3.938  0.5499E-21
 -3.928  0.2304E-21
 -3.918  0.9547E-22
 -3.908  0.3914E-22
 -3.898  0.1587E-22
 -3.888  0.6368E-23
 -3.878  0.2527E-23
 -3.868  0.9923E-24
 -3.858  0.3854E-24
 -3.848  0.1481E-24
 -3.838  0.5629E-25
 -3.828  0.2117E-25
 -3.818  0.7873E-26
 -3.808  0.2897E-26
 -3.798  0.1055E-26
 -3.788  0.3798E-27
 -3.778  0.1353E-27
 -3.768  0.4768E-28
 -3.758  0.1662E-28
 -3.748  0.5733E-29
 -3.738  0.1956E-29
 -3.728  0.6601E-30
 -3.718  0.2204E-30
 -3.708  0.7280E-31
 -3.698  0.2379E-31
 -3.688  0.7688E-32
 -3.678  0.2458E-32
 -3.668  0.7777E-33
 -3.658  0.2434E-33
 -3.648  0.7533E-34
 -3.638  0.2307E-34
 -3.628  0.6989E-35
 -3.618  0.2094E-35
 -3.608  0.6210E-36
 -3.598  0.1821E-36
 -3.588  0.5284E-37
 -3.578  0.1517E-37
 -3.568  0.4306E-38
 -3.558  0.1209E-38
 -3.548  0.3361E-39
 -3.538  0.9237E-40
 -3.528  0.2512E-40
 -3.518  0.6757E-41
 -3.508  0.1798E-41
 -3.498  0.4733E-42
 -3.488  0.1233E-42
 -3.478  0.3176E-43
 -3.468  0.8093E-44
 -3.458  0.2040E-44
 -3.448  0.5089E-45
 -3.438  0.1256E-45
 -3.428  0.3065E-46
 -3.418  0.7400E-47
 -3.408  0.1767E-47
 -3.398  0.4176E-48
 -3.388  0.9762E-49
 -3.378  0.2257E-49
 -3.368  0.5164E-50
 -3.358  0.1169E-50
 -3.348  0.2616E-51
 -3.338  0.5794E-52
 -3.328  0.1269E-52
 -3.318  0.2751E-53
 -3.308  0.5898E-54
 -3.298  0.1251E-54
 -3.288  0.2625E-55
 -3.278  0.5448E-56
 -3.268  0.1119E-56
 -3.258  0.2272E-57
 -3.248  0.4566E-58
 -3.238  0.9076E-59
 -3.228  0.1785E-59
 -3.218  0.3472E-60
 -3.208  0.6681E-61
 -3.198  0.1272E-61
 -3.188  0.2395E-62
 -3.178  0.4463E-63
 -3.168  0.8225E-64
 -3.158  0.1500E-64
 -3.148  0.2705E-65
 -3.138  0.4826E-66
 -3.128  0.8518E-67
 -3.118  0.1487E-67
 -3.108  0.2569E-68
 -3.098  0.4390E-69
 -3.088  0.7421E-70
 -3.078  0.1241E-70
 -3.068  0.2053E-71
 -3.058  0.3360E-72
 -3.048  0.5439E-73
 -3.038  0.8712E-74
 -3.028  0.1380E-74
 -3.018  0.2163E-75
 -3.008  0.3362E-76
 -2.998  0.5678E-77
 -2.988  0.4360E-77
 -2.978  0.2385E-76
 -2.968  0.1557E-75
 -2.958  0.1010E-74
 -2.948  0.6482E-74
 -2.938  0.4116E-73
 -2.928  0.2585E-72
 -2.918  0.1606E-71
 -2.908  0.9874E-71
 -2.898  0.6004E-70
 -2.888  0.3612E-69
 -2.878  0.2149E-68
 -2.868  0.1265E-67
 -2.858  0.7368E-67
 -2.848  0.4245E-66
 -2.838  0.2419E-65
 -2.828  0.1364E-64
 -2.818  0.7607E-64
 -2.808  0.4197E-63
 -2.798  0.2291E-62
 -2.788  0.1237E-61
 -2.778  0.6607E-61
 -2.768  0.3491E-60
 -2.758  0.1825E-59
 -2.748  0.9437E-59
 -2.738  0.4827E-58
 -2.728  0.2443E-57
 -2.718  0.1223E-56
 -2.708  0.6057E-56
 -2.698  0.2967E-55
 -2.688  0.1438E-54
 -2.678  0.6895E-54
 -2.668  0.3270E-53
 -2.658  0.1534E-52
 -2.648  0.7121E-52
 -2.638  0.3270E-51
 -2.628  0.1485E-50
 -2.618  0.6674E-50
 -2.608  0.2967E-49
 -2.598  0.1305E-48
 -2.588  0.5675E-48
 -2.578  0.2442E-47
 -2.568  0.1040E-46
 -2.558  0.4379E-46
 -2.548  0.1824E-45
 -2.538  0.7518E-45
 -2.528  0.3065E-44
 -2.518  0.1236E-43
 -2.508  0.4933E-43
 -2.498  0.1947E-42
 -2.488  0.7603E-42
 -2.478  0.2937E-41
 -2.468  0.1122E-40
 -2.458  0.4242E-40
 -2.448  0.1586E-39
 -2.438  0.5868E-39
 -2.428  0.2147E-38
 -2.418  0.7774E-38
 -2.408  0.2784E-37
 -2.398  0.9864E-37
 -2.388  0.3457E-36
 -2.378  0.1199E-35
 -2.368  0.4111E-35
 -2.358  0.1395E-34
 -2.348  0.4682E-34
 -2.338  0.1555E-33
 -2.328  0.5107E-33
 -2.318  0.1660E-32
 -2.308  0.5335E-32
 -2.298  0.1696E-31
 -2.288  0.5337E-31
 -2.278  0.1661E-30
 -2.268  0.5113E-30
 -2.258  0.1557E-29
 -2.248  0.4692E-29
 -2.238  0.1398E-28
 -2.228  0.4123E-28
 -2.218  0.1203E-27
 -2.208  0.3470E-27
 -2.198  0.9904E-27
 -2.188  0.2797E-26
 -2.178  0.7812E-26
 -2.168  0.2159E-25
 -2.158  0.5901E-25
 -2.148  0.1596E-24
 -2.138  0.4269E-24
 -2.128  0.1130E-23
 -2.118  0.2958E-23
 -2.108  0.7661E-23
 -2.098  0.1963E-22
 -2.088  0.4975E-22
 -2.078  0.1247E-21
 -2.068  0.3094E-21
 -2.058  0.7591E-21
 -2.048  0.1843E-20
 -2.038  0.4425E-20
 -2.028  0.1051E-19
 -2.018  0.2470E-19
 -2.008  0.5742E-19
 -1.998  0.1321E-18
 -1.988  0.3004E-18
 -1.978  0.6761E-18
 -1.968  0.1505E-17
 -1.958  0.3315E-17
 -1.948  0.7224E-17
 -1.938  0.1557E-16
 -1.928  0.3320E-16
 -1.918  0.7003E-16
 -1.908  0.1461E-15
 -1.898  0.3016E-15
 -1.888  0.6160E-15
 -1.878  0.1244E-14
 -1.868  0.2487E-14
 -1.858  0.4917E-14
 -1.848  0.9616E-14
 -1.838  0.1861E-13
 -1.828  0.3561E-13
 -1.818  0.6743E-13
 -1.808  0.1263E-12
 -1.798  0.2341E-12
 -1.788  0.4291E-12
 -1.778  0.7782E-12
 -1.768  0.1396E-11
 -1.758  0.2478E-11
 -1.748  0.4351E-11
 -1.738  0.7558E-11
 -1.728  0.1299E-10
 -1.718  0.2208E-10
 -1.708  0.3714E-10
 -1.698  0.6179E-10
 -1.688  0.1017E-09
 -1.678  0.1656E-09
 -1.668  0.2669E-09
 -1.658  0.4254E-09
 -1.648  0.6709E-09
 -1.638  0.1047E-08
 -1.628  0.1616E-08
 -1.618  0.2468E-08
 -1.608  0.3729E-08
 -1.598  0.5575E-08
 -1.588  0.8248E-08
 -1.578  0.1207E-07
 -1.568  0.1749E-07
 -1.558  0.2506E-07
 -1.548  0.3555E-07
 -1.538  0.4989E-07
 -1.528  0.6929E-07
 -1.518  0.9525E-07
 -1.508  0.1296E-06
 -1.498  0.1745E-06
 -1.488  0.2326E-06
 -1.478  0.3068E-06
 -1.468  0.4008E-06
 -1.458  0.5183E-06
 -1.448  0.6636E-06
 -1.438  0.8413E-06
 -1.428  0.1056E-05
 -1.418  0.1314E-05
 -1.408  0.1618E-05
 -1.398  0.1975E-05
 -1.388  0.2387E-05
 -1.378  0.2860E-05
 -1.368  0.3396E-05
 -1.358  0.3997E-05
 -1.348  0.4664E-05
 -1.338  0.5396E-05
 -1.328  0.6190E-05
 -1.318  0.7044E-05
 -1.308  0.7950E-05
 -1.298  0.8903E-05
 -1.288  0.9892E-05
 -1.278  0.1091E-04
 -1.268  0.1194E-04
 -1.258  0.1296E-04
 -1.248  0.1398E-04
 -1.238  0.1496E-04
 -1.228  0.1589E-04
 -1.218  0.1676E-04
 -1.208  0.1754E-04
 -1.198  0.1822E-04
 -1.188  0.1879E-04
 -1.178  0.1923E-04
 -1.168  0.1953E-04
 -1.158  0.1968E-04
 -1.148  0.1967E-04
 -1.138  0.1950E-04
 -1.128  0.1918E-04
 -1.118  0.1870E-04
 -1.108  0.1808E-04
 -1.098  0.1733E-04
 -1.088  0.1646E-04
 -1.078  0.1550E-04
 -1.068  0.1446E-04
 -1.058  0.1336E-04
 -1.048  0.1224E-04
 -1.038  0.1110E-04
 -1.028  0.9972E-05
 -1.018  0.8873E-05
 -1.008  0.7820E-05
 -0.998  0.6827E-05
 -0.988  0.5905E-05
 -0.978  0.5063E-05
 -0.968  0.4306E-05
 -0.958  0.3639E-05
 -0.948  0.3061E-05
 -0.938  0.2575E-05
 -0.928  0.2179E-05
 -0.918  0.1872E-05
 -0.908  0.1653E-05
 -0.898  0.1521E-05
 -0.888  0.1478E-05
 -0.878  0.1526E-05
 -0.868  0.1668E-05
 -0.858  0.1910E-05
 -0.848  0.2257E-05
 -0.838  0.2718E-05
 -0.828  0.3302E-05
 -0.818  0.4016E-05
 -0.808  0.4870E-05
 -0.798  0.5870E-05
 -0.788  0.7021E-05
 -0.778  0.8327E-05
 -0.768  0.9785E-05
 -0.758  0.1139E-04
 -0.748  0.1313E-04
 -0.738  0.1499E-04
 -0.728  0.1696E-04
 -0.718  0.1899E-04
 -0.708  0.2108E-04
 -0.698  0.2318E-04
 -0.688  0.2525E-04
 -0.678  0.2728E-04
 -0.668  0.2921E-04
 -0.658  0.3103E-04
 -0.648  0.3271E-04
 -0.638  0.3422E-04
 -0.628  0.3557E-04
 -0.618  0.3675E-04
 -0.608  0.3777E-04
 -0.598  0.3865E-04
 -0.588  0.3940E-04
 -0.578  0.4007E-04
 -0.568  0.4068E-04
 -0.558  0.4127E-04
 -0.548  0.4188E-04
 -0.538  0.4254E-04
 -0.528  0.4328E-04
 -0.518  0.4412E-04
 -0.508  0.4507E-04
 -0.498  0.4612E-04
 -0.488  0.4727E-04
 -0.478  0.4850E-04
 -0.468  0.4975E-04
 -0.458  0.5101E-04
 -0.448  0.5220E-04
 -0.438  0.5329E-04
 -0.428  0.5422E-04
 -0.418  0.5494E-04
 -0.408  0.5540E-04
 -0.398  0.5557E-04
 -0.388  0.5542E-04
 -0.378  0.5493E-04
 -0.368  0.5411E-04
 -0.358  0.5295E-04
 -0.348  0.5150E-04
 -0.338  0.4976E-04
 -0.328  0.4780E-04
 -0.318  0.4566E-04
 -0.308  0.4338E-04
 -0.298  0.4102E-04
 -0.288  0.3864E-04
 -0.278  0.3628E-04
 -0.268  0.3399E-04
 -0.258  0.3179E-04
 -0.248  0.2973E-04
 -0.238  0.2780E-04
 -0.228  0.2604E-04
 -0.218  0.2443E-04
 -0.208  0.2297E-04
 -0.198  0.2166E-04
 -0.188  0.2048E-04
 -0.178  0.1942E-04
 -0.168  0.1846E-04
 -0.158  0.1760E-04
 -0.148  0.1682E-04
 -0.138  0.1614E-04
 -0.128  0.1555E-04
 -0.118  0.1508E-04
 -0.108  0.1473E-04
 -0.098  0.1455E-04
 -0.088  0.1457E-04
 -0.078  0.1484E-04
 -0.068  0.1540E-04
 -0.058  0.1630E-04
 -0.048  0.1760E-04
 -0.038  0.1936E-04
 -0.028  0.2163E-04
 -0.018  0.2445E-04
 -0.008  0.2787E-04
  0.002  0.3192E-04
  0.012  0.3664E-04
  0.022  0.4203E-04
  0.032  0.4810E-04
  0.042  0.5483E-04
  0.052  0.6218E-04
  0.062  0.7012E-04
  0.072  0.7857E-04
  0.082  0.8746E-04
  0.092  0.9669E-04
  0.102  0.1062E-03
  0.112  0.1157E-03
  0.122  0.1253E-03
  0.132  0.1348E-03
  0.142  0.1440E-03
  0.152  0.1528E-03
  0.162  0.1612E-03
  0.172  0.1690E-03
  0.182  0.1763E-03
  0.192  0.1830E-03
  0.202  0.1890E-03
  0.212  0.1945E-03
  0.222  0.1996E-03
  0.232  0.2042E-03
  0.242  0.2086E-03
  0.252  0.2129E-03
  0.262  0.2173E-03
  0.272  0.2217E-03
  0.282  0.2265E-03
  0.292  0.2316E-03
  0.302  0.2371E-03
  0.312  0.2430E-03
  0.322  0.2491E-03
  0.332  0.2554E-03
  0.342  0.2617E-03
  0.352  0.2678E-03
  0.362  0.2733E-03
  0.372  0.2779E-03
  0.382  0.2815E-03
  0.392  0.2836E-03
  0.402  0.2841E-03
  0.412  0.2826E-03
  0.422  0.2792E-03
  0.432  0.2736E-03
  0.442  0.2660E-03
  0.452  0.2563E-03
  0.462  0.2447E-03
  0.472  0.2315E-03
  0.482  0.2170E-03
  0.492  0.2014E-03
  0.502  0.1850E-03
  0.512  0.1683E-03
  0.522  0.1515E-03
  0.532  0.1350E-03
  0.542  0.1191E-03
  0.552  0.1040E-03
  0.562  0.8981E-04
  0.572  0.7677E-04
  0.582  0.6493E-04
  0.592  0.5435E-04
  0.602  0.4501E-04
  0.612  0.3688E-04
  0.622  0.2990E-04
  0.632  0.2398E-04
  0.642  0.1903E-04
  0.652  0.1495E-04
  0.662  0.1161E-04
  0.672  0.8926E-05
  0.682  0.6789E-05
  0.692  0.5108E-05
  0.702  0.3803E-05
  0.712  0.2801E-05
  0.722  0.2041E-05
  0.732  0.1472E-05
  0.742  0.1050E-05
  0.752  0.7408E-06
  0.762  0.5173E-06
  0.772  0.3573E-06
  0.782  0.2442E-06
  0.792  0.1651E-06
  0.802  0.1105E-06
  0.812  0.7313E-07
  0.822  0.4789E-07
  0.832  0.3103E-07
  0.842  0.1989E-07
