 -5.548  0.4304E-06
 -5.538  0.6655E-06
 -5.528  0.1018E-05
 -5.518  0.1540E-05
 -5.508  0.2305E-05
 -5.498  0.3413E-05
 -5.488  0.5000E-05
 -5.478  0.7246E-05
 -5.468  0.1039E-04
 -5.458  0.1474E-04
 -5.448  0.2068E-04
 -5.438  0.2871E-04
 -5.428  0.3943E-04
 -5.418  0.5358E-04
 -5.408  0.7204E-04
 -5.398  0.9583E-04
 -5.388  0.1261E-03
 -5.378  0.1643E-03
 -5.368  0.2117E-03
 -5.358  0.2700E-03
 -5.348  0.3408E-03
 -5.338  0.4257E-03
 -5.328  0.5263E-03
 -5.318  0.6441E-03
 -5.308  0.7805E-03
 -5.298  0.9363E-03
 -5.288  0.1112E-02
 -5.278  0.1309E-02
 -5.268  0.1526E-02
 -5.258  0.1763E-02
 -5.248  0.2019E-02
 -5.238  0.2292E-02
 -5.228  0.2581E-02
 -5.218  0.2884E-02
 -5.208  0.3200E-02
 -5.198  0.3526E-02
 -5.188  0.3861E-02
 -5.178  0.4205E-02
 -5.168  0.4555E-02
 -5.158  0.4913E-02
 -5.148  0.5278E-02
 -5.138  0.5652E-02
 -5.128  0.6035E-02
 -5.118  0.6429E-02
 -5.108  0.6835E-02
 -5.098  0.7254E-02
 -5.088  0.7688E-02
 -5.078  0.8135E-02
 -5.068  0.8596E-02
 -5.058  0.9068E-02
 -5.048  0.9551E-02
 -5.038  0.1004E-01
 -5.028  0.1054E-01
 -5.018  0.1103E-01
 -5.008  0.1152E-01
 -4.998  0.1201E-01
 -4.988  0.1249E-01
 -4.978  0.1296E-01
 -4.968  0.1341E-01
 -4.958  0.1386E-01
 -4.948  0.1429E-01
 -4.938  0.1472E-01
 -4.928  0.1514E-01
 -4.918  0.1556E-01
 -4.908  0.1597E-01
 -4.898  0.1639E-01
 -4.888  0.1680E-01
 -4.878  0.1722E-01
 -4.868  0.1764E-01
 -4.858  0.1805E-01
 -4.848  0.1846E-01
 -4.838  0.1884E-01
 -4.828  0.1920E-01
 -4.818  0.1951E-01
 -4.808  0.1977E-01
 -4.798  0.1996E-01
 -4.788  0.2007E-01
 -4.778  0.2008E-01
 -4.768  0.1999E-01
 -4.758  0.1978E-01
 -4.748  0.1945E-01
 -4.738  0.1899E-01
 -4.728  0.1841E-01
 -4.718  0.1771E-01
 -4.708  0.1690E-01
 -4.698  0.1599E-01
 -4.688  0.1500E-01
 -4.678  0.1395E-01
 -4.668  0.1285E-01
 -4.658  0.1173E-01
 -4.648  0.1060E-01
 -4.638  0.9494E-02
 -4.628  0.8418E-02
 -4.618  0.7389E-02
 -4.608  0.6421E-02
 -4.598  0.5524E-02
 -4.588  0.4703E-02
 -4.578  0.3964E-02
 -4.568  0.3306E-02
 -4.558  0.2729E-02
 -4.548  0.2229E-02
 -4.538  0.1801E-02
 -4.528  0.1441E-02
 -4.518  0.1140E-02
 -4.508  0.8927E-03
 -4.498  0.6916E-03
 -4.488  0.5301E-03
 -4.478  0.4020E-03
 -4.468  0.3016E-03
 -4.458  0.2239E-03
 -4.448  0.1644E-03
 -4.438  0.1195E-03
 -4.428  0.8588E-04
 -4.418  0.6107E-04
 -4.408  0.4297E-04
 -4.398  0.2990E-04
 -4.388  0.2059E-04
 -4.378  0.1403E-04
 -4.368  0.9451E-05
 -4.358  0.6300E-05
 -4.348  0.4155E-05
 -4.338  0.2711E-05
 -4.328  0.1750E-05
 -4.318  0.1117E-05
 -4.308  0.7056E-06
 -4.298  0.4409E-06
 -4.288  0.2725E-06
 -4.278  0.1667E-06
 -4.268  0.1008E-06
 -4.258  0.6033E-07
 -4.248  0.3572E-07
 -4.238  0.2092E-07
 -4.228  0.1212E-07
 -4.218  0.6946E-08
 -4.208  0.3939E-08
 -4.198  0.2209E-08
 -4.188  0.1226E-08
 -4.178  0.6728E-09
 -4.168  0.3654E-09
 -4.158  0.1963E-09
 -4.148  0.1043E-09
 -4.138  0.5483E-10
 -4.128  0.2851E-10
 -4.118  0.1467E-10
 -4.108  0.7466E-11
 -4.098  0.3759E-11
 -4.088  0.1872E-11
 -4.078  0.9224E-12
 -4.068  0.4496E-12
 -4.058  0.2168E-12
 -4.048  0.1034E-12
 -4.038  0.4879E-13
 -4.028  0.2278E-13
 -4.018  0.1052E-13
 -4.008  0.4804E-14
 -3.998  0.2171E-14
 -3.988  0.9706E-15
 -3.978  0.4293E-15
 -3.968  0.1878E-15
 -3.958  0.8128E-16
 -3.948  0.3480E-16
 -3.938  0.1474E-16
 -3.928  0.6176E-17
 -3.918  0.2560E-17
 -3.908  0.1050E-17
 -3.898  0.4257E-18
 -3.888  0.1708E-18
 -3.878  0.6782E-19
 -3.868  0.2663E-19
 -3.858  0.1035E-19
 -3.848  0.3976E-20
 -3.838  0.1512E-20
 -3.828  0.5685E-21
 -3.818  0.2115E-21
 -3.808  0.7784E-22
 -3.798  0.2834E-22
 -3.788  0.1021E-22
 -3.778  0.3637E-23
 -3.768  0.1282E-23
 -3.758  0.4470E-24
 -3.748  0.1542E-24
 -3.738  0.5262E-25
 -3.728  0.1776E-25
 -3.718  0.5932E-26
 -3.708  0.1960E-26
 -3.698  0.6404E-27
 -3.688  0.2070E-27
 -3.678  0.6622E-28
 -3.668  0.2095E-28
 -3.658  0.6557E-29
 -3.648  0.2030E-29
 -3.638  0.6218E-30
 -3.628  0.1884E-30
 -3.618  0.5648E-31
 -3.608  0.1675E-31
 -3.598  0.4913E-32
 -3.588  0.1426E-32
 -3.578  0.4092E-33
 -3.568  0.1162E-33
 -3.558  0.3265E-34
 -3.548  0.9074E-35
 -3.538  0.2495E-35
 -3.528  0.6785E-36
 -3.518  0.1825E-36
 -3.508  0.4859E-37
 -3.498  0.1279E-37
 -3.488  0.3332E-38
 -3.478  0.8586E-39
 -3.468  0.2189E-39
 -3.458  0.5519E-40
 -3.448  0.1377E-40
 -3.438  0.3397E-41
 -3.428  0.8294E-42
 -3.418  0.2003E-42
 -3.408  0.4785E-43
 -3.398  0.1131E-43
 -3.388  0.2644E-44
 -3.378  0.6115E-45
 -3.368  0.1399E-45
 -3.358  0.3167E-46
 -3.348  0.7091E-47
 -3.338  0.1571E-47
 -3.328  0.3442E-48
 -3.318  0.7460E-49
 -3.308  0.1600E-49
 -3.298  0.3394E-50
 -3.288  0.7122E-51
 -3.278  0.1478E-51
 -3.268  0.3036E-52
 -3.258  0.6169E-53
 -3.248  0.1240E-53
 -3.238  0.2465E-54
 -3.228  0.4848E-55
 -3.218  0.9433E-56
 -3.208  0.1816E-56
 -3.198  0.3457E-57
 -3.188  0.6512E-58
 -3.178  0.1213E-58
 -3.168  0.2237E-59
 -3.158  0.4079E-60
 -3.148  0.7359E-61
 -3.138  0.1313E-61
 -3.128  0.2318E-62
 -3.118  0.4049E-63
 -3.108  0.6995E-64
 -3.098  0.1196E-64
 -3.088  0.2021E-65
 -3.078  0.3381E-66
 -3.068  0.5594E-67
 -3.058  0.9156E-68
 -3.048  0.1483E-68
 -3.038  0.2375E-69
 -3.028  0.3763E-70
 -3.018  0.5899E-71
 -3.008  0.9149E-72
 -2.998  0.1409E-72
 -2.988  0.2474E-73
 -2.978  0.2602E-73
 -2.968  0.1502E-72
 -2.958  0.9714E-72
 -2.948  0.6234E-71
 -2.938  0.3958E-70
 -2.928  0.2486E-69
 -2.918  0.1545E-68
 -2.908  0.9496E-68
 -2.898  0.5775E-67
 -2.888  0.3474E-66
 -2.878  0.2067E-65
 -2.868  0.1217E-64
 -2.858  0.7087E-64
 -2.848  0.4083E-63
 -2.838  0.2327E-62
 -2.828  0.1312E-61
 -2.818  0.7317E-61
 -2.808  0.4037E-60
 -2.798  0.2203E-59
 -2.788  0.1190E-58
 -2.778  0.6355E-58
 -2.768  0.3358E-57
 -2.758  0.1755E-56
 -2.748  0.9076E-56
 -2.738  0.4643E-55
 -2.728  0.2350E-54
 -2.718  0.1176E-53
 -2.708  0.5825E-53
 -2.698  0.2854E-52
 -2.688  0.1383E-51
 -2.678  0.6631E-51
 -2.668  0.3145E-50
 -2.658  0.1476E-49
 -2.648  0.6849E-49
 -2.638  0.3145E-48
 -2.628  0.1428E-47
 -2.618  0.6419E-47
 -2.608  0.2853E-46
 -2.598  0.1255E-45
 -2.588  0.5458E-45
 -2.578  0.2349E-44
 -2.568  0.1000E-43
 -2.558  0.4211E-43
 -2.548  0.1754E-42
 -2.538  0.7231E-42
 -2.528  0.2948E-41
 -2.518  0.1189E-40
 -2.508  0.4744E-40
 -2.498  0.1873E-39
 -2.488  0.7312E-39
 -2.478  0.2824E-38
 -2.468  0.1079E-37
 -2.458  0.4080E-37
 -2.448  0.1526E-36
 -2.438  0.5644E-36
 -2.428  0.2065E-35
 -2.418  0.7477E-35
 -2.408  0.2678E-34
 -2.398  0.9487E-34
 -2.388  0.3325E-33
 -2.378  0.1153E-32
 -2.368  0.3954E-32
 -2.358  0.1342E-31
 -2.348  0.4503E-31
 -2.338  0.1495E-30
 -2.328  0.4912E-30
 -2.318  0.1596E-29
 -2.308  0.5131E-29
 -2.298  0.1632E-28
 -2.288  0.5133E-28
 -2.278  0.1597E-27
 -2.268  0.4918E-27
 -2.258  0.1498E-26
 -2.248  0.4512E-26
 -2.238  0.1345E-25
 -2.228  0.3965E-25
 -2.218  0.1157E-24
 -2.208  0.3337E-24
 -2.198  0.9526E-24
 -2.188  0.2690E-23
 -2.178  0.7513E-23
 -2.168  0.2076E-22
 -2.158  0.5676E-22
 -2.148  0.1535E-21
 -2.138  0.4106E-21
 -2.128  0.1087E-20
 -2.118  0.2845E-20
 -2.108  0.7368E-20
 -2.098  0.1888E-19
 -2.088  0.4785E-19
 -2.078  0.1200E-18
 -2.068  0.2976E-18
 -2.058  0.7301E-18
 -2.048  0.1772E-17
 -2.038  0.4256E-17
 -2.028  0.1011E-16
 -2.018  0.2376E-16
 -2.008  0.5523E-16
 -1.998  0.1270E-15
 -1.988  0.2889E-15
 -1.978  0.6503E-15
 -1.968  0.1448E-14
 -1.958  0.3189E-14
 -1.948  0.6948E-14
 -1.938  0.1498E-13
 -1.928  0.3193E-13
 -1.918  0.6735E-13
 -1.908  0.1405E-12
 -1.898  0.2901E-12
 -1.888  0.5925E-12
 -1.878  0.1197E-11
 -1.868  0.2392E-11
 -1.858  0.4729E-11
 -1.848  0.9250E-11
 -1.838  0.1790E-10
 -1.828  0.3425E-10
 -1.818  0.6486E-10
 -1.808  0.1215E-09
 -1.798  0.2252E-09
 -1.788  0.4128E-09
 -1.778  0.7486E-09
 -1.768  0.1343E-08
 -1.758  0.2384E-08
 -1.748  0.4186E-08
 -1.738  0.7271E-08
 -1.728  0.1250E-07
 -1.718  0.2125E-07
 -1.708  0.3573E-07
 -1.698  0.5946E-07
 -1.688  0.9789E-07
 -1.678  0.1594E-06
 -1.668  0.2569E-06
 -1.658  0.4095E-06
 -1.648  0.6459E-06
 -1.638  0.1008E-05
 -1.628  0.1556E-05
 -1.618  0.2377E-05
 -1.608  0.3593E-05
 -1.598  0.5373E-05
 -1.588  0.7951E-05
 -1.578  0.1164E-04
 -1.568  0.1687E-04
 -1.558  0.2418E-04
 -1.548  0.3431E-04
 -1.538  0.4818E-04
 -1.528  0.6695E-04
 -1.518  0.9209E-04
 -1.508  0.1254E-03
 -1.498  0.1689E-03
 -1.488  0.2253E-03
 -1.478  0.2976E-03
 -1.468  0.3891E-03
 -1.458  0.5038E-03
 -1.448  0.6459E-03
 -1.438  0.8200E-03
 -1.428  0.1031E-02
 -1.418  0.1285E-02
 -1.408  0.1586E-02
 -1.398  0.1939E-02
 -1.388  0.2350E-02
 -1.378  0.2823E-02
 -1.368  0.3361E-02
 -1.358  0.3968E-02
 -1.348  0.4645E-02
 -1.338  0.5392E-02
 -1.328  0.6210E-02
 -1.318  0.7094E-02
 -1.308  0.8042E-02
 -1.298  0.9046E-02
 -1.288  0.1010E-01
 -1.278  0.1119E-01
 -1.268  0.1231E-01
 -1.258  0.1344E-01
 -1.248  0.1457E-01
 -1.238  0.1567E-01
 -1.228  0.1674E-01
 -1.218  0.1775E-01
 -1.208  0.1868E-01
 -1.198  0.1952E-01
 -1.188  0.2023E-01
 -1.178  0.2081E-01
 -1.168  0.2125E-01
 -1.158  0.2151E-01
 -1.148  0.2161E-01
 -1.138  0.2152E-01
 -1.128  0.2126E-01
 -1.118  0.2082E-01
 -1.108  0.2021E-01
 -1.098  0.1945E-01
 -1.088  0.1854E-01
 -1.078  0.1752E-01
 -1.068  0.1639E-01
 -1.058  0.1520E-01
 -1.048  0.1396E-01
 -1.038  0.1270E-01
 -1.028  0.1144E-01
 -1.018  0.1020E-01
 -1.008  0.9008E-02
 -0.998  0.7879E-02
 -0.988  0.6824E-02
 -0.978  0.5855E-02
 -0.968  0.4978E-02
 -0.958  0.4198E-02
 -0.948  0.3515E-02
 -0.938  0.2930E-02
 -0.928  0.2440E-02
 -0.918  0.2041E-02
 -0.908  0.1731E-02
 -0.898  0.1505E-02
 -0.888  0.1360E-02
 -0.878  0.1294E-02
 -0.868  0.1305E-02
 -0.858  0.1394E-02
 -0.848  0.1559E-02
 -0.838  0.1804E-02
 -0.828  0.2130E-02
 -0.818  0.2538E-02
 -0.808  0.3031E-02
 -0.798  0.3611E-02
 -0.788  0.4276E-02
 -0.778  0.5026E-02
 -0.768  0.5855E-02
 -0.758  0.6759E-02
 -0.748  0.7729E-02
 -0.738  0.8752E-02
 -0.728  0.9814E-02
 -0.718  0.1090E-01
 -0.708  0.1200E-01
 -0.698  0.1308E-01
 -0.688  0.1414E-01
 -0.678  0.1515E-01
 -0.668  0.1611E-01
 -0.658  0.1700E-01
 -0.648  0.1783E-01
 -0.638  0.1858E-01
 -0.628  0.1926E-01
 -0.618  0.1988E-01
 -0.608  0.2047E-01
 -0.598  0.2102E-01
 -0.588  0.2156E-01
 -0.578  0.2212E-01
 -0.568  0.2270E-01
 -0.558  0.2333E-01
 -0.548  0.2402E-01
 -0.538  0.2477E-01
 -0.528  0.2559E-01
 -0.518  0.2645E-01
 -0.508  0.2736E-01
 -0.498  0.2829E-01
 -0.488  0.2920E-01
 -0.478  0.3007E-01
 -0.468  0.3086E-01
 -0.458  0.3154E-01
 -0.448  0.3205E-01
 -0.438  0.3238E-01
 -0.428  0.3250E-01
 -0.418  0.3239E-01
 -0.408  0.3203E-01
 -0.398  0.3143E-01
 -0.388  0.3058E-01
 -0.378  0.2952E-01
 -0.368  0.2825E-01
 -0.358  0.2681E-01
 -0.348  0.2524E-01
 -0.338  0.2358E-01
 -0.328  0.2185E-01
 -0.318  0.2011E-01
 -0.308  0.1839E-01
 -0.298  0.1673E-01
 -0.288  0.1515E-01
 -0.278  0.1367E-01
 -0.268  0.1231E-01
 -0.258  0.1108E-01
 -0.248  0.9994E-02
 -0.238  0.9040E-02
 -0.228  0.8214E-02
 -0.218  0.7508E-02
 -0.208  0.6908E-02
 -0.198  0.6402E-02
 -0.188  0.5975E-02
 -0.178  0.5611E-02
 -0.168  0.5297E-02
 -0.158  0.5020E-02
 -0.148  0.4773E-02
 -0.138  0.4545E-02
 -0.128  0.4334E-02
 -0.118  0.4137E-02
 -0.108  0.3954E-02
 -0.098  0.3787E-02
 -0.088  0.3642E-02
 -0.078  0.3525E-02
 -0.068  0.3442E-02
 -0.058  0.3401E-02
 -0.048  0.3411E-02
 -0.038  0.3479E-02
 -0.028  0.3611E-02
 -0.018  0.3813E-02
 -0.008  0.4090E-02
  0.002  0.4445E-02
  0.012  0.4877E-02
  0.022  0.5385E-02
  0.032  0.5965E-02
  0.042  0.6613E-02
  0.052  0.7318E-02
  0.062  0.8073E-02
  0.072  0.8864E-02
  0.082  0.9679E-02
  0.092  0.1050E-01
  0.102  0.1132E-01
  0.112  0.1212E-01
  0.122  0.1288E-01
  0.132  0.1359E-01
  0.142  0.1423E-01
  0.152  0.1479E-01
  0.162  0.1526E-01
  0.172  0.1564E-01
  0.182  0.1591E-01
  0.192  0.1607E-01
  0.202  0.1613E-01
  0.212  0.1607E-01
  0.222  0.1591E-01
  0.232  0.1566E-01
  0.242  0.1531E-01
  0.252  0.1489E-01
  0.262  0.1441E-01
  0.272  0.1388E-01
  0.282  0.1332E-01
  0.292  0.1273E-01
  0.302  0.1214E-01
  0.312  0.1155E-01
  0.322  0.1098E-01
  0.332  0.1043E-01
  0.342  0.9911E-02
  0.352  0.9423E-02
  0.362  0.8968E-02
  0.372  0.8545E-02
  0.382  0.8150E-02
  0.392  0.7779E-02
  0.402  0.7426E-02
  0.412  0.7086E-02
  0.422  0.6752E-02
  0.432  0.6420E-02
  0.442  0.6085E-02
  0.452  0.5745E-02
  0.462  0.5396E-02
  0.472  0.5040E-02
  0.482  0.4677E-02
  0.492  0.4310E-02
  0.502  0.3941E-02
  0.512  0.3574E-02
  0.522  0.3213E-02
  0.532  0.2863E-02
  0.542  0.2528E-02
  0.552  0.2211E-02
  0.562  0.1915E-02
  0.572  0.1642E-02
  0.582  0.1394E-02
  0.592  0.1172E-02
  0.602  0.9747E-03
  0.612  0.8025E-03
  0.622  0.6539E-03
  0.632  0.5272E-03
  0.642  0.4207E-03
  0.652  0.3321E-03
  0.662  0.2595E-03
  0.672  0.2006E-03
  0.682  0.1534E-03
  0.692  0.1161E-03
  0.702  0.8695E-04
  0.712  0.6442E-04
  0.722  0.4722E-04
  0.732  0.3424E-04
  0.742  0.2457E-04
  0.752  0.1744E-04
  0.762  0.1225E-04
  0.772  0.8513E-05
  0.782  0.5853E-05
  0.792  0.3981E-05
  0.802  0.2679E-05
  0.812  0.1784E-05
  0.822  0.1175E-05
  0.832  0.7658E-06
  0.842  0.4938E-06
