 -5.548  0.4270E-06
 -5.538  0.6601E-06
 -5.528  0.1010E-05
 -5.518  0.1528E-05
 -5.508  0.2287E-05
 -5.498  0.3386E-05
 -5.488  0.4960E-05
 -5.478  0.7188E-05
 -5.468  0.1031E-04
 -5.458  0.1462E-04
 -5.448  0.2051E-04
 -5.438  0.2848E-04
 -5.428  0.3911E-04
 -5.418  0.5315E-04
 -5.408  0.7146E-04
 -5.398  0.9506E-04
 -5.388  0.1251E-03
 -5.378  0.1629E-03
 -5.368  0.2100E-03
 -5.358  0.2678E-03
 -5.348  0.3380E-03
 -5.338  0.4222E-03
 -5.328  0.5219E-03
 -5.318  0.6387E-03
 -5.308  0.7738E-03
 -5.298  0.9282E-03
 -5.288  0.1103E-02
 -5.278  0.1297E-02
 -5.268  0.1512E-02
 -5.258  0.1747E-02
 -5.248  0.2000E-02
 -5.238  0.2270E-02
 -5.228  0.2555E-02
 -5.218  0.2855E-02
 -5.208  0.3166E-02
 -5.198  0.3487E-02
 -5.188  0.3817E-02
 -5.178  0.4155E-02
 -5.168  0.4499E-02
 -5.158  0.4849E-02
 -5.148  0.5207E-02
 -5.138  0.5572E-02
 -5.128  0.5947E-02
 -5.118  0.6332E-02
 -5.108  0.6728E-02
 -5.098  0.7138E-02
 -5.088  0.7561E-02
 -5.078  0.7999E-02
 -5.068  0.8450E-02
 -5.058  0.8915E-02
 -5.048  0.9390E-02
 -5.038  0.9875E-02
 -5.028  0.1036E-01
 -5.018  0.1086E-01
 -5.008  0.1135E-01
 -4.998  0.1184E-01
 -4.988  0.1232E-01
 -4.978  0.1279E-01
 -4.968  0.1326E-01
 -4.958  0.1371E-01
 -4.948  0.1416E-01
 -4.938  0.1460E-01
 -4.928  0.1503E-01
 -4.918  0.1546E-01
 -4.908  0.1588E-01
 -4.898  0.1631E-01
 -4.888  0.1674E-01
 -4.878  0.1717E-01
 -4.868  0.1759E-01
 -4.858  0.1801E-01
 -4.848  0.1841E-01
 -4.838  0.1880E-01
 -4.828  0.1915E-01
 -4.818  0.1946E-01
 -4.808  0.1972E-01
 -4.798  0.1990E-01
 -4.788  0.2000E-01
 -4.778  0.2001E-01
 -4.768  0.1991E-01
 -4.758  0.1970E-01
 -4.748  0.1936E-01
 -4.738  0.1890E-01
 -4.728  0.1831E-01
 -4.718  0.1761E-01
 -4.708  0.1680E-01
 -4.698  0.1589E-01
 -4.688  0.1490E-01
 -4.678  0.1385E-01
 -4.668  0.1276E-01
 -4.658  0.1165E-01
 -4.648  0.1053E-01
 -4.638  0.9423E-02
 -4.628  0.8353E-02
 -4.618  0.7332E-02
 -4.608  0.6371E-02
 -4.598  0.5480E-02
 -4.588  0.4665E-02
 -4.578  0.3931E-02
 -4.568  0.3279E-02
 -4.558  0.2706E-02
 -4.548  0.2210E-02
 -4.538  0.1786E-02
 -4.528  0.1429E-02
 -4.518  0.1131E-02
 -4.508  0.8852E-03
 -4.498  0.6858E-03
 -4.488  0.5256E-03
 -4.478  0.3986E-03
 -4.468  0.2991E-03
 -4.458  0.2220E-03
 -4.448  0.1630E-03
 -4.438  0.1185E-03
 -4.428  0.8515E-04
 -4.418  0.6055E-04
 -4.408  0.4260E-04
 -4.398  0.2965E-04
 -4.388  0.2041E-04
 -4.378  0.1390E-04
 -4.368  0.9370E-05
 -4.358  0.6246E-05
 -4.348  0.4119E-05
 -4.338  0.2687E-05
 -4.328  0.1734E-05
 -4.318  0.1107E-05
 -4.308  0.6995E-06
 -4.298  0.4371E-06
 -4.288  0.2702E-06
 -4.278  0.1652E-06
 -4.268  0.9995E-07
 -4.258  0.5981E-07
 -4.248  0.3541E-07
 -4.238  0.2074E-07
 -4.228  0.1202E-07
 -4.218  0.6886E-08
 -4.208  0.3905E-08
 -4.198  0.2190E-08
 -4.188  0.1215E-08
 -4.178  0.6670E-09
 -4.168  0.3622E-09
 -4.158  0.1946E-09
 -4.148  0.1034E-09
 -4.138  0.5436E-10
 -4.128  0.2827E-10
 -4.118  0.1454E-10
 -4.108  0.7401E-11
 -4.098  0.3726E-11
 -4.088  0.1856E-11
 -4.078  0.9144E-12
 -4.068  0.4457E-12
 -4.058  0.2149E-12
 -4.048  0.1025E-12
 -4.038  0.4837E-13
 -4.028  0.2258E-13
 -4.018  0.1043E-13
 -4.008  0.4763E-14
 -3.998  0.2152E-14
 -3.988  0.9622E-15
 -3.978  0.4256E-15
 -3.968  0.1862E-15
 -3.958  0.8058E-16
 -3.948  0.3450E-16
 -3.938  0.1461E-16
 -3.928  0.6122E-17
 -3.918  0.2538E-17
 -3.908  0.1041E-17
 -3.898  0.4221E-18
 -3.888  0.1694E-18
 -3.878  0.6723E-19
 -3.868  0.2640E-19
 -3.858  0.1026E-19
 -3.848  0.3942E-20
 -3.838  0.1498E-20
 -3.828  0.5635E-21
 -3.818  0.2097E-21
 -3.808  0.7717E-22
 -3.798  0.2810E-22
 -3.788  0.1012E-22
 -3.778  0.3606E-23
 -3.768  0.1271E-23
 -3.758  0.4432E-24
 -3.748  0.1529E-24
 -3.738  0.5217E-25
 -3.728  0.1761E-25
 -3.718  0.5881E-26
 -3.708  0.1943E-26
 -3.698  0.6349E-27
 -3.688  0.2053E-27
 -3.678  0.6565E-28
 -3.668  0.2077E-28
 -3.658  0.6500E-29
 -3.648  0.2013E-29
 -3.638  0.6165E-30
 -3.628  0.1868E-30
 -3.618  0.5599E-31
 -3.608  0.1660E-31
 -3.598  0.4870E-32
 -3.588  0.1413E-32
 -3.578  0.4057E-33
 -3.568  0.1152E-33
 -3.558  0.3237E-34
 -3.548  0.8996E-35
 -3.538  0.2473E-35
 -3.528  0.6726E-36
 -3.518  0.1810E-36
 -3.508  0.4817E-37
 -3.498  0.1268E-37
 -3.488  0.3303E-38
 -3.478  0.8512E-39
 -3.468  0.2170E-39
 -3.458  0.5471E-40
 -3.448  0.1365E-40
 -3.438  0.3368E-41
 -3.428  0.8222E-42
 -3.418  0.1986E-42
 -3.408  0.4744E-43
 -3.398  0.1121E-43
 -3.388  0.2621E-44
 -3.378  0.6062E-45
 -3.368  0.1387E-45
 -3.358  0.3140E-46
 -3.348  0.7030E-47
 -3.338  0.1557E-47
 -3.328  0.3412E-48
 -3.318  0.7396E-49
 -3.308  0.1586E-49
 -3.298  0.3364E-50
 -3.288  0.7060E-51
 -3.278  0.1466E-51
 -3.268  0.3010E-52
 -3.258  0.6115E-53
 -3.248  0.1229E-53
 -3.238  0.2444E-54
 -3.228  0.4806E-55
 -3.218  0.9351E-56
 -3.208  0.1800E-56
 -3.198  0.3427E-57
 -3.188  0.6456E-58
 -3.178  0.1203E-58
 -3.168  0.2218E-59
 -3.158  0.4044E-60
 -3.148  0.7295E-61
 -3.138  0.1302E-61
 -3.128  0.2298E-62
 -3.118  0.4014E-63
 -3.108  0.6935E-64
 -3.098  0.1185E-64
 -3.088  0.2004E-65
 -3.078  0.3352E-66
 -3.068  0.5546E-67
 -3.058  0.9077E-68
 -3.048  0.1470E-68
 -3.038  0.2354E-69
 -3.028  0.3731E-70
 -3.018  0.5849E-71
 -3.008  0.9070E-72
 -2.998  0.1397E-72
 -2.988  0.2459E-73
 -2.978  0.2619E-73
 -2.968  0.1514E-72
 -2.958  0.9796E-72
 -2.948  0.6287E-71
 -2.938  0.3992E-70
 -2.928  0.2507E-69
 -2.918  0.1558E-68
 -2.908  0.9576E-68
 -2.898  0.5823E-67
 -2.888  0.3503E-66
 -2.878  0.2085E-65
 -2.868  0.1227E-64
 -2.858  0.7146E-64
 -2.848  0.4117E-63
 -2.838  0.2346E-62
 -2.828  0.1323E-61
 -2.818  0.7378E-61
 -2.808  0.4071E-60
 -2.798  0.2222E-59
 -2.788  0.1200E-58
 -2.778  0.6408E-58
 -2.768  0.3386E-57
 -2.758  0.1770E-56
 -2.748  0.9152E-56
 -2.738  0.4682E-55
 -2.728  0.2369E-54
 -2.718  0.1186E-53
 -2.708  0.5874E-53
 -2.698  0.2878E-52
 -2.688  0.1395E-51
 -2.678  0.6687E-51
 -2.668  0.3171E-50
 -2.658  0.1488E-49
 -2.648  0.6907E-49
 -2.638  0.3171E-48
 -2.628  0.1440E-47
 -2.618  0.6473E-47
 -2.608  0.2877E-46
 -2.598  0.1265E-45
 -2.588  0.5504E-45
 -2.578  0.2369E-44
 -2.568  0.1008E-43
 -2.558  0.4247E-43
 -2.548  0.1769E-42
 -2.538  0.7292E-42
 -2.528  0.2973E-41
 -2.518  0.1199E-40
 -2.508  0.4784E-40
 -2.498  0.1888E-39
 -2.488  0.7373E-39
 -2.478  0.2848E-38
 -2.468  0.1088E-37
 -2.458  0.4114E-37
 -2.448  0.1538E-36
 -2.438  0.5691E-36
 -2.428  0.2083E-35
 -2.418  0.7540E-35
 -2.408  0.2700E-34
 -2.398  0.9567E-34
 -2.388  0.3353E-33
 -2.378  0.1163E-32
 -2.368  0.3987E-32
 -2.358  0.1353E-31
 -2.348  0.4541E-31
 -2.338  0.1508E-30
 -2.328  0.4953E-30
 -2.318  0.1610E-29
 -2.308  0.5174E-29
 -2.298  0.1645E-28
 -2.288  0.5176E-28
 -2.278  0.1611E-27
 -2.268  0.4959E-27
 -2.258  0.1510E-26
 -2.248  0.4550E-26
 -2.238  0.1356E-25
 -2.228  0.3999E-25
 -2.218  0.1166E-24
 -2.208  0.3365E-24
 -2.198  0.9605E-24
 -2.188  0.2712E-23
 -2.178  0.7576E-23
 -2.168  0.2094E-22
 -2.158  0.5723E-22
 -2.148  0.1548E-21
 -2.138  0.4141E-21
 -2.128  0.1096E-20
 -2.118  0.2869E-20
 -2.108  0.7430E-20
 -2.098  0.1904E-19
 -2.088  0.4825E-19
 -2.078  0.1210E-18
 -2.068  0.3001E-18
 -2.058  0.7363E-18
 -2.048  0.1787E-17
 -2.038  0.4291E-17
 -2.028  0.1019E-16
 -2.018  0.2396E-16
 -2.008  0.5569E-16
 -1.998  0.1281E-15
 -1.988  0.2914E-15
 -1.978  0.6557E-15
 -1.968  0.1460E-14
 -1.958  0.3215E-14
 -1.948  0.7006E-14
 -1.938  0.1510E-13
 -1.928  0.3220E-13
 -1.918  0.6792E-13
 -1.908  0.1417E-12
 -1.898  0.2926E-12
 -1.888  0.5975E-12
 -1.878  0.1207E-11
 -1.868  0.2412E-11
 -1.858  0.4769E-11
 -1.848  0.9327E-11
 -1.838  0.1805E-10
 -1.828  0.3454E-10
 -1.818  0.6541E-10
 -1.808  0.1225E-09
 -1.798  0.2270E-09
 -1.788  0.4162E-09
 -1.778  0.7549E-09
 -1.768  0.1354E-08
 -1.758  0.2404E-08
 -1.748  0.4221E-08
 -1.738  0.7332E-08
 -1.728  0.1260E-07
 -1.718  0.2142E-07
 -1.708  0.3603E-07
 -1.698  0.5996E-07
 -1.688  0.9871E-07
 -1.678  0.1608E-06
 -1.668  0.2590E-06
 -1.658  0.4129E-06
 -1.648  0.6513E-06
 -1.638  0.1016E-05
 -1.628  0.1569E-05
 -1.618  0.2397E-05
 -1.608  0.3623E-05
 -1.598  0.5417E-05
 -1.588  0.8016E-05
 -1.578  0.1174E-04
 -1.568  0.1701E-04
 -1.558  0.2438E-04
 -1.548  0.3459E-04
 -1.538  0.4857E-04
 -1.528  0.6750E-04
 -1.518  0.9283E-04
 -1.508  0.1264E-03
 -1.498  0.1703E-03
 -1.488  0.2271E-03
 -1.478  0.3000E-03
 -1.468  0.3922E-03
 -1.458  0.5077E-03
 -1.448  0.6508E-03
 -1.438  0.8263E-03
 -1.428  0.1039E-02
 -1.418  0.1294E-02
 -1.408  0.1597E-02
 -1.398  0.1953E-02
 -1.388  0.2367E-02
 -1.378  0.2842E-02
 -1.368  0.3384E-02
 -1.358  0.3994E-02
 -1.348  0.4675E-02
 -1.338  0.5427E-02
 -1.328  0.6248E-02
 -1.318  0.7137E-02
 -1.308  0.8089E-02
 -1.298  0.9097E-02
 -1.288  0.1015E-01
 -1.278  0.1125E-01
 -1.268  0.1237E-01
 -1.258  0.1350E-01
 -1.248  0.1463E-01
 -1.238  0.1574E-01
 -1.228  0.1681E-01
 -1.218  0.1782E-01
 -1.208  0.1875E-01
 -1.198  0.1958E-01
 -1.188  0.2030E-01
 -1.178  0.2088E-01
 -1.168  0.2130E-01
 -1.158  0.2157E-01
 -1.148  0.2166E-01
 -1.138  0.2157E-01
 -1.128  0.2130E-01
 -1.118  0.2086E-01
 -1.108  0.2025E-01
 -1.098  0.1948E-01
 -1.088  0.1857E-01
 -1.078  0.1754E-01
 -1.068  0.1642E-01
 -1.058  0.1522E-01
 -1.048  0.1397E-01
 -1.038  0.1271E-01
 -1.028  0.1145E-01
 -1.018  0.1021E-01
 -1.008  0.9016E-02
 -0.998  0.7885E-02
 -0.988  0.6829E-02
 -0.978  0.5859E-02
 -0.968  0.4981E-02
 -0.958  0.4200E-02
 -0.948  0.3517E-02
 -0.938  0.2931E-02
 -0.928  0.2440E-02
 -0.918  0.2041E-02
 -0.908  0.1731E-02
 -0.898  0.1504E-02
 -0.888  0.1359E-02
 -0.878  0.1292E-02
 -0.868  0.1303E-02
 -0.858  0.1390E-02
 -0.848  0.1555E-02
 -0.838  0.1798E-02
 -0.828  0.2122E-02
 -0.818  0.2529E-02
 -0.808  0.3020E-02
 -0.798  0.3597E-02
 -0.788  0.4259E-02
 -0.778  0.5005E-02
 -0.768  0.5831E-02
 -0.758  0.6730E-02
 -0.748  0.7694E-02
 -0.738  0.8711E-02
 -0.728  0.9767E-02
 -0.718  0.1085E-01
 -0.708  0.1193E-01
 -0.698  0.1300E-01
 -0.688  0.1405E-01
 -0.678  0.1505E-01
 -0.668  0.1599E-01
 -0.658  0.1686E-01
 -0.648  0.1765E-01
 -0.638  0.1837E-01
 -0.628  0.1902E-01
 -0.618  0.1960E-01
 -0.608  0.2013E-01
 -0.598  0.2063E-01
 -0.588  0.2111E-01
 -0.578  0.2159E-01
 -0.568  0.2210E-01
 -0.558  0.2264E-01
 -0.548  0.2323E-01
 -0.538  0.2388E-01
 -0.528  0.2458E-01
 -0.518  0.2534E-01
 -0.508  0.2614E-01
 -0.498  0.2695E-01
 -0.488  0.2776E-01
 -0.478  0.2852E-01
 -0.468  0.2922E-01
 -0.458  0.2980E-01
 -0.448  0.3025E-01
 -0.438  0.3053E-01
 -0.428  0.3061E-01
 -0.418  0.3048E-01
 -0.408  0.3012E-01
 -0.398  0.2954E-01
 -0.388  0.2873E-01
 -0.378  0.2772E-01
 -0.368  0.2653E-01
 -0.358  0.2517E-01
 -0.348  0.2370E-01
 -0.338  0.2213E-01
 -0.328  0.2051E-01
 -0.318  0.1888E-01
 -0.308  0.1727E-01
 -0.298  0.1571E-01
 -0.288  0.1422E-01
 -0.278  0.1283E-01
 -0.268  0.1156E-01
 -0.258  0.1041E-01
 -0.248  0.9387E-02
 -0.238  0.8490E-02
 -0.228  0.7713E-02
 -0.218  0.7048E-02
 -0.208  0.6484E-02
 -0.198  0.6006E-02
 -0.188  0.5602E-02
 -0.178  0.5258E-02
 -0.168  0.4960E-02
 -0.158  0.4699E-02
 -0.148  0.4465E-02
 -0.138  0.4250E-02
 -0.128  0.4050E-02
 -0.118  0.3865E-02
 -0.108  0.3692E-02
 -0.098  0.3536E-02
 -0.088  0.3400E-02
 -0.078  0.3290E-02
 -0.068  0.3213E-02
 -0.058  0.3175E-02
 -0.048  0.3185E-02
 -0.038  0.3249E-02
 -0.028  0.3374E-02
 -0.018  0.3564E-02
 -0.008  0.3825E-02
  0.002  0.4158E-02
  0.012  0.4564E-02
  0.022  0.5042E-02
  0.032  0.5588E-02
  0.042  0.6196E-02
  0.052  0.6860E-02
  0.062  0.7569E-02
  0.072  0.8314E-02
  0.082  0.9081E-02
  0.092  0.9858E-02
  0.102  0.1063E-01
  0.112  0.1138E-01
  0.122  0.1210E-01
  0.132  0.1277E-01
  0.142  0.1337E-01
  0.152  0.1391E-01
  0.162  0.1436E-01
  0.172  0.1472E-01
  0.182  0.1498E-01
  0.192  0.1513E-01
  0.202  0.1519E-01
  0.212  0.1514E-01
  0.222  0.1499E-01
  0.232  0.1475E-01
  0.242  0.1443E-01
  0.252  0.1404E-01
  0.262  0.1359E-01
  0.272  0.1309E-01
  0.282  0.1256E-01
  0.292  0.1200E-01
  0.302  0.1144E-01
  0.312  0.1089E-01
  0.322  0.1034E-01
  0.332  0.9824E-02
  0.342  0.9330E-02
  0.352  0.8867E-02
  0.362  0.8435E-02
  0.372  0.8033E-02
  0.382  0.7659E-02
  0.392  0.7307E-02
  0.402  0.6972E-02
  0.412  0.6650E-02
  0.422  0.6335E-02
  0.432  0.6022E-02
  0.442  0.5706E-02
  0.452  0.5385E-02
  0.462  0.5058E-02
  0.472  0.4723E-02
  0.482  0.4383E-02
  0.492  0.4038E-02
  0.502  0.3692E-02
  0.512  0.3348E-02
  0.522  0.3010E-02
  0.532  0.2682E-02
  0.542  0.2368E-02
  0.552  0.2071E-02
  0.562  0.1794E-02
  0.572  0.1538E-02
  0.582  0.1306E-02
  0.592  0.1098E-02
  0.602  0.9132E-03
  0.612  0.7519E-03
  0.622  0.6127E-03
  0.632  0.4941E-03
  0.642  0.3942E-03
  0.652  0.3113E-03
  0.662  0.2432E-03
  0.672  0.1880E-03
  0.682  0.1438E-03
  0.692  0.1088E-03
  0.702  0.8151E-04
  0.712  0.6039E-04
  0.722  0.4427E-04
  0.732  0.3211E-04
  0.742  0.2304E-04
  0.752  0.1636E-04
  0.762  0.1149E-04
  0.772  0.7984E-05
  0.782  0.5489E-05
  0.792  0.3734E-05
  0.802  0.2513E-05
  0.812  0.1673E-05
  0.822  0.1102E-05
  0.832  0.7184E-06
  0.842  0.4632E-06
