 -5.548  0.8517E-07
 -5.538  0.1317E-06
 -5.528  0.2014E-06
 -5.518  0.3047E-06
 -5.508  0.4561E-06
 -5.498  0.6754E-06
 -5.488  0.9894E-06
 -5.478  0.1434E-05
 -5.468  0.2056E-05
 -5.458  0.2916E-05
 -5.448  0.4092E-05
 -5.438  0.5681E-05
 -5.428  0.7802E-05
 -5.418  0.1060E-04
 -5.408  0.1426E-04
 -5.398  0.1896E-04
 -5.388  0.2496E-04
 -5.378  0.3251E-04
 -5.368  0.4190E-04
 -5.358  0.5344E-04
 -5.348  0.6745E-04
 -5.338  0.8425E-04
 -5.328  0.1042E-03
 -5.318  0.1275E-03
 -5.308  0.1545E-03
 -5.298  0.1854E-03
 -5.288  0.2203E-03
 -5.278  0.2592E-03
 -5.268  0.3022E-03
 -5.258  0.3492E-03
 -5.248  0.4000E-03
 -5.238  0.4543E-03
 -5.228  0.5119E-03
 -5.218  0.5723E-03
 -5.208  0.6354E-03
 -5.198  0.7007E-03
 -5.188  0.7681E-03
 -5.178  0.8375E-03
 -5.168  0.9087E-03
 -5.158  0.9819E-03
 -5.148  0.1057E-02
 -5.138  0.1135E-02
 -5.128  0.1216E-02
 -5.118  0.1300E-02
 -5.108  0.1388E-02
 -5.098  0.1480E-02
 -5.088  0.1577E-02
 -5.078  0.1679E-02
 -5.068  0.1786E-02
 -5.058  0.1898E-02
 -5.048  0.2015E-02
 -5.038  0.2136E-02
 -5.028  0.2260E-02
 -5.018  0.2388E-02
 -5.008  0.2517E-02
 -4.998  0.2646E-02
 -4.988  0.2775E-02
 -4.978  0.2903E-02
 -4.968  0.3027E-02
 -4.958  0.3146E-02
 -4.948  0.3261E-02
 -4.938  0.3368E-02
 -4.928  0.3468E-02
 -4.918  0.3560E-02
 -4.908  0.3642E-02
 -4.898  0.3715E-02
 -4.888  0.3776E-02
 -4.878  0.3827E-02
 -4.868  0.3866E-02
 -4.858  0.3892E-02
 -4.848  0.3907E-02
 -4.838  0.3908E-02
 -4.828  0.3896E-02
 -4.818  0.3870E-02
 -4.808  0.3830E-02
 -4.798  0.3776E-02
 -4.788  0.3707E-02
 -4.778  0.3624E-02
 -4.768  0.3526E-02
 -4.758  0.3413E-02
 -4.748  0.3287E-02
 -4.738  0.3147E-02
 -4.728  0.2995E-02
 -4.718  0.2833E-02
 -4.708  0.2661E-02
 -4.698  0.2482E-02
 -4.688  0.2299E-02
 -4.678  0.2112E-02
 -4.668  0.1925E-02
 -4.658  0.1740E-02
 -4.648  0.1560E-02
 -4.638  0.1386E-02
 -4.628  0.1220E-02
 -4.618  0.1065E-02
 -4.608  0.9203E-03
 -4.598  0.7879E-03
 -4.588  0.6681E-03
 -4.578  0.5609E-03
 -4.568  0.4663E-03
 -4.558  0.3838E-03
 -4.548  0.3127E-03
 -4.538  0.2522E-03
 -4.528  0.2013E-03
 -4.518  0.1590E-03
 -4.508  0.1243E-03
 -4.498  0.9618E-04
 -4.488  0.7364E-04
 -4.478  0.5579E-04
 -4.468  0.4182E-04
 -4.458  0.3102E-04
 -4.448  0.2277E-04
 -4.438  0.1653E-04
 -4.428  0.1188E-04
 -4.418  0.8442E-05
 -4.408  0.5937E-05
 -4.398  0.4130E-05
 -4.388  0.2843E-05
 -4.378  0.1936E-05
 -4.368  0.1304E-05
 -4.358  0.8694E-06
 -4.348  0.5732E-06
 -4.338  0.3739E-06
 -4.328  0.2413E-06
 -4.318  0.1540E-06
 -4.308  0.9729E-07
 -4.298  0.6079E-07
 -4.288  0.3757E-07
 -4.278  0.2297E-07
 -4.268  0.1390E-07
 -4.258  0.8316E-08
 -4.248  0.4923E-08
 -4.238  0.2883E-08
 -4.228  0.1670E-08
 -4.218  0.9573E-09
 -4.208  0.5428E-09
 -4.198  0.3044E-09
 -4.188  0.1689E-09
 -4.178  0.9272E-10
 -4.168  0.5035E-10
 -4.158  0.2705E-10
 -4.148  0.1437E-10
 -4.138  0.7555E-11
 -4.128  0.3929E-11
 -4.118  0.2021E-11
 -4.108  0.1029E-11
 -4.098  0.5179E-12
 -4.088  0.2580E-12
 -4.078  0.1271E-12
 -4.068  0.6195E-13
 -4.058  0.2987E-13
 -4.048  0.1425E-13
 -4.038  0.6723E-14
 -4.028  0.3138E-14
 -4.018  0.1449E-14
 -4.008  0.6620E-15
 -3.998  0.2992E-15
 -3.988  0.1337E-15
 -3.978  0.5915E-16
 -3.968  0.2588E-16
 -3.958  0.1120E-16
 -3.948  0.4795E-17
 -3.938  0.2031E-17
 -3.928  0.8509E-18
 -3.918  0.3527E-18
 -3.908  0.1446E-18
 -3.898  0.5866E-19
 -3.888  0.2354E-19
 -3.878  0.9344E-20
 -3.868  0.3669E-20
 -3.858  0.1425E-20
 -3.848  0.5478E-21
 -3.838  0.2083E-21
 -3.828  0.7833E-22
 -3.818  0.2914E-22
 -3.808  0.1073E-22
 -3.798  0.3905E-23
 -3.788  0.1406E-23
 -3.778  0.5011E-24
 -3.768  0.1766E-24
 -3.758  0.6159E-25
 -3.748  0.2125E-25
 -3.738  0.7250E-26
 -3.728  0.2447E-26
 -3.718  0.8173E-27
 -3.708  0.2700E-27
 -3.698  0.8824E-28
 -3.688  0.2853E-28
 -3.678  0.9124E-29
 -3.668  0.2887E-29
 -3.658  0.9035E-30
 -3.648  0.2797E-30
 -3.638  0.8568E-31
 -3.628  0.2596E-31
 -3.618  0.7782E-32
 -3.608  0.2308E-32
 -3.598  0.6769E-33
 -3.588  0.1964E-33
 -3.578  0.5639E-34
 -3.568  0.1601E-34
 -3.558  0.4499E-35
 -3.548  0.1250E-35
 -3.538  0.3437E-36
 -3.528  0.9349E-37
 -3.518  0.2515E-37
 -3.508  0.6695E-38
 -3.498  0.1763E-38
 -3.488  0.4591E-39
 -3.478  0.1183E-39
 -3.468  0.3016E-40
 -3.458  0.7604E-41
 -3.448  0.1897E-41
 -3.438  0.4681E-42
 -3.428  0.1143E-42
 -3.418  0.2760E-43
 -3.408  0.6593E-44
 -3.398  0.1558E-44
 -3.388  0.3643E-45
 -3.378  0.8426E-46
 -3.368  0.1928E-46
 -3.358  0.4363E-47
 -3.348  0.9770E-48
 -3.338  0.2164E-48
 -3.328  0.4742E-49
 -3.318  0.1028E-49
 -3.308  0.2204E-50
 -3.298  0.4676E-51
 -3.288  0.9813E-52
 -3.278  0.2037E-52
 -3.268  0.4184E-53
 -3.258  0.8499E-54
 -3.248  0.1708E-54
 -3.238  0.3396E-55
 -3.228  0.6680E-56
 -3.218  0.1300E-56
 -3.208  0.2502E-57
 -3.198  0.4763E-58
 -3.188  0.8972E-59
 -3.178  0.1672E-59
 -3.168  0.3082E-60
 -3.158  0.5620E-61
 -3.148  0.1014E-61
 -3.138  0.1809E-62
 -3.128  0.3194E-63
 -3.118  0.5579E-64
 -3.108  0.9638E-65
 -3.098  0.1647E-65
 -3.088  0.2785E-66
 -3.078  0.4658E-67
 -3.068  0.7707E-68
 -3.058  0.1262E-68
 -3.048  0.2043E-69
 -3.038  0.3272E-70
 -3.028  0.5185E-71
 -3.018  0.8128E-72
 -3.008  0.1261E-72
 -2.998  0.1938E-73
 -2.988  0.3221E-74
 -2.978  0.2341E-74
 -2.968  0.1253E-73
 -2.958  0.8089E-73
 -2.948  0.5192E-72
 -2.938  0.3296E-71
 -2.928  0.2070E-70
 -2.918  0.1286E-69
 -2.908  0.7908E-69
 -2.898  0.4809E-68
 -2.888  0.2893E-67
 -2.878  0.1721E-66
 -2.868  0.1013E-65
 -2.858  0.5901E-65
 -2.848  0.3400E-64
 -2.838  0.1938E-63
 -2.828  0.1092E-62
 -2.818  0.6093E-62
 -2.808  0.3362E-61
 -2.798  0.1835E-60
 -2.788  0.9907E-60
 -2.778  0.5292E-59
 -2.768  0.2796E-58
 -2.758  0.1462E-57
 -2.748  0.7558E-57
 -2.738  0.3866E-56
 -2.728  0.1957E-55
 -2.718  0.9795E-55
 -2.708  0.4851E-54
 -2.698  0.2376E-53
 -2.688  0.1152E-52
 -2.678  0.5522E-52
 -2.668  0.2619E-51
 -2.658  0.1229E-50
 -2.648  0.5703E-50
 -2.638  0.2619E-49
 -2.628  0.1190E-48
 -2.618  0.5345E-48
 -2.608  0.2376E-47
 -2.598  0.1045E-46
 -2.588  0.4545E-46
 -2.578  0.1956E-45
 -2.568  0.8327E-45
 -2.558  0.3507E-44
 -2.548  0.1461E-43
 -2.538  0.6021E-43
 -2.528  0.2455E-42
 -2.518  0.9902E-42
 -2.508  0.3951E-41
 -2.498  0.1559E-40
 -2.488  0.6089E-40
 -2.478  0.2352E-39
 -2.468  0.8987E-39
 -2.458  0.3397E-38
 -2.448  0.1270E-37
 -2.438  0.4700E-37
 -2.428  0.1720E-36
 -2.418  0.6227E-36
 -2.408  0.2230E-35
 -2.398  0.7900E-35
 -2.388  0.2769E-34
 -2.378  0.9600E-34
 -2.368  0.3293E-33
 -2.358  0.1117E-32
 -2.348  0.3750E-32
 -2.338  0.1245E-31
 -2.328  0.4090E-31
 -2.318  0.1329E-30
 -2.308  0.4273E-30
 -2.298  0.1359E-29
 -2.288  0.4274E-29
 -2.278  0.1330E-28
 -2.268  0.4095E-28
 -2.258  0.1247E-27
 -2.248  0.3758E-27
 -2.238  0.1120E-26
 -2.228  0.3302E-26
 -2.218  0.9631E-26
 -2.208  0.2779E-25
 -2.198  0.7932E-25
 -2.188  0.2240E-24
 -2.178  0.6257E-24
 -2.168  0.1729E-23
 -2.158  0.4727E-23
 -2.148  0.1278E-22
 -2.138  0.3419E-22
 -2.128  0.9050E-22
 -2.118  0.2369E-21
 -2.108  0.6136E-21
 -2.098  0.1572E-20
 -2.088  0.3985E-20
 -2.078  0.9991E-20
 -2.068  0.2478E-19
 -2.058  0.6081E-19
 -2.048  0.1476E-18
 -2.038  0.3545E-18
 -2.028  0.8420E-18
 -2.018  0.1979E-17
 -2.008  0.4600E-17
 -1.998  0.1058E-16
 -1.988  0.2407E-16
 -1.978  0.5417E-16
 -1.968  0.1206E-15
 -1.958  0.2657E-15
 -1.948  0.5789E-15
 -1.938  0.1248E-14
 -1.928  0.2661E-14
 -1.918  0.5613E-14
 -1.908  0.1171E-13
 -1.898  0.2418E-13
 -1.888  0.4939E-13
 -1.878  0.9979E-13
 -1.868  0.1994E-12
 -1.858  0.3944E-12
 -1.848  0.7715E-12
 -1.838  0.1493E-11
 -1.828  0.2858E-11
 -1.818  0.5413E-11
 -1.808  0.1014E-10
 -1.798  0.1880E-10
 -1.788  0.3448E-10
 -1.778  0.6256E-10
 -1.768  0.1123E-09
 -1.758  0.1994E-09
 -1.748  0.3503E-09
 -1.738  0.6089E-09
 -1.728  0.1047E-08
 -1.718  0.1781E-08
 -1.708  0.2999E-08
 -1.698  0.4995E-08
 -1.688  0.8231E-08
 -1.678  0.1342E-07
 -1.668  0.2165E-07
 -1.658  0.3457E-07
 -1.648  0.5461E-07
 -1.638  0.8537E-07
 -1.628  0.1321E-06
 -1.618  0.2022E-06
 -1.608  0.3064E-06
 -1.598  0.4594E-06
 -1.588  0.6819E-06
 -1.578  0.1002E-05
 -1.568  0.1457E-05
 -1.558  0.2098E-05
 -1.548  0.2991E-05
 -1.538  0.4222E-05
 -1.528  0.5900E-05
 -1.518  0.8167E-05
 -1.508  0.1120E-04
 -1.498  0.1520E-04
 -1.488  0.2045E-04
 -1.478  0.2727E-04
 -1.468  0.3601E-04
 -1.458  0.4714E-04
 -1.448  0.6117E-04
 -1.438  0.7869E-04
 -1.428  0.1004E-03
 -1.418  0.1269E-03
 -1.408  0.1592E-03
 -1.398  0.1981E-03
 -1.388  0.2446E-03
 -1.378  0.2996E-03
 -1.368  0.3641E-03
 -1.358  0.4392E-03
 -1.348  0.5258E-03
 -1.338  0.6248E-03
 -1.328  0.7369E-03
 -1.318  0.8627E-03
 -1.308  0.1003E-02
 -1.298  0.1156E-02
 -1.288  0.1324E-02
 -1.278  0.1504E-02
 -1.268  0.1695E-02
 -1.258  0.1897E-02
 -1.248  0.2105E-02
 -1.238  0.2318E-02
 -1.228  0.2531E-02
 -1.218  0.2741E-02
 -1.208  0.2944E-02
 -1.198  0.3134E-02
 -1.188  0.3308E-02
 -1.178  0.3461E-02
 -1.168  0.3588E-02
 -1.158  0.3685E-02
 -1.148  0.3750E-02
 -1.138  0.3781E-02
 -1.128  0.3775E-02
 -1.118  0.3734E-02
 -1.108  0.3657E-02
 -1.098  0.3546E-02
 -1.088  0.3405E-02
 -1.078  0.3237E-02
 -1.068  0.3046E-02
 -1.058  0.2838E-02
 -1.048  0.2617E-02
 -1.038  0.2388E-02
 -1.028  0.2158E-02
 -1.018  0.1929E-02
 -1.008  0.1707E-02
 -0.998  0.1496E-02
 -0.988  0.1297E-02
 -0.978  0.1114E-02
 -0.968  0.9471E-03
 -0.958  0.7984E-03
 -0.948  0.6680E-03
 -0.938  0.5556E-03
 -0.928  0.4611E-03
 -0.918  0.3836E-03
 -0.908  0.3225E-03
 -0.898  0.2771E-03
 -0.888  0.2466E-03
 -0.878  0.2304E-03
 -0.868  0.2282E-03
 -0.858  0.2398E-03
 -0.848  0.2652E-03
 -0.838  0.3046E-03
 -0.828  0.3583E-03
 -0.818  0.4267E-03
 -0.808  0.5104E-03
 -0.798  0.6095E-03
 -0.788  0.7244E-03
 -0.778  0.8550E-03
 -0.768  0.1001E-02
 -0.758  0.1162E-02
 -0.748  0.1336E-02
 -0.738  0.1522E-02
 -0.728  0.1718E-02
 -0.718  0.1922E-02
 -0.708  0.2131E-02
 -0.698  0.2342E-02
 -0.688  0.2554E-02
 -0.678  0.2763E-02
 -0.668  0.2968E-02
 -0.658  0.3167E-02
 -0.648  0.3360E-02
 -0.638  0.3546E-02
 -0.628  0.3726E-02
 -0.618  0.3903E-02
 -0.608  0.4078E-02
 -0.598  0.4256E-02
 -0.588  0.4439E-02
 -0.578  0.4632E-02
 -0.568  0.4837E-02
 -0.558  0.5059E-02
 -0.548  0.5299E-02
 -0.538  0.5558E-02
 -0.528  0.5837E-02
 -0.518  0.6131E-02
 -0.508  0.6439E-02
 -0.498  0.6755E-02
 -0.488  0.7071E-02
 -0.478  0.7379E-02
 -0.468  0.7671E-02
 -0.458  0.7935E-02
 -0.448  0.8164E-02
 -0.438  0.8348E-02
 -0.428  0.8479E-02
 -0.418  0.8549E-02
 -0.408  0.8556E-02
 -0.398  0.8495E-02
 -0.388  0.8368E-02
 -0.378  0.8176E-02
 -0.368  0.7924E-02
 -0.358  0.7618E-02
 -0.348  0.7266E-02
 -0.338  0.6878E-02
 -0.328  0.6464E-02
 -0.318  0.6034E-02
 -0.308  0.5599E-02
 -0.298  0.5168E-02
 -0.288  0.4749E-02
 -0.278  0.4351E-02
 -0.268  0.3979E-02
 -0.258  0.3637E-02
 -0.248  0.3327E-02
 -0.238  0.3051E-02
 -0.228  0.2808E-02
 -0.218  0.2595E-02
 -0.208  0.2411E-02
 -0.198  0.2252E-02
 -0.188  0.2115E-02
 -0.178  0.1995E-02
 -0.168  0.1889E-02
 -0.158  0.1794E-02
 -0.148  0.1707E-02
 -0.138  0.1626E-02
 -0.128  0.1550E-02
 -0.118  0.1480E-02
 -0.108  0.1414E-02
 -0.098  0.1355E-02
 -0.088  0.1305E-02
 -0.078  0.1265E-02
 -0.068  0.1239E-02
 -0.058  0.1229E-02
 -0.048  0.1238E-02
 -0.038  0.1269E-02
 -0.028  0.1326E-02
 -0.018  0.1409E-02
 -0.008  0.1522E-02
  0.002  0.1665E-02
  0.012  0.1839E-02
  0.022  0.2043E-02
  0.032  0.2277E-02
  0.042  0.2539E-02
  0.052  0.2826E-02
  0.062  0.3135E-02
  0.072  0.3462E-02
  0.082  0.3801E-02
  0.092  0.4147E-02
  0.102  0.4496E-02
  0.112  0.4839E-02
  0.122  0.5172E-02
  0.132  0.5488E-02
  0.142  0.5781E-02
  0.152  0.6044E-02
  0.162  0.6274E-02
  0.172  0.6465E-02
  0.182  0.6614E-02
  0.192  0.6718E-02
  0.202  0.6776E-02
  0.212  0.6788E-02
  0.222  0.6754E-02
  0.232  0.6677E-02
  0.242  0.6560E-02
  0.252  0.6408E-02
  0.262  0.6225E-02
  0.272  0.6017E-02
  0.282  0.5790E-02
  0.292  0.5551E-02
  0.302  0.5305E-02
  0.312  0.5057E-02
  0.322  0.4813E-02
  0.332  0.4576E-02
  0.342  0.4350E-02
  0.352  0.4135E-02
  0.362  0.3933E-02
  0.372  0.3744E-02
  0.382  0.3566E-02
  0.392  0.3398E-02
  0.402  0.3238E-02
  0.412  0.3083E-02
  0.422  0.2932E-02
  0.432  0.2781E-02
  0.442  0.2631E-02
  0.452  0.2478E-02
  0.462  0.2323E-02
  0.472  0.2165E-02
  0.482  0.2005E-02
  0.492  0.1844E-02
  0.502  0.1683E-02
  0.512  0.1523E-02
  0.522  0.1367E-02
  0.532  0.1216E-02
  0.542  0.1072E-02
  0.552  0.9362E-03
  0.562  0.8096E-03
  0.572  0.6932E-03
  0.582  0.5877E-03
  0.592  0.4932E-03
  0.602  0.4097E-03
  0.612  0.3368E-03
  0.622  0.2741E-03
  0.632  0.2207E-03
  0.642  0.1759E-03
  0.652  0.1387E-03
  0.662  0.1082E-03
  0.672  0.8354E-04
  0.682  0.6381E-04
  0.692  0.4823E-04
  0.702  0.3607E-04
  0.712  0.2669E-04
  0.722  0.1954E-04
  0.732  0.1415E-04
  0.742  0.1014E-04
  0.752  0.7192E-05
  0.762  0.5046E-05
  0.772  0.3502E-05
  0.782  0.2405E-05
  0.792  0.1634E-05
  0.802  0.1098E-05
  0.812  0.7304E-06
  0.822  0.4806E-06
  0.832  0.3129E-06
  0.842  0.2015E-06
