 -5.548  0.4592E-06
 -5.538  0.7099E-06
 -5.528  0.1086E-05
 -5.518  0.1643E-05
 -5.508  0.2459E-05
 -5.498  0.3641E-05
 -5.488  0.5333E-05
 -5.478  0.7728E-05
 -5.468  0.1108E-04
 -5.458  0.1571E-04
 -5.448  0.2205E-04
 -5.438  0.3061E-04
 -5.428  0.4203E-04
 -5.418  0.5711E-04
 -5.408  0.7677E-04
 -5.398  0.1021E-03
 -5.388  0.1344E-03
 -5.378  0.1749E-03
 -5.368  0.2253E-03
 -5.358  0.2873E-03
 -5.348  0.3624E-03
 -5.338  0.4523E-03
 -5.328  0.5589E-03
 -5.318  0.6834E-03
 -5.308  0.8272E-03
 -5.298  0.9911E-03
 -5.288  0.1176E-02
 -5.278  0.1381E-02
 -5.268  0.1607E-02
 -5.258  0.1853E-02
 -5.248  0.2116E-02
 -5.238  0.2396E-02
 -5.228  0.2689E-02
 -5.218  0.2994E-02
 -5.208  0.3308E-02
 -5.198  0.3629E-02
 -5.188  0.3954E-02
 -5.178  0.4282E-02
 -5.168  0.4613E-02
 -5.158  0.4946E-02
 -5.148  0.5282E-02
 -5.138  0.5623E-02
 -5.128  0.5972E-02
 -5.118  0.6331E-02
 -5.108  0.6704E-02
 -5.098  0.7095E-02
 -5.088  0.7509E-02
 -5.078  0.7949E-02
 -5.068  0.8417E-02
 -5.058  0.8917E-02
 -5.048  0.9449E-02
 -5.038  0.1001E-01
 -5.028  0.1061E-01
 -5.018  0.1124E-01
 -5.008  0.1188E-01
 -4.998  0.1255E-01
 -4.988  0.1323E-01
 -4.978  0.1392E-01
 -4.968  0.1459E-01
 -4.958  0.1526E-01
 -4.948  0.1590E-01
 -4.938  0.1650E-01
 -4.928  0.1705E-01
 -4.918  0.1755E-01
 -4.908  0.1798E-01
 -4.898  0.1834E-01
 -4.888  0.1861E-01
 -4.878  0.1880E-01
 -4.868  0.1889E-01
 -4.858  0.1889E-01
 -4.848  0.1879E-01
 -4.838  0.1861E-01
 -4.828  0.1833E-01
 -4.818  0.1796E-01
 -4.808  0.1751E-01
 -4.798  0.1699E-01
 -4.788  0.1641E-01
 -4.778  0.1576E-01
 -4.768  0.1506E-01
 -4.758  0.1432E-01
 -4.748  0.1355E-01
 -4.738  0.1275E-01
 -4.728  0.1193E-01
 -4.718  0.1109E-01
 -4.708  0.1026E-01
 -4.698  0.9426E-02
 -4.688  0.8606E-02
 -4.678  0.7804E-02
 -4.668  0.7028E-02
 -4.658  0.6282E-02
 -4.648  0.5574E-02
 -4.638  0.4906E-02
 -4.628  0.4284E-02
 -4.618  0.3709E-02
 -4.608  0.3184E-02
 -4.598  0.2709E-02
 -4.588  0.2285E-02
 -4.578  0.1909E-02
 -4.568  0.1580E-02
 -4.558  0.1295E-02
 -4.548  0.1052E-02
 -4.538  0.8456E-03
 -4.528  0.6732E-03
 -4.518  0.5306E-03
 -4.508  0.4139E-03
 -4.498  0.3197E-03
 -4.488  0.2444E-03
 -4.478  0.1849E-03
 -4.468  0.1384E-03
 -4.458  0.1026E-03
 -4.448  0.7520E-04
 -4.438  0.5456E-04
 -4.428  0.3917E-04
 -4.418  0.2782E-04
 -4.408  0.1955E-04
 -4.398  0.1360E-04
 -4.388  0.9356E-05
 -4.378  0.6369E-05
 -4.368  0.4289E-05
 -4.358  0.2858E-05
 -4.348  0.1884E-05
 -4.338  0.1229E-05
 -4.328  0.7927E-06
 -4.318  0.5060E-06
 -4.308  0.3195E-06
 -4.298  0.1996E-06
 -4.288  0.1234E-06
 -4.278  0.7543E-07
 -4.268  0.4562E-07
 -4.258  0.2730E-07
 -4.248  0.1616E-07
 -4.238  0.9463E-08
 -4.228  0.5482E-08
 -4.218  0.3142E-08
 -4.208  0.1781E-08
 -4.198  0.9991E-09
 -4.188  0.5543E-09
 -4.178  0.3043E-09
 -4.168  0.1652E-09
 -4.158  0.8875E-10
 -4.148  0.4716E-10
 -4.138  0.2479E-10
 -4.128  0.1289E-10
 -4.118  0.6632E-11
 -4.108  0.3375E-11
 -4.098  0.1699E-11
 -4.088  0.8464E-12
 -4.078  0.4170E-12
 -4.068  0.2033E-12
 -4.058  0.9800E-13
 -4.048  0.4675E-13
 -4.038  0.2206E-13
 -4.028  0.1030E-13
 -4.018  0.4755E-14
 -4.008  0.2172E-14
 -3.998  0.9815E-15
 -3.988  0.4388E-15
 -3.978  0.1941E-15
 -3.968  0.8490E-16
 -3.958  0.3674E-16
 -3.948  0.1573E-16
 -3.938  0.6663E-17
 -3.928  0.2792E-17
 -3.918  0.1157E-17
 -3.908  0.4745E-18
 -3.898  0.1925E-18
 -3.888  0.7723E-19
 -3.878  0.3066E-19
 -3.868  0.1204E-19
 -3.858  0.4677E-20
 -3.848  0.1797E-20
 -3.838  0.6833E-21
 -3.828  0.2570E-21
 -3.818  0.9561E-22
 -3.808  0.3519E-22
 -3.798  0.1281E-22
 -3.788  0.4614E-23
 -3.778  0.1644E-23
 -3.768  0.5795E-24
 -3.758  0.2021E-24
 -3.748  0.6971E-25
 -3.738  0.2379E-25
 -3.728  0.8030E-26
 -3.718  0.2682E-26
 -3.708  0.8859E-27
 -3.698  0.2895E-27
 -3.688  0.9360E-28
 -3.678  0.2993E-28
 -3.668  0.9471E-29
 -3.658  0.2964E-29
 -3.648  0.9178E-30
 -3.638  0.2811E-30
 -3.628  0.8518E-31
 -3.618  0.2553E-31
 -3.608  0.7571E-32
 -3.598  0.2221E-32
 -3.588  0.6444E-33
 -3.578  0.1850E-33
 -3.568  0.5254E-34
 -3.558  0.1476E-34
 -3.548  0.4102E-35
 -3.538  0.1128E-35
 -3.528  0.3067E-36
 -3.518  0.8252E-37
 -3.508  0.2196E-37
 -3.498  0.5783E-38
 -3.488  0.1506E-38
 -3.478  0.3881E-39
 -3.468  0.9894E-40
 -3.458  0.2495E-40
 -3.448  0.6223E-41
 -3.438  0.1536E-41
 -3.428  0.3749E-42
 -3.418  0.9054E-43
 -3.408  0.2163E-43
 -3.398  0.5112E-44
 -3.388  0.1195E-44
 -3.378  0.2764E-45
 -3.368  0.6325E-46
 -3.358  0.1432E-46
 -3.348  0.3205E-47
 -3.338  0.7100E-48
 -3.328  0.1556E-48
 -3.318  0.3372E-49
 -3.308  0.7232E-50
 -3.298  0.1534E-50
 -3.288  0.3219E-51
 -3.278  0.6683E-52
 -3.268  0.1373E-52
 -3.258  0.2788E-53
 -3.248  0.5604E-54
 -3.238  0.1114E-54
 -3.228  0.2191E-55
 -3.218  0.4264E-56
 -3.208  0.8207E-57
 -3.198  0.1563E-57
 -3.188  0.2944E-58
 -3.178  0.5485E-59
 -3.168  0.1011E-59
 -3.158  0.1844E-60
 -3.148  0.3326E-61
 -3.138  0.5936E-62
 -3.128  0.1048E-62
 -3.118  0.1830E-63
 -3.108  0.3162E-64
 -3.098  0.5404E-65
 -3.088  0.9137E-66
 -3.078  0.1528E-66
 -3.068  0.2529E-67
 -3.058  0.4139E-68
 -3.048  0.6702E-69
 -3.038  0.1074E-69
 -3.028  0.1701E-70
 -3.018  0.2667E-71
 -3.008  0.4136E-72
 -2.998  0.6362E-73
 -2.988  0.1085E-73
 -2.978  0.9561E-74
 -2.968  0.5344E-73
 -2.958  0.3454E-72
 -2.948  0.2216E-71
 -2.938  0.1407E-70
 -2.928  0.8839E-70
 -2.918  0.5492E-69
 -2.908  0.3376E-68
 -2.898  0.2053E-67
 -2.888  0.1235E-66
 -2.878  0.7349E-66
 -2.868  0.4326E-65
 -2.858  0.2519E-64
 -2.848  0.1451E-63
 -2.838  0.8272E-63
 -2.828  0.4664E-62
 -2.818  0.2601E-61
 -2.808  0.1435E-60
 -2.798  0.7833E-60
 -2.788  0.4229E-59
 -2.778  0.2259E-58
 -2.768  0.1194E-57
 -2.758  0.6240E-57
 -2.748  0.3227E-56
 -2.738  0.1651E-55
 -2.728  0.8353E-55
 -2.718  0.4182E-54
 -2.708  0.2071E-53
 -2.698  0.1015E-52
 -2.688  0.4917E-52
 -2.678  0.2357E-51
 -2.668  0.1118E-50
 -2.658  0.5246E-50
 -2.648  0.2435E-49
 -2.638  0.1118E-48
 -2.628  0.5078E-48
 -2.618  0.2282E-47
 -2.608  0.1014E-46
 -2.598  0.4461E-46
 -2.588  0.1940E-45
 -2.578  0.8351E-45
 -2.568  0.3555E-44
 -2.558  0.1497E-43
 -2.548  0.6237E-43
 -2.538  0.2571E-42
 -2.528  0.1048E-41
 -2.518  0.4227E-41
 -2.508  0.1687E-40
 -2.498  0.6658E-40
 -2.488  0.2600E-39
 -2.478  0.1004E-38
 -2.468  0.3837E-38
 -2.458  0.1450E-37
 -2.448  0.5424E-37
 -2.438  0.2006E-36
 -2.428  0.7343E-36
 -2.418  0.2658E-35
 -2.408  0.9520E-35
 -2.398  0.3373E-34
 -2.388  0.1182E-33
 -2.378  0.4099E-33
 -2.368  0.1406E-32
 -2.358  0.4770E-32
 -2.348  0.1601E-31
 -2.338  0.5316E-31
 -2.328  0.1746E-30
 -2.318  0.5674E-30
 -2.308  0.1824E-29
 -2.298  0.5801E-29
 -2.288  0.1825E-28
 -2.278  0.5679E-28
 -2.268  0.1748E-27
 -2.258  0.5325E-27
 -2.248  0.1604E-26
 -2.238  0.4781E-26
 -2.228  0.1410E-25
 -2.218  0.4112E-25
 -2.208  0.1186E-24
 -2.198  0.3387E-24
 -2.188  0.9563E-24
 -2.178  0.2671E-23
 -2.168  0.7382E-23
 -2.158  0.2018E-22
 -2.148  0.5457E-22
 -2.138  0.1460E-21
 -2.128  0.3864E-21
 -2.118  0.1011E-20
 -2.108  0.2620E-20
 -2.098  0.6712E-20
 -2.088  0.1701E-19
 -2.078  0.4265E-19
 -2.068  0.1058E-18
 -2.058  0.2596E-18
 -2.048  0.6302E-18
 -2.038  0.1513E-17
 -2.028  0.3595E-17
 -2.018  0.8448E-17
 -2.008  0.1964E-16
 -1.998  0.4517E-16
 -1.988  0.1028E-15
 -1.978  0.2313E-15
 -1.968  0.5149E-15
 -1.958  0.1134E-14
 -1.948  0.2471E-14
 -1.938  0.5327E-14
 -1.928  0.1136E-13
 -1.918  0.2396E-13
 -1.908  0.5001E-13
 -1.898  0.1032E-12
 -1.888  0.2108E-12
 -1.878  0.4260E-12
 -1.868  0.8515E-12
 -1.858  0.1684E-11
 -1.848  0.3293E-11
 -1.838  0.6373E-11
 -1.828  0.1220E-10
 -1.818  0.2311E-10
 -1.808  0.4330E-10
 -1.798  0.8026E-10
 -1.788  0.1472E-09
 -1.778  0.2670E-09
 -1.768  0.4792E-09
 -1.758  0.8510E-09
 -1.748  0.1495E-08
 -1.738  0.2598E-08
 -1.728  0.4468E-08
 -1.718  0.7601E-08
 -1.708  0.1279E-07
 -1.698  0.2131E-07
 -1.688  0.3511E-07
 -1.678  0.5723E-07
 -1.668  0.9233E-07
 -1.658  0.1474E-06
 -1.648  0.2327E-06
 -1.638  0.3637E-06
 -1.628  0.5625E-06
 -1.618  0.8609E-06
 -1.608  0.1304E-05
 -1.598  0.1955E-05
 -1.588  0.2900E-05
 -1.578  0.4258E-05
 -1.568  0.6188E-05
 -1.558  0.8903E-05
 -1.548  0.1268E-04
 -1.538  0.1788E-04
 -1.528  0.2496E-04
 -1.518  0.3451E-04
 -1.508  0.4724E-04
 -1.498  0.6406E-04
 -1.488  0.8602E-04
 -1.478  0.1144E-03
 -1.468  0.1508E-03
 -1.458  0.1970E-03
 -1.448  0.2549E-03
 -1.438  0.3270E-03
 -1.428  0.4157E-03
 -1.418  0.5239E-03
 -1.408  0.6548E-03
 -1.398  0.8115E-03
 -1.388  0.9974E-03
 -1.378  0.1216E-02
 -1.368  0.1471E-02
 -1.358  0.1765E-02
 -1.348  0.2101E-02
 -1.338  0.2482E-02
 -1.328  0.2910E-02
 -1.318  0.3385E-02
 -1.308  0.3909E-02
 -1.298  0.4479E-02
 -1.288  0.5094E-02
 -1.278  0.5748E-02
 -1.268  0.6437E-02
 -1.258  0.7152E-02
 -1.248  0.7884E-02
 -1.238  0.8623E-02
 -1.228  0.9354E-02
 -1.218  0.1006E-01
 -1.208  0.1074E-01
 -1.198  0.1136E-01
 -1.188  0.1192E-01
 -1.178  0.1239E-01
 -1.168  0.1277E-01
 -1.158  0.1304E-01
 -1.148  0.1319E-01
 -1.138  0.1323E-01
 -1.128  0.1314E-01
 -1.118  0.1292E-01
 -1.108  0.1259E-01
 -1.098  0.1215E-01
 -1.088  0.1161E-01
 -1.078  0.1098E-01
 -1.068  0.1029E-01
 -1.058  0.9541E-02
 -1.048  0.8758E-02
 -1.038  0.7959E-02
 -1.028  0.7159E-02
 -1.018  0.6373E-02
 -1.008  0.5617E-02
 -0.998  0.4900E-02
 -0.988  0.4231E-02
 -0.978  0.3618E-02
 -0.968  0.3065E-02
 -0.958  0.2573E-02
 -0.948  0.2144E-02
 -0.938  0.1776E-02
 -0.928  0.1468E-02
 -0.918  0.1216E-02
 -0.908  0.1019E-02
 -0.898  0.8726E-03
 -0.888  0.7746E-03
 -0.878  0.7229E-03
 -0.868  0.7161E-03
 -0.858  0.7535E-03
 -0.848  0.8350E-03
 -0.838  0.9614E-03
 -0.828  0.1134E-02
 -0.818  0.1353E-02
 -0.808  0.1622E-02
 -0.798  0.1941E-02
 -0.788  0.2311E-02
 -0.778  0.2733E-02
 -0.768  0.3206E-02
 -0.758  0.3728E-02
 -0.748  0.4295E-02
 -0.738  0.4902E-02
 -0.728  0.5545E-02
 -0.718  0.6214E-02
 -0.708  0.6904E-02
 -0.698  0.7603E-02
 -0.688  0.8305E-02
 -0.678  0.9001E-02
 -0.668  0.9684E-02
 -0.658  0.1035E-01
 -0.648  0.1099E-01
 -0.638  0.1161E-01
 -0.628  0.1221E-01
 -0.618  0.1280E-01
 -0.608  0.1338E-01
 -0.598  0.1396E-01
 -0.588  0.1456E-01
 -0.578  0.1519E-01
 -0.568  0.1586E-01
 -0.558  0.1659E-01
 -0.548  0.1738E-01
 -0.538  0.1824E-01
 -0.528  0.1917E-01
 -0.518  0.2017E-01
 -0.508  0.2122E-01
 -0.498  0.2232E-01
 -0.488  0.2343E-01
 -0.478  0.2455E-01
 -0.468  0.2562E-01
 -0.458  0.2663E-01
 -0.448  0.2754E-01
 -0.438  0.2831E-01
 -0.428  0.2892E-01
 -0.418  0.2934E-01
 -0.408  0.2956E-01
 -0.398  0.2955E-01
 -0.388  0.2932E-01
 -0.378  0.2886E-01
 -0.368  0.2820E-01
 -0.358  0.2734E-01
 -0.348  0.2632E-01
 -0.338  0.2516E-01
 -0.328  0.2391E-01
 -0.318  0.2258E-01
 -0.308  0.2123E-01
 -0.298  0.1988E-01
 -0.288  0.1857E-01
 -0.278  0.1731E-01
 -0.268  0.1614E-01
 -0.258  0.1507E-01
 -0.248  0.1409E-01
 -0.238  0.1323E-01
 -0.228  0.1247E-01
 -0.218  0.1181E-01
 -0.208  0.1123E-01
 -0.198  0.1073E-01
 -0.188  0.1028E-01
 -0.178  0.9870E-02
 -0.168  0.9487E-02
 -0.158  0.9117E-02
 -0.148  0.8749E-02
 -0.138  0.8376E-02
 -0.128  0.7995E-02
 -0.118  0.7603E-02
 -0.108  0.7205E-02
 -0.098  0.6804E-02
 -0.088  0.6410E-02
 -0.078  0.6031E-02
 -0.068  0.5679E-02
 -0.058  0.5365E-02
 -0.048  0.5100E-02
 -0.038  0.4895E-02
 -0.028  0.4760E-02
 -0.018  0.4702E-02
 -0.008  0.4729E-02
  0.002  0.4842E-02
  0.012  0.5046E-02
  0.022  0.5338E-02
  0.032  0.5717E-02
  0.042  0.6176E-02
  0.052  0.6708E-02
  0.062  0.7305E-02
  0.072  0.7954E-02
  0.082  0.8645E-02
  0.092  0.9364E-02
  0.102  0.1010E-01
  0.112  0.1083E-01
  0.122  0.1154E-01
  0.132  0.1223E-01
  0.142  0.1287E-01
  0.152  0.1345E-01
  0.162  0.1397E-01
  0.172  0.1441E-01
  0.182  0.1477E-01
  0.192  0.1503E-01
  0.202  0.1521E-01
  0.212  0.1529E-01
  0.222  0.1529E-01
  0.232  0.1519E-01
  0.242  0.1502E-01
  0.252  0.1479E-01
  0.262  0.1449E-01
  0.272  0.1415E-01
  0.282  0.1378E-01
  0.292  0.1338E-01
  0.302  0.1298E-01
  0.312  0.1257E-01
  0.322  0.1217E-01
  0.332  0.1179E-01
  0.342  0.1142E-01
  0.352  0.1107E-01
  0.362  0.1074E-01
  0.372  0.1042E-01
  0.382  0.1011E-01
  0.392  0.9799E-02
  0.402  0.9486E-02
  0.412  0.9162E-02
  0.422  0.8822E-02
  0.432  0.8460E-02
  0.442  0.8075E-02
  0.452  0.7665E-02
  0.462  0.7229E-02
  0.472  0.6772E-02
  0.482  0.6295E-02
  0.492  0.5806E-02
  0.502  0.5309E-02
  0.512  0.4813E-02
  0.522  0.4323E-02
  0.532  0.3847E-02
  0.542  0.3390E-02
  0.552  0.2959E-02
  0.562  0.2557E-02
  0.572  0.2187E-02
  0.582  0.1852E-02
  0.592  0.1552E-02
  0.602  0.1288E-02
  0.612  0.1057E-02
  0.622  0.8587E-03
  0.632  0.6904E-03
  0.642  0.5492E-03
  0.652  0.4323E-03
  0.662  0.3367E-03
  0.672  0.2595E-03
  0.682  0.1979E-03
  0.692  0.1493E-03
  0.702  0.1114E-03
  0.712  0.8231E-04
  0.722  0.6015E-04
  0.732  0.4349E-04
  0.742  0.3111E-04
  0.752  0.2202E-04
  0.762  0.1542E-04
  0.772  0.1068E-04
  0.782  0.7323E-05
  0.792  0.4967E-05
  0.802  0.3333E-05
  0.812  0.2213E-05
  0.822  0.1453E-05
  0.832  0.9445E-06
  0.842  0.6072E-06
