 -5.548  0.6465E-08
 -5.538  0.9999E-08
 -5.528  0.1530E-07
 -5.518  0.2316E-07
 -5.508  0.3469E-07
 -5.498  0.5142E-07
 -5.488  0.7539E-07
 -5.478  0.1094E-06
 -5.468  0.1570E-06
 -5.458  0.2231E-06
 -5.448  0.3136E-06
 -5.438  0.4364E-06
 -5.428  0.6009E-06
 -5.418  0.8191E-06
 -5.408  0.1105E-05
 -5.398  0.1477E-05
 -5.388  0.1954E-05
 -5.378  0.2560E-05
 -5.368  0.3322E-05
 -5.358  0.4272E-05
 -5.348  0.5445E-05
 -5.338  0.6878E-05
 -5.328  0.8618E-05
 -5.318  0.1071E-04
 -5.308  0.1321E-04
 -5.298  0.1618E-04
 -5.288  0.1968E-04
 -5.278  0.2379E-04
 -5.268  0.2859E-04
 -5.258  0.3419E-04
 -5.248  0.4069E-04
 -5.238  0.4822E-04
 -5.228  0.5693E-04
 -5.218  0.6698E-04
 -5.208  0.7858E-04
 -5.198  0.9191E-04
 -5.188  0.1072E-03
 -5.178  0.1248E-03
 -5.168  0.1449E-03
 -5.158  0.1678E-03
 -5.148  0.1939E-03
 -5.138  0.2235E-03
 -5.128  0.2573E-03
 -5.118  0.2958E-03
 -5.108  0.3397E-03
 -5.098  0.3902E-03
 -5.088  0.4486E-03
 -5.078  0.5168E-03
 -5.068  0.5975E-03
 -5.058  0.6941E-03
 -5.048  0.8112E-03
 -5.038  0.9546E-03
 -5.028  0.1132E-02
 -5.018  0.1352E-02
 -5.008  0.1626E-02
 -4.998  0.1968E-02
 -4.988  0.2392E-02
 -4.978  0.2917E-02
 -4.968  0.3562E-02
 -4.958  0.4346E-02
 -4.948  0.5291E-02
 -4.938  0.6418E-02
 -4.928  0.7745E-02
 -4.918  0.9290E-02
 -4.908  0.1106E-01
 -4.898  0.1307E-01
 -4.888  0.1532E-01
 -4.878  0.1779E-01
 -4.868  0.2047E-01
 -4.858  0.2332E-01
 -4.848  0.2631E-01
 -4.838  0.2938E-01
 -4.828  0.3248E-01
 -4.818  0.3554E-01
 -4.808  0.3848E-01
 -4.798  0.4122E-01
 -4.788  0.4370E-01
 -4.778  0.4583E-01
 -4.768  0.4756E-01
 -4.758  0.4883E-01
 -4.748  0.4960E-01
 -4.738  0.4984E-01
 -4.728  0.4955E-01
 -4.718  0.4873E-01
 -4.708  0.4742E-01
 -4.698  0.4564E-01
 -4.688  0.4346E-01
 -4.678  0.4094E-01
 -4.668  0.3815E-01
 -4.658  0.3518E-01
 -4.648  0.3208E-01
 -4.638  0.2894E-01
 -4.628  0.2583E-01
 -4.618  0.2281E-01
 -4.608  0.1992E-01
 -4.598  0.1722E-01
 -4.588  0.1472E-01
 -4.578  0.1244E-01
 -4.568  0.1041E-01
 -4.558  0.8615E-02
 -4.548  0.7053E-02
 -4.538  0.5712E-02
 -4.528  0.4576E-02
 -4.518  0.3627E-02
 -4.508  0.2844E-02
 -4.498  0.2206E-02
 -4.488  0.1692E-02
 -4.478  0.1285E-02
 -4.468  0.9646E-03
 -4.458  0.7165E-03
 -4.448  0.5265E-03
 -4.438  0.3828E-03
 -4.428  0.2753E-03
 -4.418  0.1958E-03
 -4.408  0.1378E-03
 -4.398  0.9594E-04
 -4.388  0.6608E-04
 -4.378  0.4502E-04
 -4.368  0.3034E-04
 -4.358  0.2023E-04
 -4.348  0.1334E-04
 -4.338  0.8707E-05
 -4.328  0.5620E-05
 -4.318  0.3589E-05
 -4.308  0.2267E-05
 -4.298  0.1417E-05
 -4.288  0.8758E-06
 -4.278  0.5356E-06
 -4.268  0.3240E-06
 -4.258  0.1939E-06
 -4.248  0.1148E-06
 -4.238  0.6724E-07
 -4.228  0.3896E-07
 -4.218  0.2233E-07
 -4.208  0.1266E-07
 -4.198  0.7101E-08
 -4.188  0.3940E-08
 -4.178  0.2163E-08
 -4.168  0.1175E-08
 -4.158  0.6309E-09
 -4.148  0.3353E-09
 -4.138  0.1763E-09
 -4.128  0.9167E-10
 -4.118  0.4716E-10
 -4.108  0.2400E-10
 -4.098  0.1208E-10
 -4.088  0.6018E-11
 -4.078  0.2965E-11
 -4.068  0.1445E-11
 -4.058  0.6969E-12
 -4.048  0.3324E-12
 -4.038  0.1569E-12
 -4.028  0.7322E-13
 -4.018  0.3381E-13
 -4.008  0.1545E-13
 -3.998  0.6980E-14
 -3.988  0.3121E-14
 -3.978  0.1380E-14
 -3.968  0.6038E-15
 -3.958  0.2613E-15
 -3.948  0.1119E-15
 -3.938  0.4739E-16
 -3.928  0.1985E-16
 -3.918  0.8229E-17
 -3.908  0.3374E-17
 -3.898  0.1369E-17
 -3.888  0.5492E-18
 -3.878  0.2180E-18
 -3.868  0.8562E-19
 -3.858  0.3326E-19
 -3.848  0.1278E-19
 -3.838  0.4859E-20
 -3.828  0.1828E-20
 -3.818  0.6799E-21
 -3.808  0.2503E-21
 -3.798  0.9111E-22
 -3.788  0.3282E-22
 -3.778  0.1169E-22
 -3.768  0.4122E-23
 -3.758  0.1437E-23
 -3.748  0.4958E-24
 -3.738  0.1692E-24
 -3.728  0.5711E-25
 -3.718  0.1907E-25
 -3.708  0.6300E-26
 -3.698  0.2059E-26
 -3.688  0.6656E-27
 -3.678  0.2129E-27
 -3.668  0.6735E-28
 -3.658  0.2108E-28
 -3.648  0.6527E-29
 -3.638  0.1999E-29
 -3.628  0.6058E-30
 -3.618  0.1816E-30
 -3.608  0.5384E-31
 -3.598  0.1579E-31
 -3.588  0.4583E-32
 -3.578  0.1316E-32
 -3.568  0.3736E-33
 -3.558  0.1050E-33
 -3.548  0.2917E-34
 -3.538  0.8020E-35
 -3.528  0.2181E-35
 -3.518  0.5869E-36
 -3.508  0.1562E-36
 -3.498  0.4113E-37
 -3.488  0.1071E-37
 -3.478  0.2760E-38
 -3.468  0.7037E-39
 -3.458  0.1774E-39
 -3.448  0.4426E-40
 -3.438  0.1092E-40
 -3.428  0.2666E-41
 -3.418  0.6440E-42
 -3.408  0.1538E-42
 -3.398  0.3636E-43
 -3.388  0.8501E-44
 -3.378  0.1966E-44
 -3.368  0.4498E-45
 -3.358  0.1018E-45
 -3.348  0.2280E-46
 -3.338  0.5050E-47
 -3.328  0.1106E-47
 -3.318  0.2399E-48
 -3.308  0.5143E-49
 -3.298  0.1091E-49
 -3.288  0.2290E-50
 -3.278  0.4753E-51
 -3.268  0.9762E-52
 -3.258  0.1983E-52
 -3.248  0.3986E-53
 -3.238  0.7925E-54
 -3.228  0.1559E-54
 -3.218  0.3033E-55
 -3.208  0.5837E-56
 -3.198  0.1111E-56
 -3.188  0.2094E-57
 -3.178  0.3901E-58
 -3.168  0.7192E-59
 -3.158  0.1311E-59
 -3.148  0.2366E-60
 -3.138  0.4222E-61
 -3.128  0.7454E-62
 -3.118  0.1302E-62
 -3.108  0.2249E-63
 -3.098  0.3844E-64
 -3.088  0.6499E-65
 -3.078  0.1087E-65
 -3.068  0.1798E-66
 -3.058  0.2944E-67
 -3.048  0.4767E-68
 -3.038  0.7636E-69
 -3.028  0.1210E-69
 -3.018  0.1897E-70
 -3.008  0.2941E-71
 -2.998  0.4519E-72
 -2.988  0.7323E-73
 -2.978  0.4178E-73
 -2.968  0.2081E-72
 -2.958  0.1341E-71
 -2.948  0.8603E-71
 -2.938  0.5462E-70
 -2.928  0.3431E-69
 -2.918  0.2132E-68
 -2.908  0.1310E-67
 -2.898  0.7969E-67
 -2.888  0.4793E-66
 -2.878  0.2853E-65
 -2.868  0.1679E-64
 -2.858  0.9779E-64
 -2.848  0.5634E-63
 -2.838  0.3211E-62
 -2.828  0.1810E-61
 -2.818  0.1010E-60
 -2.808  0.5570E-60
 -2.798  0.3040E-59
 -2.788  0.1642E-58
 -2.778  0.8769E-58
 -2.768  0.4633E-57
 -2.758  0.2422E-56
 -2.748  0.1252E-55
 -2.738  0.6407E-55
 -2.728  0.3242E-54
 -2.718  0.1623E-53
 -2.708  0.8038E-53
 -2.698  0.3938E-52
 -2.688  0.1909E-51
 -2.678  0.9150E-51
 -2.668  0.4340E-50
 -2.658  0.2036E-49
 -2.648  0.9451E-49
 -2.638  0.4340E-48
 -2.628  0.1971E-47
 -2.618  0.8858E-47
 -2.608  0.3937E-46
 -2.598  0.1731E-45
 -2.588  0.7532E-45
 -2.578  0.3241E-44
 -2.568  0.1380E-43
 -2.558  0.5811E-43
 -2.548  0.2421E-42
 -2.538  0.9978E-42
 -2.528  0.4068E-41
 -2.518  0.1641E-40
 -2.508  0.6547E-40
 -2.498  0.2584E-39
 -2.488  0.1009E-38
 -2.478  0.3897E-38
 -2.468  0.1489E-37
 -2.458  0.5630E-37
 -2.448  0.2105E-36
 -2.438  0.7788E-36
 -2.428  0.2850E-35
 -2.418  0.1032E-34
 -2.408  0.3695E-34
 -2.398  0.1309E-33
 -2.388  0.4588E-33
 -2.378  0.1591E-32
 -2.368  0.5456E-32
 -2.358  0.1851E-31
 -2.348  0.6214E-31
 -2.338  0.2063E-30
 -2.328  0.6778E-30
 -2.318  0.2203E-29
 -2.308  0.7080E-29
 -2.298  0.2252E-28
 -2.288  0.7083E-28
 -2.278  0.2204E-27
 -2.268  0.6786E-27
 -2.258  0.2067E-26
 -2.248  0.6227E-26
 -2.238  0.1856E-25
 -2.228  0.5472E-25
 -2.218  0.1596E-24
 -2.208  0.4605E-24
 -2.198  0.1314E-23
 -2.188  0.3712E-23
 -2.178  0.1037E-22
 -2.168  0.2865E-22
 -2.158  0.7832E-22
 -2.148  0.2118E-21
 -2.138  0.5666E-21
 -2.128  0.1500E-20
 -2.118  0.3926E-20
 -2.108  0.1017E-19
 -2.098  0.2605E-19
 -2.088  0.6603E-19
 -2.078  0.1656E-18
 -2.068  0.4107E-18
 -2.058  0.1008E-17
 -2.048  0.2446E-17
 -2.038  0.5873E-17
 -2.028  0.1395E-16
 -2.018  0.3279E-16
 -2.008  0.7622E-16
 -1.998  0.1753E-15
 -1.988  0.3988E-15
 -1.978  0.8976E-15
 -1.968  0.1998E-14
 -1.958  0.4402E-14
 -1.948  0.9591E-14
 -1.938  0.2067E-13
 -1.928  0.4408E-13
 -1.918  0.9299E-13
 -1.908  0.1941E-12
 -1.898  0.4006E-12
 -1.888  0.8182E-12
 -1.878  0.1653E-11
 -1.868  0.3304E-11
 -1.858  0.6533E-11
 -1.848  0.1278E-10
 -1.838  0.2473E-10
 -1.828  0.4734E-10
 -1.818  0.8965E-10
 -1.808  0.1680E-09
 -1.798  0.3113E-09
 -1.788  0.5708E-09
 -1.778  0.1036E-08
 -1.768  0.1858E-08
 -1.758  0.3300E-08
 -1.748  0.5796E-08
 -1.738  0.1007E-07
 -1.728  0.1732E-07
 -1.718  0.2945E-07
 -1.708  0.4957E-07
 -1.698  0.8253E-07
 -1.688  0.1360E-06
 -1.678  0.2216E-06
 -1.668  0.3573E-06
 -1.658  0.5702E-06
 -1.648  0.9002E-06
 -1.638  0.1406E-05
 -1.628  0.2174E-05
 -1.618  0.3325E-05
 -1.608  0.5033E-05
 -1.598  0.7540E-05
 -1.588  0.1118E-04
 -1.578  0.1640E-04
 -1.568  0.2382E-04
 -1.558  0.3423E-04
 -1.548  0.4871E-04
 -1.538  0.6860E-04
 -1.528  0.9565E-04
 -1.518  0.1320E-03
 -1.508  0.1805E-03
 -1.498  0.2443E-03
 -1.488  0.3275E-03
 -1.478  0.4348E-03
 -1.468  0.5718E-03
 -1.458  0.7449E-03
 -1.448  0.9615E-03
 -1.438  0.1230E-02
 -1.428  0.1559E-02
 -1.418  0.1958E-02
 -1.408  0.2439E-02
 -1.398  0.3012E-02
 -1.388  0.3688E-02
 -1.378  0.4478E-02
 -1.368  0.5393E-02
 -1.358  0.6442E-02
 -1.348  0.7635E-02
 -1.338  0.8978E-02
 -1.328  0.1048E-01
 -1.318  0.1213E-01
 -1.308  0.1394E-01
 -1.298  0.1589E-01
 -1.288  0.1798E-01
 -1.278  0.2020E-01
 -1.268  0.2251E-01
 -1.258  0.2489E-01
 -1.248  0.2732E-01
 -1.238  0.2975E-01
 -1.228  0.3213E-01
 -1.218  0.3443E-01
 -1.208  0.3660E-01
 -1.198  0.3858E-01
 -1.188  0.4033E-01
 -1.178  0.4179E-01
 -1.168  0.4294E-01
 -1.158  0.4373E-01
 -1.148  0.4414E-01
 -1.138  0.4414E-01
 -1.128  0.4374E-01
 -1.118  0.4295E-01
 -1.108  0.4177E-01
 -1.098  0.4023E-01
 -1.088  0.3838E-01
 -1.078  0.3626E-01
 -1.068  0.3392E-01
 -1.058  0.3141E-01
 -1.048  0.2880E-01
 -1.038  0.2614E-01
 -1.028  0.2349E-01
 -1.018  0.2089E-01
 -1.008  0.1839E-01
 -0.998  0.1603E-01
 -0.988  0.1382E-01
 -0.978  0.1180E-01
 -0.968  0.9962E-02
 -0.958  0.8326E-02
 -0.948  0.6887E-02
 -0.938  0.5638E-02
 -0.928  0.4568E-02
 -0.918  0.3664E-02
 -0.908  0.2910E-02
 -0.898  0.2290E-02
 -0.888  0.1787E-02
 -0.878  0.1386E-02
 -0.868  0.1071E-02
 -0.858  0.8295E-03
 -0.848  0.6485E-03
 -0.838  0.5183E-03
 -0.828  0.4301E-03
 -0.818  0.3770E-03
 -0.808  0.3536E-03
 -0.798  0.3555E-03
 -0.788  0.3796E-03
 -0.778  0.4236E-03
 -0.768  0.4860E-03
 -0.758  0.5658E-03
 -0.748  0.6623E-03
 -0.738  0.7753E-03
 -0.728  0.9044E-03
 -0.718  0.1049E-02
 -0.708  0.1210E-02
 -0.698  0.1387E-02
 -0.688  0.1580E-02
 -0.678  0.1788E-02
 -0.668  0.2013E-02
 -0.658  0.2255E-02
 -0.648  0.2516E-02
 -0.638  0.2797E-02
 -0.628  0.3102E-02
 -0.618  0.3433E-02
 -0.608  0.3797E-02
 -0.598  0.4198E-02
 -0.588  0.4644E-02
 -0.578  0.5141E-02
 -0.568  0.5699E-02
 -0.558  0.6325E-02
 -0.548  0.7027E-02
 -0.538  0.7813E-02
 -0.528  0.8689E-02
 -0.518  0.9659E-02
 -0.508  0.1072E-01
 -0.498  0.1188E-01
 -0.488  0.1313E-01
 -0.478  0.1445E-01
 -0.468  0.1584E-01
 -0.458  0.1728E-01
 -0.448  0.1874E-01
 -0.438  0.2020E-01
 -0.428  0.2162E-01
 -0.418  0.2299E-01
 -0.408  0.2426E-01
 -0.398  0.2541E-01
 -0.388  0.2640E-01
 -0.378  0.2721E-01
 -0.368  0.2782E-01
 -0.358  0.2821E-01
 -0.348  0.2837E-01
 -0.338  0.2830E-01
 -0.328  0.2800E-01
 -0.318  0.2749E-01
 -0.308  0.2678E-01
 -0.298  0.2589E-01
 -0.288  0.2486E-01
 -0.278  0.2371E-01
 -0.268  0.2246E-01
 -0.258  0.2116E-01
 -0.248  0.1984E-01
 -0.238  0.1851E-01
 -0.228  0.1721E-01
 -0.218  0.1595E-01
 -0.208  0.1475E-01
 -0.198  0.1362E-01
 -0.188  0.1257E-01
 -0.178  0.1160E-01
 -0.168  0.1072E-01
 -0.158  0.9930E-02
 -0.148  0.9228E-02
 -0.138  0.8617E-02
 -0.128  0.8099E-02
 -0.118  0.7679E-02
 -0.108  0.7364E-02
 -0.098  0.7163E-02
 -0.088  0.7086E-02
 -0.078  0.7146E-02
 -0.068  0.7357E-02
 -0.058  0.7732E-02
 -0.048  0.8283E-02
 -0.038  0.9022E-02
 -0.028  0.9955E-02
 -0.018  0.1109E-01
 -0.008  0.1241E-01
  0.002  0.1392E-01
  0.012  0.1560E-01
  0.022  0.1743E-01
  0.032  0.1937E-01
  0.042  0.2139E-01
  0.052  0.2343E-01
  0.062  0.2547E-01
  0.072  0.2743E-01
  0.082  0.2927E-01
  0.092  0.3094E-01
  0.102  0.3239E-01
  0.112  0.3357E-01
  0.122  0.3446E-01
  0.132  0.3504E-01
  0.142  0.3528E-01
  0.152  0.3519E-01
  0.162  0.3478E-01
  0.172  0.3408E-01
  0.182  0.3312E-01
  0.192  0.3195E-01
  0.202  0.3061E-01
  0.212  0.2917E-01
  0.222  0.2768E-01
  0.232  0.2620E-01
  0.242  0.2478E-01
  0.252  0.2348E-01
  0.262  0.2233E-01
  0.272  0.2138E-01
  0.282  0.2064E-01
  0.292  0.2014E-01
  0.302  0.1986E-01
  0.312  0.1981E-01
  0.322  0.1996E-01
  0.332  0.2029E-01
  0.342  0.2076E-01
  0.352  0.2132E-01
  0.362  0.2195E-01
  0.372  0.2258E-01
  0.382  0.2317E-01
  0.392  0.2368E-01
  0.402  0.2406E-01
  0.412  0.2428E-01
  0.422  0.2432E-01
  0.432  0.2416E-01
  0.442  0.2379E-01
  0.452  0.2320E-01
  0.462  0.2242E-01
  0.472  0.2144E-01
  0.482  0.2031E-01
  0.492  0.1904E-01
  0.502  0.1766E-01
  0.512  0.1622E-01
  0.522  0.1473E-01
  0.532  0.1325E-01
  0.542  0.1178E-01
  0.552  0.1037E-01
  0.562  0.9034E-02
  0.572  0.7785E-02
  0.582  0.6638E-02
  0.592  0.5599E-02
  0.602  0.4673E-02
  0.612  0.3859E-02
  0.622  0.3153E-02
  0.632  0.2548E-02
  0.642  0.2038E-02
  0.652  0.1612E-02
  0.662  0.1262E-02
  0.672  0.9774E-03
  0.682  0.7489E-03
  0.692  0.5677E-03
  0.702  0.4257E-03
  0.712  0.3159E-03
  0.722  0.2319E-03
  0.732  0.1684E-03
  0.742  0.1210E-03
  0.752  0.8601E-04
  0.762  0.6049E-04
  0.772  0.4209E-04
  0.782  0.2897E-04
  0.792  0.1973E-04
  0.802  0.1329E-04
  0.812  0.8862E-05
  0.822  0.5845E-05
  0.832  0.3813E-05
  0.842  0.2462E-05
