 -5.548  0.3087E-06
 -5.538  0.4773E-06
 -5.528  0.7300E-06
 -5.518  0.1104E-05
 -5.508  0.1653E-05
 -5.498  0.2448E-05
 -5.488  0.3585E-05
 -5.478  0.5195E-05
 -5.468  0.7447E-05
 -5.458  0.1056E-04
 -5.448  0.1482E-04
 -5.438  0.2057E-04
 -5.428  0.2824E-04
 -5.418  0.3837E-04
 -5.408  0.5157E-04
 -5.398  0.6857E-04
 -5.388  0.9022E-04
 -5.378  0.1174E-03
 -5.368  0.1512E-03
 -5.358  0.1927E-03
 -5.348  0.2430E-03
 -5.338  0.3032E-03
 -5.328  0.3744E-03
 -5.318  0.4574E-03
 -5.308  0.5532E-03
 -5.298  0.6623E-03
 -5.288  0.7848E-03
 -5.278  0.9208E-03
 -5.268  0.1070E-02
 -5.258  0.1231E-02
 -5.248  0.1403E-02
 -5.238  0.1584E-02
 -5.228  0.1773E-02
 -5.218  0.1968E-02
 -5.208  0.2166E-02
 -5.198  0.2365E-02
 -5.188  0.2565E-02
 -5.178  0.2763E-02
 -5.168  0.2958E-02
 -5.158  0.3151E-02
 -5.148  0.3342E-02
 -5.138  0.3531E-02
 -5.128  0.3721E-02
 -5.118  0.3915E-02
 -5.108  0.4114E-02
 -5.098  0.4323E-02
 -5.088  0.4545E-02
 -5.078  0.4784E-02
 -5.068  0.5043E-02
 -5.058  0.5326E-02
 -5.048  0.5634E-02
 -5.038  0.5969E-02
 -5.028  0.6332E-02
 -5.018  0.6723E-02
 -5.008  0.7140E-02
 -4.998  0.7580E-02
 -4.988  0.8039E-02
 -4.978  0.8513E-02
 -4.968  0.8994E-02
 -4.958  0.9477E-02
 -4.948  0.9953E-02
 -4.938  0.1041E-01
 -4.928  0.1085E-01
 -4.918  0.1126E-01
 -4.908  0.1162E-01
 -4.898  0.1194E-01
 -4.888  0.1221E-01
 -4.878  0.1241E-01
 -4.868  0.1255E-01
 -4.858  0.1262E-01
 -4.848  0.1263E-01
 -4.838  0.1257E-01
 -4.828  0.1244E-01
 -4.818  0.1224E-01
 -4.808  0.1199E-01
 -4.798  0.1168E-01
 -4.788  0.1131E-01
 -4.778  0.1090E-01
 -4.768  0.1045E-01
 -4.758  0.9963E-02
 -4.748  0.9446E-02
 -4.738  0.8907E-02
 -4.728  0.8350E-02
 -4.718  0.7781E-02
 -4.708  0.7207E-02
 -4.698  0.6633E-02
 -4.688  0.6064E-02
 -4.678  0.5506E-02
 -4.668  0.4964E-02
 -4.658  0.4442E-02
 -4.648  0.3944E-02
 -4.638  0.3475E-02
 -4.628  0.3036E-02
 -4.618  0.2630E-02
 -4.608  0.2259E-02
 -4.598  0.1923E-02
 -4.588  0.1622E-02
 -4.578  0.1356E-02
 -4.568  0.1123E-02
 -4.558  0.9209E-03
 -4.548  0.7479E-03
 -4.538  0.6015E-03
 -4.528  0.4789E-03
 -4.518  0.3775E-03
 -4.508  0.2946E-03
 -4.498  0.2275E-03
 -4.488  0.1740E-03
 -4.478  0.1316E-03
 -4.468  0.9855E-04
 -4.458  0.7303E-04
 -4.448  0.5355E-04
 -4.438  0.3885E-04
 -4.428  0.2789E-04
 -4.418  0.1982E-04
 -4.408  0.1393E-04
 -4.398  0.9686E-05
 -4.388  0.6664E-05
 -4.378  0.4537E-05
 -4.368  0.3055E-05
 -4.358  0.2036E-05
 -4.348  0.1342E-05
 -4.338  0.8753E-06
 -4.328  0.5647E-06
 -4.318  0.3605E-06
 -4.308  0.2276E-06
 -4.298  0.1422E-06
 -4.288  0.8789E-07
 -4.278  0.5374E-07
 -4.268  0.3250E-07
 -4.258  0.1945E-07
 -4.248  0.1151E-07
 -4.238  0.6742E-08
 -4.228  0.3906E-08
 -4.218  0.2238E-08
 -4.208  0.1269E-08
 -4.198  0.7118E-09
 -4.188  0.3949E-09
 -4.178  0.2168E-09
 -4.168  0.1177E-09
 -4.158  0.6323E-10
 -4.148  0.3360E-10
 -4.138  0.1766E-10
 -4.128  0.9185E-11
 -4.118  0.4725E-11
 -4.108  0.2405E-11
 -4.098  0.1211E-11
 -4.088  0.6030E-12
 -4.078  0.2971E-12
 -4.068  0.1448E-12
 -4.058  0.6982E-13
 -4.048  0.3330E-13
 -4.038  0.1572E-13
 -4.028  0.7336E-14
 -4.018  0.3388E-14
 -4.008  0.1547E-14
 -3.998  0.6993E-15
 -3.988  0.3126E-15
 -3.978  0.1383E-15
 -3.968  0.6049E-16
 -3.958  0.2618E-16
 -3.948  0.1121E-16
 -3.938  0.4747E-17
 -3.928  0.1989E-17
 -3.918  0.8244E-18
 -3.908  0.3381E-18
 -3.898  0.1371E-18
 -3.888  0.5502E-19
 -3.878  0.2184E-19
 -3.868  0.8577E-20
 -3.858  0.3332E-20
 -3.848  0.1281E-20
 -3.838  0.4868E-21
 -3.828  0.1831E-21
 -3.818  0.6812E-22
 -3.808  0.2507E-22
 -3.798  0.9128E-23
 -3.788  0.3288E-23
 -3.778  0.1171E-23
 -3.768  0.4129E-24
 -3.758  0.1440E-24
 -3.748  0.4966E-25
 -3.738  0.1695E-25
 -3.728  0.5721E-26
 -3.718  0.1911E-26
 -3.708  0.6311E-27
 -3.698  0.2063E-27
 -3.688  0.6668E-28
 -3.678  0.2133E-28
 -3.668  0.6748E-29
 -3.658  0.2112E-29
 -3.648  0.6539E-30
 -3.638  0.2003E-30
 -3.628  0.6069E-31
 -3.618  0.1819E-31
 -3.608  0.5394E-32
 -3.598  0.1582E-32
 -3.588  0.4591E-33
 -3.578  0.1318E-33
 -3.568  0.3743E-34
 -3.558  0.1052E-34
 -3.548  0.2922E-35
 -3.538  0.8035E-36
 -3.528  0.2185E-36
 -3.518  0.5879E-37
 -3.508  0.1565E-37
 -3.498  0.4120E-38
 -3.488  0.1073E-38
 -3.478  0.2765E-39
 -3.468  0.7049E-40
 -3.458  0.1777E-40
 -3.448  0.4434E-41
 -3.438  0.1094E-41
 -3.428  0.2671E-42
 -3.418  0.6451E-43
 -3.408  0.1541E-43
 -3.398  0.3642E-44
 -3.388  0.8516E-45
 -3.378  0.1970E-45
 -3.368  0.4506E-46
 -3.358  0.1020E-46
 -3.348  0.2284E-47
 -3.338  0.5059E-48
 -3.328  0.1108E-48
 -3.318  0.2403E-49
 -3.308  0.5152E-50
 -3.298  0.1093E-50
 -3.288  0.2294E-51
 -3.278  0.4762E-52
 -3.268  0.9779E-53
 -3.258  0.1987E-53
 -3.248  0.3993E-54
 -3.238  0.7939E-55
 -3.228  0.1561E-55
 -3.218  0.3038E-56
 -3.208  0.5847E-57
 -3.198  0.1113E-57
 -3.188  0.2097E-58
 -3.178  0.3908E-59
 -3.168  0.7204E-60
 -3.158  0.1314E-60
 -3.148  0.2370E-61
 -3.138  0.4229E-62
 -3.128  0.7466E-63
 -3.118  0.1304E-63
 -3.108  0.2253E-64
 -3.098  0.3850E-65
 -3.088  0.6510E-66
 -3.078  0.1089E-66
 -3.068  0.1802E-67
 -3.058  0.2949E-68
 -3.048  0.4775E-69
 -3.038  0.7649E-70
 -3.028  0.1212E-70
 -3.018  0.1900E-71
 -3.008  0.2947E-72
 -2.998  0.4530E-73
 -2.988  0.7528E-74
 -2.978  0.5461E-74
 -2.968  0.2922E-73
 -2.958  0.1886E-72
 -2.948  0.1210E-71
 -2.938  0.7684E-71
 -2.928  0.4827E-70
 -2.918  0.2999E-69
 -2.908  0.1843E-68
 -2.898  0.1121E-67
 -2.888  0.6743E-67
 -2.878  0.4013E-66
 -2.868  0.2362E-65
 -2.858  0.1376E-64
 -2.848  0.7926E-64
 -2.838  0.4517E-63
 -2.828  0.2547E-62
 -2.818  0.1420E-61
 -2.808  0.7836E-61
 -2.798  0.4277E-60
 -2.788  0.2309E-59
 -2.778  0.1234E-58
 -2.768  0.6518E-58
 -2.758  0.3407E-57
 -2.748  0.1762E-56
 -2.738  0.9013E-56
 -2.728  0.4561E-55
 -2.718  0.2283E-54
 -2.708  0.1131E-53
 -2.698  0.5540E-53
 -2.688  0.2685E-52
 -2.678  0.1287E-51
 -2.668  0.6105E-51
 -2.658  0.2865E-50
 -2.648  0.1330E-49
 -2.638  0.6105E-49
 -2.628  0.2773E-48
 -2.618  0.1246E-47
 -2.608  0.5539E-47
 -2.598  0.2436E-46
 -2.588  0.1060E-45
 -2.578  0.4560E-45
 -2.568  0.1941E-44
 -2.558  0.8175E-44
 -2.548  0.3406E-43
 -2.538  0.1404E-42
 -2.528  0.5723E-42
 -2.518  0.2308E-41
 -2.508  0.9210E-41
 -2.498  0.3635E-40
 -2.488  0.1419E-39
 -2.478  0.5483E-39
 -2.468  0.2095E-38
 -2.458  0.7920E-38
 -2.448  0.2962E-37
 -2.438  0.1096E-36
 -2.428  0.4010E-36
 -2.418  0.1452E-35
 -2.408  0.5198E-35
 -2.398  0.1842E-34
 -2.388  0.6455E-34
 -2.378  0.2238E-33
 -2.368  0.7676E-33
 -2.358  0.2605E-32
 -2.348  0.8742E-32
 -2.338  0.2903E-31
 -2.328  0.9535E-31
 -2.318  0.3099E-30
 -2.308  0.9960E-30
 -2.298  0.3167E-29
 -2.288  0.9964E-29
 -2.278  0.3101E-28
 -2.268  0.9547E-28
 -2.258  0.2908E-27
 -2.248  0.8760E-27
 -2.238  0.2611E-26
 -2.228  0.7698E-26
 -2.218  0.2245E-25
 -2.208  0.6479E-25
 -2.198  0.1849E-24
 -2.188  0.5222E-24
 -2.178  0.1459E-23
 -2.168  0.4031E-23
 -2.158  0.1102E-22
 -2.148  0.2980E-22
 -2.138  0.7972E-22
 -2.128  0.2110E-21
 -2.118  0.5523E-21
 -2.108  0.1430E-20
 -2.098  0.3665E-20
 -2.088  0.9289E-20
 -2.078  0.2329E-19
 -2.068  0.5777E-19
 -2.058  0.1418E-18
 -2.048  0.3441E-18
 -2.038  0.8263E-18
 -2.028  0.1963E-17
 -2.018  0.4613E-17
 -2.008  0.1072E-16
 -1.998  0.2466E-16
 -1.988  0.5611E-16
 -1.978  0.1263E-15
 -1.968  0.2812E-15
 -1.958  0.6194E-15
 -1.948  0.1350E-14
 -1.938  0.2909E-14
 -1.928  0.6204E-14
 -1.918  0.1309E-13
 -1.908  0.2731E-13
 -1.898  0.5639E-13
 -1.888  0.1152E-12
 -1.878  0.2327E-12
 -1.868  0.4651E-12
 -1.858  0.9197E-12
 -1.848  0.1799E-11
 -1.838  0.3482E-11
 -1.828  0.6666E-11
 -1.818  0.1263E-10
 -1.808  0.2366E-10
 -1.798  0.4386E-10
 -1.788  0.8044E-10
 -1.778  0.1460E-09
 -1.768  0.2620E-09
 -1.758  0.4653E-09
 -1.748  0.8176E-09
 -1.738  0.1421E-08
 -1.728  0.2444E-08
 -1.718  0.4160E-08
 -1.708  0.7004E-08
 -1.698  0.1167E-07
 -1.688  0.1923E-07
 -1.678  0.3137E-07
 -1.668  0.5062E-07
 -1.658  0.8084E-07
 -1.648  0.1277E-06
 -1.638  0.1998E-06
 -1.628  0.3092E-06
 -1.618  0.4736E-06
 -1.608  0.7179E-06
 -1.598  0.1077E-05
 -1.588  0.1600E-05
 -1.578  0.2352E-05
 -1.568  0.3424E-05
 -1.558  0.4934E-05
 -1.548  0.7039E-05
 -1.538  0.9946E-05
 -1.528  0.1392E-04
 -1.518  0.1928E-04
 -1.508  0.2647E-04
 -1.498  0.3600E-04
 -1.488  0.4850E-04
 -1.478  0.6475E-04
 -1.468  0.8567E-04
 -1.458  0.1124E-03
 -1.448  0.1461E-03
 -1.438  0.1883E-03
 -1.428  0.2407E-03
 -1.418  0.3051E-03
 -1.408  0.3836E-03
 -1.398  0.4785E-03
 -1.388  0.5923E-03
 -1.378  0.7273E-03
 -1.368  0.8863E-03
 -1.358  0.1072E-02
 -1.348  0.1287E-02
 -1.338  0.1533E-02
 -1.328  0.1813E-02
 -1.318  0.2128E-02
 -1.308  0.2478E-02
 -1.298  0.2865E-02
 -1.288  0.3287E-02
 -1.278  0.3743E-02
 -1.268  0.4228E-02
 -1.258  0.4738E-02
 -1.248  0.5268E-02
 -1.238  0.5809E-02
 -1.228  0.6352E-02
 -1.218  0.6888E-02
 -1.208  0.7404E-02
 -1.198  0.7890E-02
 -1.188  0.8334E-02
 -1.178  0.8723E-02
 -1.168  0.9047E-02
 -1.158  0.9296E-02
 -1.148  0.9462E-02
 -1.138  0.9540E-02
 -1.128  0.9526E-02
 -1.118  0.9420E-02
 -1.108  0.9224E-02
 -1.098  0.8943E-02
 -1.088  0.8584E-02
 -1.078  0.8157E-02
 -1.068  0.7673E-02
 -1.058  0.7144E-02
 -1.048  0.6584E-02
 -1.038  0.6006E-02
 -1.028  0.5422E-02
 -1.018  0.4844E-02
 -1.008  0.4284E-02
 -0.998  0.3750E-02
 -0.988  0.3249E-02
 -0.978  0.2786E-02
 -0.968  0.2367E-02
 -0.958  0.1992E-02
 -0.948  0.1663E-02
 -0.938  0.1379E-02
 -0.928  0.1140E-02
 -0.918  0.9422E-03
 -0.908  0.7850E-03
 -0.898  0.6656E-03
 -0.888  0.5821E-03
 -0.878  0.5326E-03
 -0.868  0.5160E-03
 -0.858  0.5314E-03
 -0.848  0.5785E-03
 -0.838  0.6578E-03
 -0.828  0.7697E-03
 -0.818  0.9155E-03
 -0.808  0.1096E-02
 -0.798  0.1313E-02
 -0.788  0.1567E-02
 -0.778  0.1858E-02
 -0.768  0.2187E-02
 -0.758  0.2554E-02
 -0.748  0.2955E-02
 -0.738  0.3390E-02
 -0.728  0.3855E-02
 -0.718  0.4346E-02
 -0.708  0.4858E-02
 -0.698  0.5386E-02
 -0.688  0.5925E-02
 -0.678  0.6471E-02
 -0.668  0.7019E-02
 -0.658  0.7567E-02
 -0.648  0.8112E-02
 -0.638  0.8655E-02
 -0.628  0.9197E-02
 -0.618  0.9741E-02
 -0.608  0.1029E-01
 -0.598  0.1086E-01
 -0.588  0.1145E-01
 -0.578  0.1207E-01
 -0.568  0.1272E-01
 -0.558  0.1342E-01
 -0.548  0.1417E-01
 -0.538  0.1496E-01
 -0.528  0.1580E-01
 -0.518  0.1668E-01
 -0.508  0.1759E-01
 -0.498  0.1851E-01
 -0.488  0.1943E-01
 -0.478  0.2032E-01
 -0.468  0.2116E-01
 -0.458  0.2192E-01
 -0.448  0.2258E-01
 -0.438  0.2312E-01
 -0.428  0.2351E-01
 -0.418  0.2374E-01
 -0.408  0.2380E-01
 -0.398  0.2367E-01
 -0.388  0.2335E-01
 -0.378  0.2287E-01
 -0.368  0.2222E-01
 -0.358  0.2142E-01
 -0.348  0.2050E-01
 -0.338  0.1948E-01
 -0.328  0.1839E-01
 -0.318  0.1727E-01
 -0.308  0.1613E-01
 -0.298  0.1500E-01
 -0.288  0.1391E-01
 -0.278  0.1288E-01
 -0.268  0.1192E-01
 -0.258  0.1104E-01
 -0.248  0.1025E-01
 -0.238  0.9554E-02
 -0.228  0.8942E-02
 -0.218  0.8411E-02
 -0.208  0.7951E-02
 -0.198  0.7553E-02
 -0.188  0.7203E-02
 -0.178  0.6890E-02
 -0.168  0.6603E-02
 -0.158  0.6333E-02
 -0.148  0.6071E-02
 -0.138  0.5812E-02
 -0.128  0.5554E-02
 -0.118  0.5295E-02
 -0.108  0.5038E-02
 -0.098  0.4787E-02
 -0.088  0.4547E-02
 -0.078  0.4327E-02
 -0.068  0.4135E-02
 -0.058  0.3978E-02
 -0.048  0.3867E-02
 -0.038  0.3809E-02
 -0.028  0.3811E-02
 -0.018  0.3879E-02
 -0.008  0.4017E-02
  0.002  0.4229E-02
  0.012  0.4514E-02
  0.022  0.4870E-02
  0.032  0.5294E-02
  0.042  0.5780E-02
  0.052  0.6320E-02
  0.062  0.6905E-02
  0.072  0.7523E-02
  0.082  0.8163E-02
  0.092  0.8811E-02
  0.102  0.9454E-02
  0.112  0.1008E-01
  0.122  0.1067E-01
  0.132  0.1122E-01
  0.142  0.1172E-01
  0.152  0.1214E-01
  0.162  0.1250E-01
  0.172  0.1277E-01
  0.182  0.1296E-01
  0.192  0.1307E-01
  0.202  0.1309E-01
  0.212  0.1303E-01
  0.222  0.1289E-01
  0.232  0.1268E-01
  0.242  0.1241E-01
  0.252  0.1208E-01
  0.262  0.1172E-01
  0.272  0.1132E-01
  0.282  0.1091E-01
  0.292  0.1048E-01
  0.302  0.1006E-01
  0.312  0.9644E-02
  0.322  0.9246E-02
  0.332  0.8868E-02
  0.342  0.8513E-02
  0.352  0.8180E-02
  0.362  0.7870E-02
  0.372  0.7579E-02
  0.382  0.7302E-02
  0.392  0.7036E-02
  0.402  0.6774E-02
  0.412  0.6511E-02
  0.422  0.6243E-02
  0.432  0.5965E-02
  0.442  0.5675E-02
  0.452  0.5371E-02
  0.462  0.5054E-02
  0.472  0.4723E-02
  0.482  0.4383E-02
  0.492  0.4035E-02
  0.502  0.3684E-02
  0.512  0.3335E-02
  0.522  0.2992E-02
  0.532  0.2659E-02
  0.542  0.2341E-02
  0.552  0.2040E-02
  0.562  0.1761E-02
  0.572  0.1505E-02
  0.582  0.1273E-02
  0.592  0.1066E-02
  0.602  0.8835E-03
  0.612  0.7247E-03
  0.622  0.5882E-03
  0.632  0.4724E-03
  0.642  0.3755E-03
  0.652  0.2953E-03
  0.662  0.2298E-03
  0.672  0.1769E-03
  0.682  0.1348E-03
  0.692  0.1016E-03
  0.702  0.7579E-04
  0.712  0.5593E-04
  0.722  0.4083E-04
  0.732  0.2950E-04
  0.742  0.2108E-04
  0.752  0.1491E-04
  0.762  0.1043E-04
  0.772  0.7222E-05
  0.782  0.4947E-05
  0.792  0.3352E-05
  0.802  0.2247E-05
  0.812  0.1491E-05
  0.822  0.9784E-06
  0.832  0.6353E-06
  0.842  0.4081E-06
