 -5.548  0.8588E-11
 -5.538  0.1328E-10
 -5.528  0.2032E-10
 -5.518  0.3075E-10
 -5.508  0.4604E-10
 -5.498  0.6820E-10
 -5.488  0.9995E-10
 -5.478  0.1449E-09
 -5.468  0.2079E-09
 -5.458  0.2951E-09
 -5.448  0.4145E-09
 -5.438  0.5761E-09
 -5.428  0.7923E-09
 -5.418  0.1078E-08
 -5.408  0.1452E-08
 -5.398  0.1936E-08
 -5.388  0.2555E-08
 -5.378  0.3337E-08
 -5.368  0.4315E-08
 -5.358  0.5526E-08
 -5.348  0.7008E-08
 -5.338  0.8803E-08
 -5.328  0.1096E-07
 -5.318  0.1351E-07
 -5.308  0.1652E-07
 -5.298  0.2003E-07
 -5.288  0.2408E-07
 -5.278  0.2874E-07
 -5.268  0.3405E-07
 -5.258  0.4006E-07
 -5.248  0.4684E-07
 -5.238  0.5445E-07
 -5.228  0.6295E-07
 -5.218  0.7243E-07
 -5.208  0.8297E-07
 -5.198  0.9466E-07
 -5.188  0.1076E-06
 -5.178  0.1219E-06
 -5.168  0.1376E-06
 -5.158  0.1548E-06
 -5.148  0.1736E-06
 -5.138  0.1940E-06
 -5.128  0.2159E-06
 -5.118  0.2393E-06
 -5.108  0.2641E-06
 -5.098  0.2899E-06
 -5.088  0.3166E-06
 -5.078  0.3437E-06
 -5.068  0.3708E-06
 -5.058  0.3973E-06
 -5.048  0.4227E-06
 -5.038  0.4464E-06
 -5.028  0.4679E-06
 -5.018  0.4865E-06
 -5.008  0.5019E-06
 -4.998  0.5136E-06
 -4.988  0.5213E-06
 -4.978  0.5249E-06
 -4.968  0.5244E-06
 -4.958  0.5199E-06
 -4.948  0.5117E-06
 -4.938  0.5002E-06
 -4.928  0.4859E-06
 -4.918  0.4694E-06
 -4.908  0.4512E-06
 -4.898  0.4321E-06
 -4.888  0.4127E-06
 -4.878  0.3934E-06
 -4.868  0.3749E-06
 -4.858  0.3574E-06
 -4.848  0.3413E-06
 -4.838  0.3267E-06
 -4.828  0.3138E-06
 -4.818  0.3023E-06
 -4.808  0.2922E-06
 -4.798  0.2833E-06
 -4.788  0.2753E-06
 -4.778  0.2678E-06
 -4.768  0.2605E-06
 -4.758  0.2532E-06
 -4.748  0.2455E-06
 -4.738  0.2372E-06
 -4.728  0.2282E-06
 -4.718  0.2183E-06
 -4.708  0.2076E-06
 -4.698  0.1960E-06
 -4.688  0.1836E-06
 -4.678  0.1706E-06
 -4.668  0.1572E-06
 -4.658  0.1435E-06
 -4.648  0.1298E-06
 -4.638  0.1163E-06
 -4.628  0.1032E-06
 -4.618  0.9065E-07
 -4.608  0.7884E-07
 -4.598  0.6787E-07
 -4.588  0.5783E-07
 -4.578  0.4876E-07
 -4.568  0.4069E-07
 -4.558  0.3361E-07
 -4.548  0.2746E-07
 -4.538  0.2220E-07
 -4.528  0.1776E-07
 -4.518  0.1406E-07
 -4.508  0.1101E-07
 -4.498  0.8532E-08
 -4.488  0.6541E-08
 -4.478  0.4961E-08
 -4.468  0.3722E-08
 -4.458  0.2763E-08
 -4.448  0.2029E-08
 -4.438  0.1474E-08
 -4.428  0.1060E-08
 -4.418  0.7535E-09
 -4.408  0.5300E-09
 -4.398  0.3688E-09
 -4.388  0.2539E-09
 -4.378  0.1729E-09
 -4.368  0.1165E-09
 -4.358  0.7766E-10
 -4.348  0.5121E-10
 -4.338  0.3340E-10
 -4.328  0.2155E-10
 -4.318  0.1376E-10
 -4.308  0.8690E-11
 -4.298  0.5429E-11
 -4.288  0.3355E-11
 -4.278  0.2051E-11
 -4.268  0.1241E-11
 -4.258  0.7423E-12
 -4.248  0.4394E-12
 -4.238  0.2573E-12
 -4.228  0.1490E-12
 -4.218  0.8539E-13
 -4.208  0.4840E-13
 -4.198  0.2714E-13
 -4.188  0.1506E-13
 -4.178  0.8264E-14
 -4.168  0.4486E-14
 -4.158  0.2409E-14
 -4.148  0.1280E-14
 -4.138  0.6728E-15
 -4.128  0.3498E-15
 -4.118  0.1799E-15
 -4.108  0.9155E-16
 -4.098  0.4608E-16
 -4.088  0.2295E-16
 -4.078  0.1130E-16
 -4.068  0.5508E-17
 -4.058  0.2655E-17
 -4.048  0.1266E-17
 -4.038  0.5974E-18
 -4.028  0.2788E-18
 -4.018  0.1287E-18
 -4.008  0.5878E-19
 -3.998  0.2656E-19
 -3.988  0.1187E-19
 -3.978  0.5249E-20
 -3.968  0.2296E-20
 -3.958  0.9934E-21
 -3.948  0.4252E-21
 -3.938  0.1801E-21
 -3.928  0.7543E-22
 -3.918  0.3126E-22
 -3.908  0.1281E-22
 -3.898  0.5196E-23
 -3.888  0.2085E-23
 -3.878  0.8274E-24
 -3.868  0.3248E-24
 -3.858  0.1262E-24
 -3.848  0.4847E-25
 -3.838  0.1842E-25
 -3.828  0.6927E-26
 -3.818  0.2577E-26
 -3.808  0.9481E-27
 -3.798  0.3451E-27
 -3.788  0.1243E-27
 -3.778  0.4427E-28
 -3.768  0.1560E-28
 -3.758  0.5439E-29
 -3.748  0.1876E-29
 -3.738  0.6400E-30
 -3.728  0.2160E-30
 -3.718  0.7211E-31
 -3.708  0.2382E-31
 -3.698  0.7782E-32
 -3.688  0.2515E-32
 -3.678  0.8043E-33
 -3.668  0.2544E-33
 -3.658  0.7960E-34
 -3.648  0.2464E-34
 -3.638  0.7546E-35
 -3.628  0.2286E-35
 -3.618  0.6851E-36
 -3.608  0.2031E-36
 -3.598  0.5956E-37
 -3.588  0.1728E-37
 -3.578  0.4960E-38
 -3.568  0.1408E-38
 -3.558  0.3955E-39
 -3.548  0.1099E-39
 -3.538  0.3021E-40
 -3.528  0.8213E-41
 -3.518  0.2209E-41
 -3.508  0.5879E-42
 -3.498  0.1548E-42
 -3.488  0.4030E-43
 -3.478  0.1038E-43
 -3.468  0.2646E-44
 -3.458  0.6671E-45
 -3.448  0.1664E-45
 -3.438  0.4105E-46
 -3.428  0.1002E-46
 -3.418  0.2419E-47
 -3.408  0.5777E-48
 -3.398  0.1365E-48
 -3.388  0.3191E-49
 -3.378  0.7378E-50
 -3.368  0.1688E-50
 -3.358  0.3819E-51
 -3.348  0.8550E-52
 -3.338  0.1893E-52
 -3.328  0.4148E-53
 -3.318  0.8989E-54
 -3.308  0.1927E-54
 -3.298  0.4087E-55
 -3.288  0.8576E-56
 -3.278  0.1780E-56
 -3.268  0.3655E-57
 -3.258  0.7423E-58
 -3.248  0.1492E-58
 -3.238  0.2965E-59
 -3.228  0.5830E-60
 -3.218  0.1134E-60
 -3.208  0.2182E-61
 -3.198  0.4155E-62
 -3.188  0.7824E-63
 -3.178  0.1458E-63
 -3.168  0.2686E-64
 -3.158  0.4898E-65
 -3.148  0.8834E-66
 -3.138  0.1576E-66
 -3.128  0.2782E-67
 -3.118  0.4857E-68
 -3.108  0.8390E-69
 -3.098  0.1434E-69
 -3.088  0.2423E-70
 -3.078  0.4052E-71
 -3.068  0.6704E-72
 -3.058  0.1097E-72
 -3.048  0.1776E-73
 -3.038  0.2844E-74
 -3.028  0.4506E-75
 -3.018  0.7063E-76
 -3.008  0.1100E-76
 -2.998  0.2017E-77
 -2.988  0.2516E-77
 -2.978  0.1503E-76
 -2.968  0.9831E-76
 -2.958  0.6378E-75
 -2.948  0.4094E-74
 -2.938  0.2599E-73
 -2.928  0.1633E-72
 -2.918  0.1014E-71
 -2.908  0.6236E-71
 -2.898  0.3792E-70
 -2.888  0.2281E-69
 -2.878  0.1357E-68
 -2.868  0.7991E-68
 -2.858  0.4654E-67
 -2.848  0.2681E-66
 -2.838  0.1528E-65
 -2.828  0.8614E-65
 -2.818  0.4804E-64
 -2.808  0.2651E-63
 -2.798  0.1447E-62
 -2.788  0.7812E-62
 -2.778  0.4173E-61
 -2.768  0.2205E-60
 -2.758  0.1153E-59
 -2.748  0.5960E-59
 -2.738  0.3049E-58
 -2.728  0.1543E-57
 -2.718  0.7724E-57
 -2.708  0.3825E-56
 -2.698  0.1874E-55
 -2.688  0.9082E-55
 -2.678  0.4354E-54
 -2.668  0.2065E-53
 -2.658  0.9690E-53
 -2.648  0.4498E-52
 -2.638  0.2065E-51
 -2.628  0.9380E-51
 -2.618  0.4215E-50
 -2.608  0.1874E-49
 -2.598  0.8239E-49
 -2.588  0.3584E-48
 -2.578  0.1542E-47
 -2.568  0.6566E-47
 -2.558  0.2765E-46
 -2.548  0.1152E-45
 -2.538  0.4748E-45
 -2.528  0.1936E-44
 -2.518  0.7808E-44
 -2.508  0.3115E-43
 -2.498  0.1230E-42
 -2.488  0.4802E-42
 -2.478  0.1855E-41
 -2.468  0.7087E-41
 -2.458  0.2679E-40
 -2.448  0.1002E-39
 -2.438  0.3706E-39
 -2.428  0.1356E-38
 -2.418  0.4910E-38
 -2.408  0.1758E-37
 -2.398  0.6230E-37
 -2.388  0.2183E-36
 -2.378  0.7570E-36
 -2.368  0.2597E-35
 -2.358  0.8810E-35
 -2.348  0.2957E-34
 -2.338  0.9819E-34
 -2.328  0.3225E-33
 -2.318  0.1048E-32
 -2.308  0.3369E-32
 -2.298  0.1071E-31
 -2.288  0.3371E-31
 -2.278  0.1049E-30
 -2.268  0.3229E-30
 -2.258  0.9835E-30
 -2.248  0.2963E-29
 -2.238  0.8831E-29
 -2.228  0.2604E-28
 -2.218  0.7595E-28
 -2.208  0.2191E-27
 -2.198  0.6255E-27
 -2.188  0.1766E-26
 -2.178  0.4934E-26
 -2.168  0.1363E-25
 -2.158  0.3727E-25
 -2.148  0.1008E-24
 -2.138  0.2696E-24
 -2.128  0.7136E-24
 -2.118  0.1868E-23
 -2.108  0.4838E-23
 -2.098  0.1240E-22
 -2.088  0.3142E-22
 -2.078  0.7878E-22
 -2.068  0.1954E-21
 -2.058  0.4794E-21
 -2.048  0.1164E-20
 -2.038  0.2794E-20
 -2.028  0.6638E-20
 -2.018  0.1560E-19
 -2.008  0.3626E-19
 -1.998  0.8340E-19
 -1.988  0.1897E-18
 -1.978  0.4270E-18
 -1.968  0.9506E-18
 -1.958  0.2094E-17
 -1.948  0.4562E-17
 -1.938  0.9832E-17
 -1.928  0.2097E-16
 -1.918  0.4422E-16
 -1.908  0.9228E-16
 -1.898  0.1905E-15
 -1.888  0.3890E-15
 -1.878  0.7858E-15
 -1.868  0.1570E-14
 -1.858  0.3105E-14
 -1.848  0.6072E-14
 -1.838  0.1175E-13
 -1.828  0.2248E-13
 -1.818  0.4257E-13
 -1.808  0.7975E-13
 -1.798  0.1478E-12
 -1.788  0.2709E-12
 -1.778  0.4912E-12
 -1.768  0.8813E-12
 -1.758  0.1564E-11
 -1.748  0.2746E-11
 -1.738  0.4770E-11
 -1.728  0.8196E-11
 -1.718  0.1393E-10
 -1.708  0.2343E-10
 -1.698  0.3898E-10
 -1.688  0.6415E-10
 -1.678  0.1045E-09
 -1.668  0.1683E-09
 -1.658  0.2682E-09
 -1.648  0.4228E-09
 -1.638  0.6595E-09
 -1.628  0.1018E-08
 -1.618  0.1554E-08
 -1.608  0.2348E-08
 -1.598  0.3509E-08
 -1.588  0.5188E-08
 -1.578  0.7591E-08
 -1.568  0.1099E-07
 -1.558  0.1574E-07
 -1.548  0.2231E-07
 -1.538  0.3129E-07
 -1.528  0.4342E-07
 -1.518  0.5963E-07
 -1.508  0.8105E-07
 -1.498  0.1090E-06
 -1.488  0.1451E-06
 -1.478  0.1912E-06
 -1.468  0.2494E-06
 -1.458  0.3219E-06
 -1.448  0.4114E-06
 -1.438  0.5205E-06
 -1.428  0.6521E-06
 -1.418  0.8089E-06
 -1.408  0.9938E-06
 -1.398  0.1209E-05
 -1.388  0.1457E-05
 -1.378  0.1740E-05
 -1.368  0.2058E-05
 -1.358  0.2412E-05
 -1.348  0.2802E-05
 -1.338  0.3226E-05
 -1.328  0.3683E-05
 -1.318  0.4168E-05
 -1.308  0.4679E-05
 -1.298  0.5208E-05
 -1.288  0.5752E-05
 -1.278  0.6302E-05
 -1.268  0.6851E-05
 -1.258  0.7391E-05
 -1.248  0.7914E-05
 -1.238  0.8411E-05
 -1.228  0.8873E-05
 -1.218  0.9292E-05
 -1.208  0.9660E-05
 -1.198  0.9969E-05
 -1.188  0.1021E-04
 -1.178  0.1039E-04
 -1.168  0.1048E-04
 -1.158  0.1050E-04
 -1.148  0.1044E-04
 -1.138  0.1030E-04
 -1.128  0.1008E-04
 -1.118  0.9784E-05
 -1.108  0.9421E-05
 -1.098  0.8995E-05
 -1.088  0.8516E-05
 -1.078  0.7993E-05
 -1.068  0.7436E-05
 -1.058  0.6856E-05
 -1.048  0.6264E-05
 -1.038  0.5670E-05
 -1.028  0.5085E-05
 -1.018  0.4518E-05
 -1.008  0.3977E-05
 -0.998  0.3468E-05
 -0.988  0.2997E-05
 -0.978  0.2567E-05
 -0.968  0.2182E-05
 -0.958  0.1842E-05
 -0.948  0.1549E-05
 -0.938  0.1301E-05
 -0.928  0.1100E-05
 -0.918  0.9431E-06
 -0.908  0.8308E-06
 -0.898  0.7627E-06
 -0.888  0.7391E-06
 -0.878  0.7611E-06
 -0.868  0.8307E-06
 -0.858  0.9504E-06
 -0.848  0.1124E-05
 -0.838  0.1355E-05
 -0.828  0.1649E-05
 -0.818  0.2010E-05
 -0.808  0.2443E-05
 -0.798  0.2952E-05
 -0.788  0.3542E-05
 -0.778  0.4213E-05
 -0.768  0.4966E-05
 -0.758  0.5800E-05
 -0.748  0.6710E-05
 -0.738  0.7689E-05
 -0.728  0.8729E-05
 -0.718  0.9817E-05
 -0.708  0.1094E-04
 -0.698  0.1208E-04
 -0.688  0.1322E-04
 -0.678  0.1434E-04
 -0.668  0.1543E-04
 -0.658  0.1648E-04
 -0.648  0.1745E-04
 -0.638  0.1836E-04
 -0.628  0.1919E-04
 -0.618  0.1993E-04
 -0.608  0.2060E-04
 -0.598  0.2120E-04
 -0.588  0.2174E-04
 -0.578  0.2223E-04
 -0.568  0.2270E-04
 -0.558  0.2316E-04
 -0.548  0.2363E-04
 -0.538  0.2413E-04
 -0.528  0.2468E-04
 -0.518  0.2529E-04
 -0.508  0.2595E-04
 -0.498  0.2669E-04
 -0.488  0.2747E-04
 -0.478  0.2831E-04
 -0.468  0.2916E-04
 -0.458  0.3002E-04
 -0.448  0.3086E-04
 -0.438  0.3164E-04
 -0.428  0.3233E-04
 -0.418  0.3290E-04
 -0.408  0.3333E-04
 -0.398  0.3360E-04
 -0.388  0.3368E-04
 -0.378  0.3356E-04
 -0.368  0.3324E-04
 -0.358  0.3272E-04
 -0.348  0.3201E-04
 -0.338  0.3114E-04
 -0.328  0.3012E-04
 -0.318  0.2898E-04
 -0.308  0.2774E-04
 -0.298  0.2645E-04
 -0.288  0.2513E-04
 -0.278  0.2381E-04
 -0.268  0.2252E-04
 -0.258  0.2127E-04
 -0.248  0.2009E-04
 -0.238  0.1898E-04
 -0.228  0.1795E-04
 -0.218  0.1701E-04
 -0.208  0.1614E-04
 -0.198  0.1536E-04
 -0.188  0.1464E-04
 -0.178  0.1398E-04
 -0.168  0.1337E-04
 -0.158  0.1281E-04
 -0.148  0.1229E-04
 -0.138  0.1182E-04
 -0.128  0.1140E-04
 -0.118  0.1105E-04
 -0.108  0.1078E-04
 -0.098  0.1061E-04
 -0.088  0.1058E-04
 -0.078  0.1071E-04
 -0.068  0.1103E-04
 -0.058  0.1159E-04
 -0.048  0.1243E-04
 -0.038  0.1358E-04
 -0.028  0.1508E-04
 -0.018  0.1697E-04
 -0.008  0.1927E-04
  0.002  0.2203E-04
  0.012  0.2525E-04
  0.022  0.2894E-04
  0.032  0.3311E-04
  0.042  0.3776E-04
  0.052  0.4285E-04
  0.062  0.4837E-04
  0.072  0.5426E-04
  0.082  0.6048E-04
  0.092  0.6696E-04
  0.102  0.7363E-04
  0.112  0.8042E-04
  0.122  0.8723E-04
  0.132  0.9399E-04
  0.142  0.1006E-03
  0.152  0.1070E-03
  0.162  0.1132E-03
  0.172  0.1190E-03
  0.182  0.1245E-03
  0.192  0.1297E-03
  0.202  0.1345E-03
  0.212  0.1390E-03
  0.222  0.1432E-03
  0.232  0.1473E-03
  0.242  0.1514E-03
  0.252  0.1554E-03
  0.262  0.1597E-03
  0.272  0.1641E-03
  0.282  0.1688E-03
  0.292  0.1739E-03
  0.302  0.1793E-03
  0.312  0.1850E-03
  0.322  0.1910E-03
  0.332  0.1970E-03
  0.342  0.2030E-03
  0.352  0.2087E-03
  0.362  0.2139E-03
  0.372  0.2184E-03
  0.382  0.2219E-03
  0.392  0.2241E-03
  0.402  0.2249E-03
  0.412  0.2242E-03
  0.422  0.2217E-03
  0.432  0.2175E-03
  0.442  0.2115E-03
  0.452  0.2039E-03
  0.462  0.1947E-03
  0.472  0.1842E-03
  0.482  0.1725E-03
  0.492  0.1601E-03
  0.502  0.1470E-03
  0.512  0.1336E-03
  0.522  0.1203E-03
  0.532  0.1071E-03
  0.542  0.9439E-04
  0.552  0.8233E-04
  0.562  0.7106E-04
  0.572  0.6069E-04
  0.582  0.5129E-04
  0.592  0.4288E-04
  0.602  0.3548E-04
  0.612  0.2905E-04
  0.622  0.2353E-04
  0.632  0.1885E-04
  0.642  0.1495E-04
  0.652  0.1173E-04
  0.662  0.9101E-05
  0.672  0.6989E-05
  0.682  0.5309E-05
  0.692  0.3991E-05
  0.702  0.2968E-05
  0.712  0.2184E-05
  0.722  0.1590E-05
  0.732  0.1145E-05
  0.742  0.8158E-06
  0.752  0.5751E-06
  0.762  0.4011E-06
  0.772  0.2768E-06
  0.782  0.1890E-06
  0.792  0.1277E-06
  0.802  0.8531E-07
  0.812  0.5640E-07
  0.822  0.3690E-07
  0.832  0.2388E-07
  0.842  0.1529E-07
