 -5.548  0.5707E-09
 -5.538  0.8825E-09
 -5.528  0.1350E-08
 -5.518  0.2043E-08
 -5.508  0.3059E-08
 -5.498  0.4530E-08
 -5.488  0.6639E-08
 -5.478  0.9625E-08
 -5.468  0.1381E-07
 -5.458  0.1959E-07
 -5.448  0.2751E-07
 -5.438  0.3823E-07
 -5.428  0.5256E-07
 -5.418  0.7150E-07
 -5.408  0.9626E-07
 -5.398  0.1282E-06
 -5.388  0.1691E-06
 -5.378  0.2207E-06
 -5.368  0.2852E-06
 -5.358  0.3649E-06
 -5.348  0.4621E-06
 -5.338  0.5797E-06
 -5.328  0.7203E-06
 -5.318  0.8867E-06
 -5.308  0.1082E-05
 -5.298  0.1308E-05
 -5.288  0.1568E-05
 -5.278  0.1865E-05
 -5.268  0.2201E-05
 -5.258  0.2579E-05
 -5.248  0.3001E-05
 -5.238  0.3471E-05
 -5.228  0.3990E-05
 -5.218  0.4562E-05
 -5.208  0.5191E-05
 -5.198  0.5881E-05
 -5.188  0.6637E-05
 -5.178  0.7462E-05
 -5.168  0.8363E-05
 -5.158  0.9342E-05
 -5.148  0.1040E-04
 -5.138  0.1155E-04
 -5.128  0.1278E-04
 -5.118  0.1409E-04
 -5.108  0.1548E-04
 -5.098  0.1693E-04
 -5.088  0.1844E-04
 -5.078  0.1998E-04
 -5.068  0.2153E-04
 -5.058  0.2307E-04
 -5.048  0.2457E-04
 -5.038  0.2600E-04
 -5.028  0.2733E-04
 -5.018  0.2854E-04
 -5.008  0.2960E-04
 -4.998  0.3048E-04
 -4.988  0.3117E-04
 -4.978  0.3166E-04
 -4.968  0.3194E-04
 -4.958  0.3202E-04
 -4.948  0.3190E-04
 -4.938  0.3160E-04
 -4.928  0.3115E-04
 -4.918  0.3056E-04
 -4.908  0.2986E-04
 -4.898  0.2908E-04
 -4.888  0.2824E-04
 -4.878  0.2738E-04
 -4.868  0.2651E-04
 -4.858  0.2565E-04
 -4.848  0.2482E-04
 -4.838  0.2402E-04
 -4.828  0.2327E-04
 -4.818  0.2255E-04
 -4.808  0.2186E-04
 -4.798  0.2120E-04
 -4.788  0.2055E-04
 -4.778  0.1991E-04
 -4.768  0.1925E-04
 -4.758  0.1858E-04
 -4.748  0.1787E-04
 -4.738  0.1712E-04
 -4.728  0.1633E-04
 -4.718  0.1549E-04
 -4.708  0.1460E-04
 -4.698  0.1368E-04
 -4.688  0.1272E-04
 -4.678  0.1174E-04
 -4.668  0.1074E-04
 -4.658  0.9754E-05
 -4.648  0.8777E-05
 -4.638  0.7828E-05
 -4.628  0.6917E-05
 -4.618  0.6054E-05
 -4.608  0.5248E-05
 -4.598  0.4505E-05
 -4.588  0.3829E-05
 -4.578  0.3222E-05
 -4.568  0.2684E-05
 -4.558  0.2213E-05
 -4.548  0.1805E-05
 -4.538  0.1458E-05
 -4.528  0.1165E-05
 -4.518  0.9215E-06
 -4.508  0.7212E-06
 -4.498  0.5584E-06
 -4.488  0.4279E-06
 -4.478  0.3244E-06
 -4.468  0.2433E-06
 -4.458  0.1806E-06
 -4.448  0.1326E-06
 -4.438  0.9631E-07
 -4.428  0.6922E-07
 -4.418  0.4921E-07
 -4.408  0.3462E-07
 -4.398  0.2409E-07
 -4.388  0.1659E-07
 -4.378  0.1130E-07
 -4.368  0.7612E-08
 -4.358  0.5074E-08
 -4.348  0.3346E-08
 -4.338  0.2183E-08
 -4.328  0.1409E-08
 -4.318  0.8996E-09
 -4.308  0.5682E-09
 -4.298  0.3551E-09
 -4.288  0.2195E-09
 -4.278  0.1342E-09
 -4.268  0.8119E-10
 -4.258  0.4859E-10
 -4.248  0.2876E-10
 -4.238  0.1685E-10
 -4.228  0.9760E-11
 -4.218  0.5594E-11
 -4.208  0.3172E-11
 -4.198  0.1779E-11
 -4.188  0.9872E-12
 -4.178  0.5419E-12
 -4.168  0.2943E-12
 -4.158  0.1581E-12
 -4.148  0.8400E-13
 -4.138  0.4416E-13
 -4.128  0.2297E-13
 -4.118  0.1182E-13
 -4.108  0.6013E-14
 -4.098  0.3028E-14
 -4.088  0.1508E-14
 -4.078  0.7430E-15
 -4.068  0.3622E-15
 -4.058  0.1746E-15
 -4.048  0.8330E-16
 -4.038  0.3931E-16
 -4.028  0.1835E-16
 -4.018  0.8473E-17
 -4.008  0.3871E-17
 -3.998  0.1749E-17
 -3.988  0.7820E-18
 -3.978  0.3459E-18
 -3.968  0.1513E-18
 -3.958  0.6549E-19
 -3.948  0.2804E-19
 -3.938  0.1188E-19
 -3.928  0.4976E-20
 -3.918  0.2063E-20
 -3.908  0.8458E-21
 -3.898  0.3431E-21
 -3.888  0.1377E-21
 -3.878  0.5465E-22
 -3.868  0.2146E-22
 -3.858  0.8338E-23
 -3.848  0.3204E-23
 -3.838  0.1218E-23
 -3.828  0.4582E-24
 -3.818  0.1705E-24
 -3.808  0.6274E-25
 -3.798  0.2284E-25
 -3.788  0.8228E-26
 -3.778  0.2932E-26
 -3.768  0.1033E-26
 -3.758  0.3603E-27
 -3.748  0.1243E-27
 -3.738  0.4242E-28
 -3.728  0.1432E-28
 -3.718  0.4782E-29
 -3.708  0.1580E-29
 -3.698  0.5163E-30
 -3.688  0.1669E-30
 -3.678  0.5339E-31
 -3.668  0.1689E-31
 -3.658  0.5287E-32
 -3.648  0.1637E-32
 -3.638  0.5014E-33
 -3.628  0.1519E-33
 -3.618  0.4554E-34
 -3.608  0.1350E-34
 -3.598  0.3961E-35
 -3.588  0.1150E-35
 -3.578  0.3300E-36
 -3.568  0.9372E-37
 -3.558  0.2633E-37
 -3.548  0.7318E-38
 -3.538  0.2012E-38
 -3.528  0.5472E-39
 -3.518  0.1472E-39
 -3.508  0.3919E-40
 -3.498  0.1032E-40
 -3.488  0.2688E-41
 -3.478  0.6925E-42
 -3.468  0.1765E-42
 -3.458  0.4452E-43
 -3.448  0.1110E-43
 -3.438  0.2740E-44
 -3.428  0.6690E-45
 -3.418  0.1616E-45
 -3.408  0.3860E-46
 -3.398  0.9123E-47
 -3.388  0.2133E-47
 -3.378  0.4933E-48
 -3.368  0.1129E-48
 -3.358  0.2555E-49
 -3.348  0.5721E-50
 -3.338  0.1267E-50
 -3.328  0.2777E-51
 -3.318  0.6019E-52
 -3.308  0.1291E-52
 -3.298  0.2738E-53
 -3.288  0.5746E-54
 -3.278  0.1193E-54
 -3.268  0.2450E-55
 -3.258  0.4978E-56
 -3.248  0.1000E-56
 -3.238  0.1989E-57
 -3.228  0.3912E-58
 -3.218  0.7612E-59
 -3.208  0.1465E-59
 -3.198  0.2790E-60
 -3.188  0.5256E-61
 -3.178  0.9793E-62
 -3.168  0.1805E-62
 -3.158  0.3292E-63
 -3.148  0.5939E-64
 -3.138  0.1060E-64
 -3.128  0.1871E-65
 -3.118  0.3268E-66
 -3.108  0.5646E-67
 -3.098  0.9650E-68
 -3.088  0.1632E-68
 -3.078  0.2729E-69
 -3.068  0.4516E-70
 -3.058  0.7392E-71
 -3.048  0.1197E-71
 -3.038  0.1917E-72
 -3.028  0.3038E-73
 -3.018  0.4763E-74
 -3.008  0.7391E-75
 -2.998  0.1168E-75
 -2.988  0.4024E-76
 -2.978  0.1554E-75
 -2.968  0.1002E-74
 -2.958  0.6501E-74
 -2.948  0.4172E-73
 -2.938  0.2649E-72
 -2.928  0.1664E-71
 -2.918  0.1034E-70
 -2.908  0.6356E-70
 -2.898  0.3865E-69
 -2.888  0.2325E-68
 -2.878  0.1383E-67
 -2.868  0.8144E-67
 -2.858  0.4743E-66
 -2.848  0.2732E-65
 -2.838  0.1557E-64
 -2.828  0.8780E-64
 -2.818  0.4897E-63
 -2.808  0.2702E-62
 -2.798  0.1475E-61
 -2.788  0.7962E-61
 -2.778  0.4253E-60
 -2.768  0.2247E-59
 -2.758  0.1175E-58
 -2.748  0.6074E-58
 -2.738  0.3107E-57
 -2.728  0.1572E-56
 -2.718  0.7872E-56
 -2.708  0.3898E-55
 -2.698  0.1910E-54
 -2.688  0.9256E-54
 -2.678  0.4438E-53
 -2.668  0.2105E-52
 -2.658  0.9876E-52
 -2.648  0.4584E-51
 -2.638  0.2105E-50
 -2.628  0.9560E-50
 -2.618  0.4296E-49
 -2.608  0.1910E-48
 -2.598  0.8397E-48
 -2.588  0.3653E-47
 -2.578  0.1572E-46
 -2.568  0.6692E-46
 -2.558  0.2818E-45
 -2.548  0.1174E-44
 -2.538  0.4839E-44
 -2.528  0.1973E-43
 -2.518  0.7958E-43
 -2.508  0.3175E-42
 -2.498  0.1253E-41
 -2.488  0.4894E-41
 -2.478  0.1890E-40
 -2.468  0.7223E-40
 -2.458  0.2730E-39
 -2.448  0.1021E-38
 -2.438  0.3777E-38
 -2.428  0.1382E-37
 -2.418  0.5004E-37
 -2.408  0.1792E-36
 -2.398  0.6350E-36
 -2.388  0.2225E-35
 -2.378  0.7716E-35
 -2.368  0.2646E-34
 -2.358  0.8979E-34
 -2.348  0.3014E-33
 -2.338  0.1001E-32
 -2.328  0.3287E-32
 -2.318  0.1068E-31
 -2.308  0.3434E-31
 -2.298  0.1092E-30
 -2.288  0.3435E-30
 -2.278  0.1069E-29
 -2.268  0.3291E-29
 -2.258  0.1002E-28
 -2.248  0.3020E-28
 -2.238  0.9001E-28
 -2.228  0.2654E-27
 -2.218  0.7741E-27
 -2.208  0.2233E-26
 -2.198  0.6375E-26
 -2.188  0.1800E-25
 -2.178  0.5028E-25
 -2.168  0.1390E-24
 -2.158  0.3799E-24
 -2.148  0.1027E-23
 -2.138  0.2748E-23
 -2.128  0.7273E-23
 -2.118  0.1904E-22
 -2.108  0.4931E-22
 -2.098  0.1263E-21
 -2.088  0.3202E-21
 -2.078  0.8029E-21
 -2.068  0.1992E-20
 -2.058  0.4887E-20
 -2.048  0.1186E-19
 -2.038  0.2848E-19
 -2.028  0.6766E-19
 -2.018  0.1590E-18
 -2.008  0.3696E-18
 -1.998  0.8501E-18
 -1.988  0.1934E-17
 -1.978  0.4353E-17
 -1.968  0.9691E-17
 -1.958  0.2134E-16
 -1.948  0.4650E-16
 -1.938  0.1002E-15
 -1.928  0.2137E-15
 -1.918  0.4509E-15
 -1.908  0.9408E-15
 -1.898  0.1942E-14
 -1.888  0.3966E-14
 -1.878  0.8013E-14
 -1.868  0.1601E-13
 -1.858  0.3166E-13
 -1.848  0.6193E-13
 -1.838  0.1198E-12
 -1.828  0.2294E-12
 -1.818  0.4343E-12
 -1.808  0.8137E-12
 -1.798  0.1508E-11
 -1.788  0.2765E-11
 -1.778  0.5014E-11
 -1.768  0.8998E-11
 -1.758  0.1597E-10
 -1.748  0.2805E-10
 -1.738  0.4873E-10
 -1.728  0.8376E-10
 -1.718  0.1424E-09
 -1.708  0.2396E-09
 -1.698  0.3988E-09
 -1.688  0.6566E-09
 -1.678  0.1070E-08
 -1.668  0.1724E-08
 -1.658  0.2750E-08
 -1.648  0.4338E-08
 -1.638  0.6772E-08
 -1.628  0.1046E-07
 -1.618  0.1599E-07
 -1.608  0.2418E-07
 -1.598  0.3618E-07
 -1.588  0.5357E-07
 -1.578  0.7849E-07
 -1.568  0.1138E-06
 -1.558  0.1633E-06
 -1.548  0.2320E-06
 -1.538  0.3261E-06
 -1.528  0.4537E-06
 -1.518  0.6249E-06
 -1.508  0.8520E-06
 -1.498  0.1150E-05
 -1.488  0.1537E-05
 -1.478  0.2033E-05
 -1.468  0.2664E-05
 -1.458  0.3457E-05
 -1.448  0.4444E-05
 -1.438  0.5658E-05
 -1.428  0.7136E-05
 -1.418  0.8918E-05
 -1.408  0.1105E-04
 -1.398  0.1356E-04
 -1.388  0.1649E-04
 -1.378  0.1990E-04
 -1.368  0.2380E-04
 -1.358  0.2822E-04
 -1.348  0.3320E-04
 -1.338  0.3874E-04
 -1.328  0.4485E-04
 -1.318  0.5151E-04
 -1.308  0.5872E-04
 -1.298  0.6642E-04
 -1.288  0.7456E-04
 -1.278  0.8308E-04
 -1.268  0.9189E-04
 -1.258  0.1009E-03
 -1.248  0.1099E-03
 -1.238  0.1189E-03
 -1.228  0.1276E-03
 -1.218  0.1359E-03
 -1.208  0.1436E-03
 -1.198  0.1507E-03
 -1.188  0.1567E-03
 -1.178  0.1618E-03
 -1.168  0.1656E-03
 -1.158  0.1681E-03
 -1.148  0.1692E-03
 -1.138  0.1689E-03
 -1.128  0.1670E-03
 -1.118  0.1637E-03
 -1.108  0.1591E-03
 -1.098  0.1531E-03
 -1.088  0.1460E-03
 -1.078  0.1379E-03
 -1.068  0.1291E-03
 -1.058  0.1196E-03
 -1.048  0.1098E-03
 -1.038  0.9975E-04
 -1.028  0.8976E-04
 -1.018  0.7997E-04
 -1.008  0.7056E-04
 -0.998  0.6165E-04
 -0.988  0.5335E-04
 -0.978  0.4576E-04
 -0.968  0.3893E-04
 -0.958  0.3290E-04
 -0.948  0.2769E-04
 -0.938  0.2329E-04
 -0.928  0.1971E-04
 -0.918  0.1694E-04
 -0.908  0.1496E-04
 -0.898  0.1378E-04
 -0.888  0.1340E-04
 -0.878  0.1383E-04
 -0.868  0.1511E-04
 -0.858  0.1728E-04
 -0.848  0.2038E-04
 -0.838  0.2450E-04
 -0.828  0.2968E-04
 -0.818  0.3600E-04
 -0.808  0.4352E-04
 -0.798  0.5229E-04
 -0.788  0.6233E-04
 -0.778  0.7366E-04
 -0.768  0.8623E-04
 -0.758  0.9997E-04
 -0.748  0.1148E-03
 -0.738  0.1305E-03
 -0.728  0.1469E-03
 -0.718  0.1638E-03
 -0.708  0.1809E-03
 -0.698  0.1979E-03
 -0.688  0.2145E-03
 -0.678  0.2304E-03
 -0.668  0.2454E-03
 -0.658  0.2592E-03
 -0.648  0.2717E-03
 -0.638  0.2827E-03
 -0.628  0.2922E-03
 -0.618  0.3003E-03
 -0.608  0.3070E-03
 -0.598  0.3125E-03
 -0.588  0.3172E-03
 -0.578  0.3211E-03
 -0.568  0.3248E-03
 -0.558  0.3285E-03
 -0.548  0.3324E-03
 -0.538  0.3369E-03
 -0.528  0.3422E-03
 -0.518  0.3482E-03
 -0.508  0.3552E-03
 -0.498  0.3630E-03
 -0.488  0.3713E-03
 -0.478  0.3801E-03
 -0.468  0.3888E-03
 -0.458  0.3973E-03
 -0.448  0.4049E-03
 -0.438  0.4112E-03
 -0.428  0.4160E-03
 -0.418  0.4187E-03
 -0.408  0.4190E-03
 -0.398  0.4168E-03
 -0.388  0.4118E-03
 -0.378  0.4041E-03
 -0.368  0.3936E-03
 -0.358  0.3807E-03
 -0.348  0.3655E-03
 -0.338  0.3484E-03
 -0.328  0.3297E-03
 -0.318  0.3099E-03
 -0.308  0.2895E-03
 -0.298  0.2689E-03
 -0.288  0.2484E-03
 -0.278  0.2285E-03
 -0.268  0.2095E-03
 -0.258  0.1916E-03
 -0.248  0.1751E-03
 -0.238  0.1599E-03
 -0.228  0.1462E-03
 -0.218  0.1339E-03
 -0.208  0.1231E-03
 -0.198  0.1135E-03
 -0.188  0.1051E-03
 -0.178  0.9776E-04
 -0.168  0.9132E-04
 -0.158  0.8566E-04
 -0.148  0.8070E-04
 -0.138  0.7636E-04
 -0.128  0.7261E-04
 -0.118  0.6945E-04
 -0.108  0.6693E-04
 -0.098  0.6511E-04
 -0.088  0.6412E-04
 -0.078  0.6410E-04
 -0.068  0.6520E-04
 -0.058  0.6763E-04
 -0.048  0.7155E-04
 -0.038  0.7716E-04
 -0.028  0.8465E-04
 -0.018  0.9416E-04
 -0.008  0.1058E-03
  0.002  0.1198E-03
  0.012  0.1361E-03
  0.022  0.1547E-03
  0.032  0.1756E-03
  0.042  0.1988E-03
  0.052  0.2239E-03
  0.062  0.2509E-03
  0.072  0.2795E-03
  0.082  0.3093E-03
  0.092  0.3399E-03
  0.102  0.3711E-03
  0.112  0.4022E-03
  0.122  0.4329E-03
  0.132  0.4627E-03
  0.142  0.4912E-03
  0.152  0.5179E-03
  0.162  0.5426E-03
  0.172  0.5649E-03
  0.182  0.5847E-03
  0.192  0.6018E-03
  0.202  0.6163E-03
  0.212  0.6282E-03
  0.222  0.6377E-03
  0.232  0.6452E-03
  0.242  0.6511E-03
  0.252  0.6557E-03
  0.262  0.6596E-03
  0.272  0.6632E-03
  0.282  0.6669E-03
  0.292  0.6712E-03
  0.302  0.6762E-03
  0.312  0.6821E-03
  0.322  0.6890E-03
  0.332  0.6965E-03
  0.342  0.7043E-03
  0.352  0.7121E-03
  0.362  0.7192E-03
  0.372  0.7250E-03
  0.382  0.7287E-03
  0.392  0.7296E-03
  0.402  0.7270E-03
  0.412  0.7205E-03
  0.422  0.7096E-03
  0.432  0.6939E-03
  0.442  0.6735E-03
  0.452  0.6485E-03
  0.462  0.6191E-03
  0.472  0.5858E-03
  0.482  0.5493E-03
  0.492  0.5102E-03
  0.502  0.4693E-03
  0.512  0.4275E-03
  0.522  0.3855E-03
  0.532  0.3441E-03
  0.542  0.3041E-03
  0.552  0.2660E-03
  0.562  0.2302E-03
  0.572  0.1972E-03
  0.582  0.1672E-03
  0.592  0.1402E-03
  0.602  0.1164E-03
  0.612  0.9560E-04
  0.622  0.7769E-04
  0.632  0.6247E-04
  0.642  0.4970E-04
  0.652  0.3912E-04
  0.662  0.3047E-04
  0.672  0.2348E-04
  0.682  0.1790E-04
  0.692  0.1350E-04
  0.702  0.1008E-04
  0.712  0.7442E-05
  0.722  0.5437E-05
  0.732  0.3930E-05
  0.742  0.2811E-05
  0.752  0.1989E-05
  0.762  0.1392E-05
  0.772  0.9643E-06
  0.782  0.6608E-06
  0.792  0.4480E-06
  0.802  0.3005E-06
  0.812  0.1994E-06
  0.822  0.1309E-06
  0.832  0.8506E-07
  0.842  0.5467E-07
