 -5.548  0.1081E-06
 -5.538  0.1671E-06
 -5.528  0.2556E-06
 -5.518  0.3867E-06
 -5.508  0.5789E-06
 -5.498  0.8572E-06
 -5.488  0.1256E-05
 -5.478  0.1820E-05
 -5.468  0.2610E-05
 -5.458  0.3702E-05
 -5.448  0.5196E-05
 -5.438  0.7214E-05
 -5.428  0.9910E-05
 -5.418  0.1347E-04
 -5.408  0.1811E-04
 -5.398  0.2410E-04
 -5.388  0.3173E-04
 -5.378  0.4135E-04
 -5.368  0.5331E-04
 -5.358  0.6802E-04
 -5.348  0.8590E-04
 -5.338  0.1074E-03
 -5.328  0.1329E-03
 -5.318  0.1628E-03
 -5.308  0.1974E-03
 -5.298  0.2372E-03
 -5.288  0.2823E-03
 -5.278  0.3328E-03
 -5.268  0.3888E-03
 -5.258  0.4503E-03
 -5.248  0.5171E-03
 -5.238  0.5891E-03
 -5.228  0.6660E-03
 -5.218  0.7476E-03
 -5.208  0.8337E-03
 -5.198  0.9239E-03
 -5.188  0.1018E-02
 -5.178  0.1117E-02
 -5.168  0.1219E-02
 -5.158  0.1326E-02
 -5.148  0.1438E-02
 -5.138  0.1555E-02
 -5.128  0.1677E-02
 -5.118  0.1806E-02
 -5.108  0.1941E-02
 -5.098  0.2084E-02
 -5.088  0.2234E-02
 -5.078  0.2393E-02
 -5.068  0.2561E-02
 -5.058  0.2737E-02
 -5.048  0.2923E-02
 -5.038  0.3120E-02
 -5.028  0.3329E-02
 -5.018  0.3552E-02
 -5.008  0.3790E-02
 -4.998  0.4047E-02
 -4.988  0.4327E-02
 -4.978  0.4635E-02
 -4.968  0.4976E-02
 -4.958  0.5357E-02
 -4.948  0.5784E-02
 -4.938  0.6264E-02
 -4.928  0.6805E-02
 -4.918  0.7411E-02
 -4.908  0.8087E-02
 -4.898  0.8836E-02
 -4.888  0.9658E-02
 -4.878  0.1055E-01
 -4.868  0.1150E-01
 -4.858  0.1251E-01
 -4.848  0.1356E-01
 -4.838  0.1462E-01
 -4.828  0.1569E-01
 -4.818  0.1673E-01
 -4.808  0.1772E-01
 -4.798  0.1862E-01
 -4.788  0.1942E-01
 -4.778  0.2009E-01
 -4.768  0.2060E-01
 -4.758  0.2093E-01
 -4.748  0.2107E-01
 -4.738  0.2101E-01
 -4.728  0.2075E-01
 -4.718  0.2029E-01
 -4.708  0.1964E-01
 -4.698  0.1883E-01
 -4.688  0.1786E-01
 -4.678  0.1677E-01
 -4.668  0.1558E-01
 -4.658  0.1433E-01
 -4.648  0.1304E-01
 -4.638  0.1175E-01
 -4.628  0.1047E-01
 -4.618  0.9231E-02
 -4.608  0.8053E-02
 -4.598  0.6951E-02
 -4.588  0.5936E-02
 -4.578  0.5016E-02
 -4.568  0.4193E-02
 -4.558  0.3468E-02
 -4.548  0.2838E-02
 -4.538  0.2297E-02
 -4.528  0.1840E-02
 -4.518  0.1457E-02
 -4.508  0.1142E-02
 -4.498  0.8858E-03
 -4.488  0.6795E-03
 -4.478  0.5157E-03
 -4.468  0.3872E-03
 -4.458  0.2875E-03
 -4.448  0.2113E-03
 -4.438  0.1536E-03
 -4.428  0.1104E-03
 -4.418  0.7855E-04
 -4.408  0.5527E-04
 -4.398  0.3848E-04
 -4.388  0.2650E-04
 -4.378  0.1805E-04
 -4.368  0.1217E-04
 -4.358  0.8112E-05
 -4.348  0.5350E-05
 -4.338  0.3491E-05
 -4.328  0.2253E-05
 -4.318  0.1439E-05
 -4.308  0.9089E-06
 -4.298  0.5680E-06
 -4.288  0.3511E-06
 -4.278  0.2147E-06
 -4.268  0.1299E-06
 -4.258  0.7774E-07
 -4.248  0.4602E-07
 -4.238  0.2695E-07
 -4.228  0.1562E-07
 -4.218  0.8951E-08
 -4.208  0.5075E-08
 -4.198  0.2847E-08
 -4.188  0.1580E-08
 -4.178  0.8671E-09
 -4.168  0.4708E-09
 -4.158  0.2529E-09
 -4.148  0.1344E-09
 -4.138  0.7066E-10
 -4.128  0.3675E-10
 -4.118  0.1890E-10
 -4.108  0.9621E-11
 -4.098  0.4844E-11
 -4.088  0.2413E-11
 -4.078  0.1189E-11
 -4.068  0.5794E-12
 -4.058  0.2794E-12
 -4.048  0.1333E-12
 -4.038  0.6288E-13
 -4.028  0.2935E-13
 -4.018  0.1355E-13
 -4.008  0.6192E-14
 -3.998  0.2798E-14
 -3.988  0.1251E-14
 -3.978  0.5532E-15
 -3.968  0.2420E-15
 -3.958  0.1047E-15
 -3.948  0.4485E-16
 -3.938  0.1900E-16
 -3.928  0.7959E-17
 -3.918  0.3299E-17
 -3.908  0.1353E-17
 -3.898  0.5487E-18
 -3.888  0.2202E-18
 -3.878  0.8740E-19
 -3.868  0.3432E-19
 -3.858  0.1333E-19
 -3.848  0.5124E-20
 -3.838  0.1948E-20
 -3.828  0.7326E-21
 -3.818  0.2726E-21
 -3.808  0.1003E-21
 -3.798  0.3652E-22
 -3.788  0.1316E-22
 -3.778  0.4687E-23
 -3.768  0.1652E-23
 -3.758  0.5761E-24
 -3.748  0.1987E-24
 -3.738  0.6781E-25
 -3.728  0.2289E-25
 -3.718  0.7645E-26
 -3.708  0.2526E-26
 -3.698  0.8254E-27
 -3.688  0.2668E-27
 -3.678  0.8534E-28
 -3.668  0.2700E-28
 -3.658  0.8451E-29
 -3.648  0.2616E-29
 -3.638  0.8014E-30
 -3.628  0.2428E-30
 -3.618  0.7279E-31
 -3.608  0.2158E-31
 -3.598  0.6331E-32
 -3.588  0.1837E-32
 -3.578  0.5274E-33
 -3.568  0.1498E-33
 -3.558  0.4208E-34
 -3.548  0.1169E-34
 -3.538  0.3215E-35
 -3.528  0.8744E-36
 -3.518  0.2353E-36
 -3.508  0.6262E-37
 -3.498  0.1649E-37
 -3.488  0.4294E-38
 -3.478  0.1107E-38
 -3.468  0.2821E-39
 -3.458  0.7113E-40
 -3.448  0.1774E-40
 -3.438  0.4379E-41
 -3.428  0.1069E-41
 -3.418  0.2581E-42
 -3.408  0.6167E-43
 -3.398  0.1457E-43
 -3.388  0.3408E-44
 -3.378  0.7881E-45
 -3.368  0.1803E-45
 -3.358  0.4081E-46
 -3.348  0.9139E-47
 -3.338  0.2024E-47
 -3.328  0.4435E-48
 -3.318  0.9615E-49
 -3.308  0.2062E-49
 -3.298  0.4374E-50
 -3.288  0.9178E-51
 -3.278  0.1905E-51
 -3.268  0.3913E-52
 -3.258  0.7950E-53
 -3.248  0.1598E-53
 -3.238  0.3177E-54
 -3.228  0.6248E-55
 -3.218  0.1216E-55
 -3.208  0.2340E-56
 -3.198  0.4456E-57
 -3.188  0.8393E-58
 -3.178  0.1564E-58
 -3.168  0.2883E-59
 -3.158  0.5257E-60
 -3.148  0.9484E-61
 -3.138  0.1692E-61
 -3.128  0.2988E-62
 -3.118  0.5218E-63
 -3.108  0.9015E-64
 -3.098  0.1541E-64
 -3.088  0.2605E-65
 -3.078  0.4357E-66
 -3.068  0.7209E-67
 -3.058  0.1180E-67
 -3.048  0.1911E-68
 -3.038  0.3061E-69
 -3.028  0.4850E-70
 -3.018  0.7603E-71
 -3.008  0.1179E-71
 -2.998  0.1810E-72
 -2.988  0.2823E-73
 -2.978  0.9267E-74
 -2.968  0.3436E-73
 -2.958  0.2191E-72
 -2.948  0.1405E-71
 -2.938  0.8923E-71
 -2.928  0.5605E-70
 -2.918  0.3483E-69
 -2.908  0.2141E-68
 -2.898  0.1302E-67
 -2.888  0.7831E-67
 -2.878  0.4660E-66
 -2.868  0.2743E-65
 -2.858  0.1598E-64
 -2.848  0.9204E-64
 -2.838  0.5245E-63
 -2.828  0.2957E-62
 -2.818  0.1649E-61
 -2.808  0.9100E-61
 -2.798  0.4967E-60
 -2.788  0.2682E-59
 -2.778  0.1433E-58
 -2.768  0.7569E-58
 -2.758  0.3957E-57
 -2.748  0.2046E-56
 -2.738  0.1047E-55
 -2.728  0.5297E-55
 -2.718  0.2652E-54
 -2.708  0.1313E-53
 -2.698  0.6433E-53
 -2.688  0.3118E-52
 -2.678  0.1495E-51
 -2.668  0.7090E-51
 -2.658  0.3327E-50
 -2.648  0.1544E-49
 -2.638  0.7089E-49
 -2.628  0.3220E-48
 -2.618  0.1447E-47
 -2.608  0.6432E-47
 -2.598  0.2829E-46
 -2.588  0.1230E-45
 -2.578  0.5295E-45
 -2.568  0.2254E-44
 -2.558  0.9494E-44
 -2.548  0.3955E-43
 -2.538  0.1630E-42
 -2.528  0.6646E-42
 -2.518  0.2681E-41
 -2.508  0.1070E-40
 -2.498  0.4222E-40
 -2.488  0.1648E-39
 -2.478  0.6367E-39
 -2.468  0.2433E-38
 -2.458  0.9197E-38
 -2.448  0.3439E-37
 -2.438  0.1272E-36
 -2.428  0.4656E-36
 -2.418  0.1686E-35
 -2.408  0.6037E-35
 -2.398  0.2139E-34
 -2.388  0.7496E-34
 -2.378  0.2599E-33
 -2.368  0.8914E-33
 -2.358  0.3025E-32
 -2.348  0.1015E-31
 -2.338  0.3371E-31
 -2.328  0.1107E-30
 -2.318  0.3598E-30
 -2.308  0.1157E-29
 -2.298  0.3678E-29
 -2.288  0.1157E-28
 -2.278  0.3601E-28
 -2.268  0.1109E-27
 -2.258  0.3377E-27
 -2.248  0.1017E-26
 -2.238  0.3032E-26
 -2.228  0.8940E-26
 -2.218  0.2608E-25
 -2.208  0.7524E-25
 -2.198  0.2148E-24
 -2.188  0.6065E-24
 -2.178  0.1694E-23
 -2.168  0.4682E-23
 -2.158  0.1280E-22
 -2.148  0.3461E-22
 -2.138  0.9260E-22
 -2.128  0.2451E-21
 -2.118  0.6417E-21
 -2.108  0.1662E-20
 -2.098  0.4258E-20
 -2.088  0.1079E-19
 -2.078  0.2707E-19
 -2.068  0.6714E-19
 -2.058  0.1648E-18
 -2.048  0.4000E-18
 -2.038  0.9606E-18
 -2.028  0.2282E-17
 -2.018  0.5364E-17
 -2.008  0.1247E-16
 -1.998  0.2869E-16
 -1.988  0.6528E-16
 -1.978  0.1470E-15
 -1.968  0.3273E-15
 -1.958  0.7211E-15
 -1.948  0.1572E-14
 -1.938  0.3389E-14
 -1.928  0.7230E-14
 -1.918  0.1526E-13
 -1.908  0.3186E-13
 -1.898  0.6581E-13
 -1.888  0.1345E-12
 -1.878  0.2719E-12
 -1.868  0.5439E-12
 -1.858  0.1076E-11
 -1.848  0.2108E-11
 -1.838  0.4083E-11
 -1.828  0.7826E-11
 -1.818  0.1484E-10
 -1.808  0.2785E-10
 -1.798  0.5172E-10
 -1.788  0.9502E-10
 -1.778  0.1728E-09
 -1.768  0.3108E-09
 -1.758  0.5534E-09
 -1.748  0.9750E-09
 -1.738  0.1700E-08
 -1.728  0.2934E-08
 -1.718  0.5012E-08
 -1.708  0.8475E-08
 -1.698  0.1418E-07
 -1.688  0.2350E-07
 -1.678  0.3856E-07
 -1.668  0.6263E-07
 -1.658  0.1007E-06
 -1.648  0.1604E-06
 -1.638  0.2531E-06
 -1.628  0.3955E-06
 -1.618  0.6122E-06
 -1.608  0.9388E-06
 -1.598  0.1427E-05
 -1.588  0.2148E-05
 -1.578  0.3207E-05
 -1.568  0.4745E-05
 -1.558  0.6960E-05
 -1.548  0.1012E-04
 -1.538  0.1460E-04
 -1.528  0.2089E-04
 -1.518  0.2965E-04
 -1.508  0.4175E-04
 -1.498  0.5833E-04
 -1.488  0.8086E-04
 -1.478  0.1112E-03
 -1.468  0.1519E-03
 -1.458  0.2057E-03
 -1.448  0.2767E-03
 -1.438  0.3692E-03
 -1.428  0.4891E-03
 -1.418  0.6428E-03
 -1.408  0.8385E-03
 -1.398  0.1085E-02
 -1.388  0.1394E-02
 -1.378  0.1776E-02
 -1.368  0.2244E-02
 -1.358  0.2812E-02
 -1.348  0.3496E-02
 -1.338  0.4309E-02
 -1.328  0.5265E-02
 -1.318  0.6377E-02
 -1.308  0.7655E-02
 -1.298  0.9107E-02
 -1.288  0.1074E-01
 -1.278  0.1254E-01
 -1.268  0.1451E-01
 -1.258  0.1663E-01
 -1.248  0.1887E-01
 -1.238  0.2121E-01
 -1.228  0.2361E-01
 -1.218  0.2601E-01
 -1.208  0.2838E-01
 -1.198  0.3066E-01
 -1.188  0.3278E-01
 -1.178  0.3469E-01
 -1.168  0.3635E-01
 -1.158  0.3769E-01
 -1.148  0.3867E-01
 -1.138  0.3927E-01
 -1.128  0.3947E-01
 -1.118  0.3926E-01
 -1.108  0.3864E-01
 -1.098  0.3763E-01
 -1.088  0.3626E-01
 -1.078  0.3457E-01
 -1.068  0.3262E-01
 -1.058  0.3045E-01
 -1.048  0.2813E-01
 -1.038  0.2571E-01
 -1.028  0.2324E-01
 -1.018  0.2079E-01
 -1.008  0.1841E-01
 -0.998  0.1612E-01
 -0.988  0.1397E-01
 -0.978  0.1198E-01
 -0.968  0.1016E-01
 -0.958  0.8532E-02
 -0.948  0.7091E-02
 -0.938  0.5836E-02
 -0.928  0.4758E-02
 -0.918  0.3848E-02
 -0.908  0.3092E-02
 -0.898  0.2475E-02
 -0.888  0.1983E-02
 -0.878  0.1601E-02
 -0.868  0.1316E-02
 -0.858  0.1115E-02
 -0.848  0.9880E-03
 -0.838  0.9258E-03
 -0.828  0.9208E-03
 -0.818  0.9665E-03
 -0.808  0.1058E-02
 -0.798  0.1191E-02
 -0.788  0.1361E-02
 -0.778  0.1565E-02
 -0.768  0.1800E-02
 -0.758  0.2063E-02
 -0.748  0.2348E-02
 -0.738  0.2652E-02
 -0.728  0.2971E-02
 -0.718  0.3298E-02
 -0.708  0.3630E-02
 -0.698  0.3960E-02
 -0.688  0.4284E-02
 -0.678  0.4598E-02
 -0.668  0.4898E-02
 -0.658  0.5183E-02
 -0.648  0.5453E-02
 -0.638  0.5708E-02
 -0.628  0.5952E-02
 -0.618  0.6190E-02
 -0.608  0.6429E-02
 -0.598  0.6676E-02
 -0.588  0.6941E-02
 -0.578  0.7233E-02
 -0.568  0.7561E-02
 -0.558  0.7934E-02
 -0.548  0.8359E-02
 -0.538  0.8841E-02
 -0.528  0.9381E-02
 -0.518  0.9979E-02
 -0.508  0.1063E-01
 -0.498  0.1133E-01
 -0.488  0.1206E-01
 -0.478  0.1282E-01
 -0.468  0.1358E-01
 -0.458  0.1433E-01
 -0.448  0.1504E-01
 -0.438  0.1571E-01
 -0.428  0.1630E-01
 -0.418  0.1680E-01
 -0.408  0.1721E-01
 -0.398  0.1750E-01
 -0.388  0.1767E-01
 -0.378  0.1772E-01
 -0.368  0.1765E-01
 -0.358  0.1746E-01
 -0.348  0.1717E-01
 -0.338  0.1678E-01
 -0.328  0.1632E-01
 -0.318  0.1580E-01
 -0.308  0.1525E-01
 -0.298  0.1467E-01
 -0.288  0.1409E-01
 -0.278  0.1352E-01
 -0.268  0.1297E-01
 -0.258  0.1246E-01
 -0.248  0.1199E-01
 -0.238  0.1156E-01
 -0.228  0.1118E-01
 -0.218  0.1083E-01
 -0.208  0.1051E-01
 -0.198  0.1021E-01
 -0.188  0.9931E-02
 -0.178  0.9654E-02
 -0.168  0.9374E-02
 -0.158  0.9084E-02
 -0.148  0.8780E-02
 -0.138  0.8460E-02
 -0.128  0.8124E-02
 -0.118  0.7776E-02
 -0.108  0.7422E-02
 -0.098  0.7072E-02
 -0.088  0.6736E-02
 -0.078  0.6427E-02
 -0.068  0.6156E-02
 -0.058  0.5937E-02
 -0.048  0.5783E-02
 -0.038  0.5704E-02
 -0.028  0.5709E-02
 -0.018  0.5804E-02
 -0.008  0.5994E-02
  0.002  0.6278E-02
  0.012  0.6653E-02
  0.022  0.7113E-02
  0.032  0.7647E-02
  0.042  0.8243E-02
  0.052  0.8885E-02
  0.062  0.9555E-02
  0.072  0.1023E-01
  0.082  0.1090E-01
  0.092  0.1154E-01
  0.102  0.1213E-01
  0.112  0.1265E-01
  0.122  0.1309E-01
  0.132  0.1343E-01
  0.142  0.1368E-01
  0.152  0.1382E-01
  0.162  0.1385E-01
  0.172  0.1379E-01
  0.182  0.1363E-01
  0.192  0.1339E-01
  0.202  0.1308E-01
  0.212  0.1272E-01
  0.222  0.1233E-01
  0.232  0.1192E-01
  0.242  0.1152E-01
  0.252  0.1113E-01
  0.262  0.1078E-01
  0.272  0.1048E-01
  0.282  0.1023E-01
  0.292  0.1005E-01
  0.302  0.9938E-02
  0.312  0.9893E-02
  0.322  0.9911E-02
  0.332  0.9983E-02
  0.342  0.1010E-01
  0.352  0.1025E-01
  0.362  0.1041E-01
  0.372  0.1057E-01
  0.382  0.1071E-01
  0.392  0.1081E-01
  0.402  0.1087E-01
  0.412  0.1087E-01
  0.422  0.1079E-01
  0.432  0.1064E-01
  0.442  0.1040E-01
  0.452  0.1009E-01
  0.462  0.9691E-02
  0.472  0.9226E-02
  0.482  0.8700E-02
  0.492  0.8123E-02
  0.502  0.7510E-02
  0.512  0.6874E-02
  0.522  0.6227E-02
  0.532  0.5583E-02
  0.542  0.4955E-02
  0.552  0.4351E-02
  0.562  0.3781E-02
  0.572  0.3251E-02
  0.582  0.2766E-02
  0.592  0.2329E-02
  0.602  0.1940E-02
  0.612  0.1599E-02
  0.622  0.1304E-02
  0.632  0.1052E-02
  0.642  0.8401E-03
  0.652  0.6635E-03
  0.662  0.5185E-03
  0.672  0.4009E-03
  0.682  0.3067E-03
  0.692  0.2321E-03
  0.702  0.1738E-03
  0.712  0.1288E-03
  0.722  0.9439E-04
  0.732  0.6845E-04
  0.742  0.4911E-04
  0.752  0.3486E-04
  0.762  0.2448E-04
  0.772  0.1701E-04
  0.782  0.1169E-04
  0.792  0.7953E-05
  0.802  0.5351E-05
  0.812  0.3562E-05
  0.822  0.2346E-05
  0.832  0.1529E-05
  0.842  0.9855E-06
