 -5.548  0.7084E-11
 -5.538  0.1095E-10
 -5.528  0.1676E-10
 -5.518  0.2536E-10
 -5.508  0.3798E-10
 -5.498  0.5626E-10
 -5.488  0.8246E-10
 -5.478  0.1196E-09
 -5.468  0.1716E-09
 -5.458  0.2436E-09
 -5.448  0.3422E-09
 -5.438  0.4756E-09
 -5.428  0.6543E-09
 -5.418  0.8907E-09
 -5.408  0.1200E-08
 -5.398  0.1600E-08
 -5.388  0.2112E-08
 -5.378  0.2761E-08
 -5.368  0.3572E-08
 -5.358  0.4578E-08
 -5.348  0.5810E-08
 -5.338  0.7305E-08
 -5.328  0.9102E-08
 -5.318  0.1124E-07
 -5.308  0.1376E-07
 -5.298  0.1671E-07
 -5.288  0.2014E-07
 -5.278  0.2409E-07
 -5.268  0.2861E-07
 -5.258  0.3376E-07
 -5.248  0.3959E-07
 -5.238  0.4618E-07
 -5.228  0.5360E-07
 -5.218  0.6192E-07
 -5.208  0.7123E-07
 -5.198  0.8163E-07
 -5.188  0.9322E-07
 -5.178  0.1061E-06
 -5.168  0.1203E-06
 -5.158  0.1360E-06
 -5.148  0.1532E-06
 -5.138  0.1720E-06
 -5.128  0.1922E-06
 -5.118  0.2139E-06
 -5.108  0.2369E-06
 -5.098  0.2609E-06
 -5.088  0.2857E-06
 -5.078  0.3109E-06
 -5.068  0.3361E-06
 -5.058  0.3607E-06
 -5.048  0.3844E-06
 -5.038  0.4064E-06
 -5.028  0.4263E-06
 -5.018  0.4435E-06
 -5.008  0.4576E-06
 -4.998  0.4683E-06
 -4.988  0.4752E-06
 -4.978  0.4782E-06
 -4.968  0.4773E-06
 -4.958  0.4726E-06
 -4.948  0.4645E-06
 -4.938  0.4532E-06
 -4.928  0.4392E-06
 -4.918  0.4231E-06
 -4.908  0.4054E-06
 -4.898  0.3868E-06
 -4.888  0.3678E-06
 -4.878  0.3489E-06
 -4.868  0.3307E-06
 -4.858  0.3135E-06
 -4.848  0.2975E-06
 -4.838  0.2830E-06
 -4.828  0.2700E-06
 -4.818  0.2585E-06
 -4.808  0.2484E-06
 -4.798  0.2394E-06
 -4.788  0.2314E-06
 -4.778  0.2241E-06
 -4.768  0.2171E-06
 -4.758  0.2103E-06
 -4.748  0.2033E-06
 -4.738  0.1960E-06
 -4.728  0.1882E-06
 -4.718  0.1798E-06
 -4.708  0.1707E-06
 -4.698  0.1610E-06
 -4.688  0.1507E-06
 -4.678  0.1400E-06
 -4.668  0.1289E-06
 -4.658  0.1177E-06
 -4.648  0.1064E-06
 -4.638  0.9532E-07
 -4.628  0.8456E-07
 -4.618  0.7428E-07
 -4.608  0.6460E-07
 -4.598  0.5561E-07
 -4.588  0.4738E-07
 -4.578  0.3995E-07
 -4.568  0.3334E-07
 -4.558  0.2753E-07
 -4.548  0.2250E-07
 -4.538  0.1819E-07
 -4.528  0.1455E-07
 -4.518  0.1152E-07
 -4.508  0.9022E-08
 -4.498  0.6991E-08
 -4.488  0.5359E-08
 -4.478  0.4065E-08
 -4.468  0.3050E-08
 -4.458  0.2264E-08
 -4.448  0.1663E-08
 -4.438  0.1208E-08
 -4.428  0.8683E-09
 -4.418  0.6174E-09
 -4.408  0.4343E-09
 -4.398  0.3022E-09
 -4.388  0.2081E-09
 -4.378  0.1417E-09
 -4.368  0.9548E-10
 -4.358  0.6364E-10
 -4.348  0.4196E-10
 -4.338  0.2737E-10
 -4.328  0.1766E-10
 -4.318  0.1128E-10
 -4.308  0.7121E-11
 -4.298  0.4449E-11
 -4.288  0.2749E-11
 -4.278  0.1681E-11
 -4.268  0.1017E-11
 -4.258  0.6083E-12
 -4.248  0.3601E-12
 -4.238  0.2108E-12
 -4.228  0.1221E-12
 -4.218  0.6998E-13
 -4.208  0.3967E-13
 -4.198  0.2225E-13
 -4.188  0.1234E-13
 -4.178  0.6773E-14
 -4.168  0.3677E-14
 -4.158  0.1975E-14
 -4.148  0.1049E-14
 -4.138  0.5514E-15
 -4.128  0.2867E-15
 -4.118  0.1475E-15
 -4.108  0.7503E-16
 -4.098  0.3777E-16
 -4.088  0.1881E-16
 -4.078  0.9264E-17
 -4.068  0.4514E-17
 -4.058  0.2176E-17
 -4.048  0.1038E-17
 -4.038  0.4896E-18
 -4.028  0.2285E-18
 -4.018  0.1055E-18
 -4.008  0.4818E-19
 -3.998  0.2177E-19
 -3.988  0.9730E-20
 -3.978  0.4302E-20
 -3.968  0.1882E-20
 -3.958  0.8142E-21
 -3.948  0.3485E-21
 -3.938  0.1476E-21
 -3.928  0.6182E-22
 -3.918  0.2562E-22
 -3.908  0.1050E-22
 -3.898  0.4259E-23
 -3.888  0.1709E-23
 -3.878  0.6782E-24
 -3.868  0.2663E-24
 -3.858  0.1034E-24
 -3.848  0.3973E-25
 -3.838  0.1510E-25
 -3.828  0.5679E-26
 -3.818  0.2112E-26
 -3.808  0.7772E-27
 -3.798  0.2829E-27
 -3.788  0.1019E-27
 -3.778  0.3629E-28
 -3.768  0.1279E-28
 -3.758  0.4459E-29
 -3.748  0.1538E-29
 -3.738  0.5246E-30
 -3.728  0.1771E-30
 -3.718  0.5911E-31
 -3.708  0.1952E-31
 -3.698  0.6379E-32
 -3.688  0.2062E-32
 -3.678  0.6593E-33
 -3.668  0.2086E-33
 -3.658  0.6526E-34
 -3.648  0.2020E-34
 -3.638  0.6186E-35
 -3.628  0.1874E-35
 -3.618  0.5616E-36
 -3.608  0.1665E-36
 -3.598  0.4883E-37
 -3.588  0.1417E-37
 -3.578  0.4066E-38
 -3.568  0.1154E-38
 -3.558  0.3243E-39
 -3.548  0.9010E-40
 -3.538  0.2476E-40
 -3.528  0.6734E-41
 -3.518  0.1811E-41
 -3.508  0.4820E-42
 -3.498  0.1269E-42
 -3.488  0.3304E-43
 -3.478  0.8512E-44
 -3.468  0.2169E-44
 -3.458  0.5469E-45
 -3.448  0.1364E-45
 -3.438  0.3365E-46
 -3.428  0.8214E-47
 -3.418  0.1983E-47
 -3.408  0.4737E-48
 -3.398  0.1119E-48
 -3.388  0.2616E-49
 -3.378  0.6050E-50
 -3.368  0.1384E-50
 -3.358  0.3132E-51
 -3.348  0.7010E-52
 -3.338  0.1552E-52
 -3.328  0.3401E-53
 -3.318  0.7371E-54
 -3.308  0.1580E-54
 -3.298  0.3352E-55
 -3.288  0.7032E-56
 -3.278  0.1460E-56
 -3.268  0.2997E-57
 -3.258  0.6087E-58
 -3.248  0.1223E-58
 -3.238  0.2431E-59
 -3.228  0.4781E-60
 -3.218  0.9300E-61
 -3.208  0.1790E-61
 -3.198  0.3407E-62
 -3.188  0.6416E-63
 -3.178  0.1195E-63
 -3.168  0.2203E-64
 -3.158  0.4017E-65
 -3.148  0.7244E-66
 -3.138  0.1293E-66
 -3.128  0.2281E-67
 -3.118  0.3983E-68
 -3.108  0.6880E-69
 -3.098  0.1176E-69
 -3.088  0.1987E-70
 -3.078  0.3323E-71
 -3.068  0.5498E-72
 -3.058  0.8997E-73
 -3.048  0.1456E-73
 -3.038  0.2333E-74
 -3.028  0.3695E-75
 -3.018  0.5792E-76
 -3.008  0.9026E-77
 -2.998  0.1690E-77
 -2.988  0.2303E-77
 -2.978  0.1392E-76
 -2.968  0.9107E-76
 -2.958  0.5908E-75
 -2.948  0.3792E-74
 -2.938  0.2408E-73
 -2.928  0.1512E-72
 -2.918  0.9397E-72
 -2.908  0.5776E-71
 -2.898  0.3512E-70
 -2.888  0.2113E-69
 -2.878  0.1257E-68
 -2.868  0.7402E-68
 -2.858  0.4311E-67
 -2.848  0.2483E-66
 -2.838  0.1415E-65
 -2.828  0.7979E-65
 -2.818  0.4450E-64
 -2.808  0.2455E-63
 -2.798  0.1340E-62
 -2.788  0.7236E-62
 -2.778  0.3865E-61
 -2.768  0.2042E-60
 -2.758  0.1068E-59
 -2.748  0.5521E-59
 -2.738  0.2824E-58
 -2.728  0.1429E-57
 -2.718  0.7154E-57
 -2.708  0.3543E-56
 -2.698  0.1736E-55
 -2.688  0.8413E-55
 -2.678  0.4033E-54
 -2.668  0.1913E-53
 -2.658  0.8976E-53
 -2.648  0.4166E-52
 -2.638  0.1913E-51
 -2.628  0.8689E-51
 -2.618  0.3904E-50
 -2.608  0.1736E-49
 -2.598  0.7632E-49
 -2.588  0.3320E-48
 -2.578  0.1429E-47
 -2.568  0.6082E-47
 -2.558  0.2562E-46
 -2.548  0.1067E-45
 -2.538  0.4398E-45
 -2.528  0.1793E-44
 -2.518  0.7233E-44
 -2.508  0.2886E-43
 -2.498  0.1139E-42
 -2.488  0.4448E-42
 -2.478  0.1718E-41
 -2.468  0.6565E-41
 -2.458  0.2482E-40
 -2.448  0.9280E-40
 -2.438  0.3433E-39
 -2.428  0.1256E-38
 -2.418  0.4548E-38
 -2.408  0.1629E-37
 -2.398  0.5771E-37
 -2.388  0.2023E-36
 -2.378  0.7012E-36
 -2.368  0.2405E-35
 -2.358  0.8161E-35
 -2.348  0.2739E-34
 -2.338  0.9095E-34
 -2.328  0.2988E-33
 -2.318  0.9708E-33
 -2.308  0.3121E-32
 -2.298  0.9925E-32
 -2.288  0.3122E-31
 -2.278  0.9716E-31
 -2.268  0.2991E-30
 -2.258  0.9110E-30
 -2.248  0.2745E-29
 -2.238  0.8180E-29
 -2.228  0.2412E-28
 -2.218  0.7035E-28
 -2.208  0.2030E-27
 -2.198  0.5794E-27
 -2.188  0.1636E-26
 -2.178  0.4570E-26
 -2.168  0.1263E-25
 -2.158  0.3452E-25
 -2.148  0.9336E-25
 -2.138  0.2498E-24
 -2.128  0.6610E-24
 -2.118  0.1730E-23
 -2.108  0.4482E-23
 -2.098  0.1148E-22
 -2.088  0.2910E-22
 -2.078  0.7297E-22
 -2.068  0.1810E-21
 -2.058  0.4441E-21
 -2.048  0.1078E-20
 -2.038  0.2588E-20
 -2.028  0.6149E-20
 -2.018  0.1445E-19
 -2.008  0.3359E-19
 -1.998  0.7725E-19
 -1.988  0.1757E-18
 -1.978  0.3955E-18
 -1.968  0.8806E-18
 -1.958  0.1939E-17
 -1.948  0.4226E-17
 -1.938  0.9108E-17
 -1.928  0.1942E-16
 -1.918  0.4096E-16
 -1.908  0.8547E-16
 -1.898  0.1764E-15
 -1.888  0.3603E-15
 -1.878  0.7279E-15
 -1.868  0.1455E-14
 -1.858  0.2876E-14
 -1.848  0.5624E-14
 -1.838  0.1088E-13
 -1.828  0.2083E-13
 -1.818  0.3943E-13
 -1.808  0.7386E-13
 -1.798  0.1369E-12
 -1.788  0.2509E-12
 -1.778  0.4550E-12
 -1.768  0.8162E-12
 -1.758  0.1449E-11
 -1.748  0.2543E-11
 -1.738  0.4418E-11
 -1.728  0.7590E-11
 -1.718  0.1290E-10
 -1.708  0.2170E-10
 -1.698  0.3610E-10
 -1.688  0.5941E-10
 -1.678  0.9674E-10
 -1.668  0.1558E-09
 -1.658  0.2483E-09
 -1.648  0.3915E-09
 -1.638  0.6107E-09
 -1.628  0.9424E-09
 -1.618  0.1439E-08
 -1.608  0.2173E-08
 -1.598  0.3248E-08
 -1.588  0.4803E-08
 -1.578  0.7026E-08
 -1.568  0.1017E-07
 -1.558  0.1457E-07
 -1.548  0.2064E-07
 -1.538  0.2895E-07
 -1.528  0.4017E-07
 -1.518  0.5516E-07
 -1.508  0.7496E-07
 -1.498  0.1008E-06
 -1.488  0.1342E-06
 -1.478  0.1767E-06
 -1.468  0.2304E-06
 -1.458  0.2974E-06
 -1.448  0.3800E-06
 -1.438  0.4806E-06
 -1.428  0.6019E-06
 -1.418  0.7463E-06
 -1.408  0.9164E-06
 -1.398  0.1114E-05
 -1.388  0.1342E-05
 -1.378  0.1602E-05
 -1.368  0.1893E-05
 -1.358  0.2218E-05
 -1.348  0.2575E-05
 -1.338  0.2962E-05
 -1.328  0.3379E-05
 -1.318  0.3821E-05
 -1.308  0.4284E-05
 -1.298  0.4765E-05
 -1.288  0.5256E-05
 -1.278  0.5752E-05
 -1.268  0.6246E-05
 -1.258  0.6731E-05
 -1.248  0.7199E-05
 -1.238  0.7641E-05
 -1.228  0.8051E-05
 -1.218  0.8421E-05
 -1.208  0.8744E-05
 -1.198  0.9013E-05
 -1.188  0.9223E-05
 -1.178  0.9368E-05
 -1.168  0.9445E-05
 -1.158  0.9452E-05
 -1.148  0.9387E-05
 -1.138  0.9250E-05
 -1.128  0.9045E-05
 -1.118  0.8773E-05
 -1.108  0.8441E-05
 -1.098  0.8054E-05
 -1.088  0.7619E-05
 -1.078  0.7147E-05
 -1.068  0.6645E-05
 -1.058  0.6124E-05
 -1.048  0.5593E-05
 -1.038  0.5061E-05
 -1.028  0.4538E-05
 -1.018  0.4031E-05
 -1.008  0.3547E-05
 -0.998  0.3093E-05
 -0.988  0.2672E-05
 -0.978  0.2289E-05
 -0.968  0.1945E-05
 -0.958  0.1642E-05
 -0.948  0.1380E-05
 -0.938  0.1160E-05
 -0.928  0.9798E-06
 -0.918  0.8400E-06
 -0.908  0.7398E-06
 -0.898  0.6790E-06
 -0.888  0.6578E-06
 -0.878  0.6773E-06
 -0.868  0.7392E-06
 -0.858  0.8458E-06
 -0.848  0.1000E-05
 -0.838  0.1207E-05
 -0.828  0.1469E-05
 -0.818  0.1792E-05
 -0.808  0.2179E-05
 -0.798  0.2635E-05
 -0.788  0.3163E-05
 -0.778  0.3765E-05
 -0.768  0.4441E-05
 -0.758  0.5191E-05
 -0.748  0.6009E-05
 -0.738  0.6892E-05
 -0.728  0.7830E-05
 -0.718  0.8813E-05
 -0.708  0.9829E-05
 -0.698  0.1086E-04
 -0.688  0.1190E-04
 -0.678  0.1292E-04
 -0.668  0.1392E-04
 -0.658  0.1487E-04
 -0.648  0.1577E-04
 -0.638  0.1661E-04
 -0.628  0.1738E-04
 -0.618  0.1807E-04
 -0.608  0.1870E-04
 -0.598  0.1926E-04
 -0.588  0.1977E-04
 -0.578  0.2024E-04
 -0.568  0.2069E-04
 -0.558  0.2113E-04
 -0.548  0.2158E-04
 -0.538  0.2206E-04
 -0.528  0.2259E-04
 -0.518  0.2316E-04
 -0.508  0.2380E-04
 -0.498  0.2449E-04
 -0.488  0.2524E-04
 -0.478  0.2602E-04
 -0.468  0.2684E-04
 -0.458  0.2765E-04
 -0.448  0.2845E-04
 -0.438  0.2919E-04
 -0.428  0.2986E-04
 -0.418  0.3042E-04
 -0.408  0.3085E-04
 -0.398  0.3112E-04
 -0.388  0.3123E-04
 -0.378  0.3115E-04
 -0.368  0.3089E-04
 -0.358  0.3044E-04
 -0.348  0.2982E-04
 -0.338  0.2904E-04
 -0.328  0.2812E-04
 -0.318  0.2708E-04
 -0.308  0.2596E-04
 -0.298  0.2478E-04
 -0.288  0.2358E-04
 -0.278  0.2236E-04
 -0.268  0.2117E-04
 -0.258  0.2002E-04
 -0.248  0.1893E-04
 -0.238  0.1790E-04
 -0.228  0.1695E-04
 -0.218  0.1607E-04
 -0.208  0.1527E-04
 -0.198  0.1453E-04
 -0.188  0.1386E-04
 -0.178  0.1324E-04
 -0.168  0.1266E-04
 -0.158  0.1213E-04
 -0.148  0.1164E-04
 -0.138  0.1119E-04
 -0.128  0.1079E-04
 -0.118  0.1045E-04
 -0.108  0.1019E-04
 -0.098  0.1002E-04
 -0.088  0.9973E-05
 -0.078  0.1008E-04
 -0.068  0.1037E-04
 -0.058  0.1087E-04
 -0.048  0.1164E-04
 -0.038  0.1270E-04
 -0.028  0.1408E-04
 -0.018  0.1583E-04
 -0.008  0.1797E-04
  0.002  0.2053E-04
  0.012  0.2352E-04
  0.022  0.2696E-04
  0.032  0.3085E-04
  0.042  0.3518E-04
  0.052  0.3994E-04
  0.062  0.4509E-04
  0.072  0.5060E-04
  0.082  0.5642E-04
  0.092  0.6249E-04
  0.102  0.6875E-04
  0.112  0.7512E-04
  0.122  0.8152E-04
  0.132  0.8788E-04
  0.142  0.9413E-04
  0.152  0.1002E-03
  0.162  0.1060E-03
  0.172  0.1116E-03
  0.182  0.1168E-03
  0.192  0.1217E-03
  0.202  0.1263E-03
  0.212  0.1307E-03
  0.222  0.1349E-03
  0.232  0.1389E-03
  0.242  0.1429E-03
  0.252  0.1470E-03
  0.262  0.1512E-03
  0.272  0.1557E-03
  0.282  0.1604E-03
  0.292  0.1655E-03
  0.302  0.1709E-03
  0.312  0.1767E-03
  0.322  0.1826E-03
  0.332  0.1886E-03
  0.342  0.1946E-03
  0.352  0.2003E-03
  0.362  0.2055E-03
  0.372  0.2099E-03
  0.382  0.2134E-03
  0.392  0.2156E-03
  0.402  0.2165E-03
  0.412  0.2158E-03
  0.422  0.2135E-03
  0.432  0.2095E-03
  0.442  0.2037E-03
  0.452  0.1964E-03
  0.462  0.1876E-03
  0.472  0.1774E-03
  0.482  0.1662E-03
  0.492  0.1542E-03
  0.502  0.1416E-03
  0.512  0.1287E-03
  0.522  0.1158E-03
  0.532  0.1031E-03
  0.542  0.9087E-04
  0.552  0.7925E-04
  0.562  0.6839E-04
  0.572  0.5840E-04
  0.582  0.4934E-04
  0.592  0.4125E-04
  0.602  0.3412E-04
  0.612  0.2793E-04
  0.622  0.2262E-04
  0.632  0.1812E-04
  0.642  0.1436E-04
  0.652  0.1127E-04
  0.662  0.8742E-05
  0.672  0.6712E-05
  0.682  0.5098E-05
  0.692  0.3831E-05
  0.702  0.2849E-05
  0.712  0.2096E-05
  0.722  0.1525E-05
  0.732  0.1098E-05
  0.742  0.7824E-06
  0.752  0.5514E-06
  0.762  0.3845E-06
  0.772  0.2653E-06
  0.782  0.1811E-06
  0.792  0.1223E-06
  0.802  0.8171E-07
  0.812  0.5401E-07
  0.822  0.3532E-07
  0.832  0.2286E-07
  0.842  0.1463E-07
