 -5.548  0.4407E-06
 -5.538  0.6813E-06
 -5.528  0.1042E-05
 -5.518  0.1577E-05
 -5.508  0.2360E-05
 -5.498  0.3495E-05
 -5.488  0.5120E-05
 -5.478  0.7420E-05
 -5.468  0.1064E-04
 -5.458  0.1509E-04
 -5.448  0.2118E-04
 -5.438  0.2940E-04
 -5.428  0.4039E-04
 -5.418  0.5489E-04
 -5.408  0.7380E-04
 -5.398  0.9819E-04
 -5.388  0.1293E-03
 -5.378  0.1684E-03
 -5.368  0.2170E-03
 -5.358  0.2768E-03
 -5.348  0.3495E-03
 -5.338  0.4367E-03
 -5.328  0.5401E-03
 -5.318  0.6614E-03
 -5.308  0.8017E-03
 -5.298  0.9624E-03
 -5.288  0.1144E-02
 -5.278  0.1348E-02
 -5.268  0.1573E-02
 -5.258  0.1819E-02
 -5.248  0.2085E-02
 -5.238  0.2371E-02
 -5.228  0.2675E-02
 -5.218  0.2995E-02
 -5.208  0.3330E-02
 -5.198  0.3678E-02
 -5.188  0.4039E-02
 -5.178  0.4411E-02
 -5.168  0.4795E-02
 -5.158  0.5189E-02
 -5.148  0.5595E-02
 -5.138  0.6014E-02
 -5.128  0.6446E-02
 -5.118  0.6892E-02
 -5.108  0.7354E-02
 -5.098  0.7831E-02
 -5.088  0.8323E-02
 -5.078  0.8830E-02
 -5.068  0.9348E-02
 -5.058  0.9876E-02
 -5.048  0.1041E-01
 -5.038  0.1094E-01
 -5.028  0.1147E-01
 -5.018  0.1199E-01
 -5.008  0.1249E-01
 -4.998  0.1297E-01
 -4.988  0.1343E-01
 -4.978  0.1386E-01
 -4.968  0.1426E-01
 -4.958  0.1463E-01
 -4.948  0.1496E-01
 -4.938  0.1527E-01
 -4.928  0.1556E-01
 -4.918  0.1581E-01
 -4.908  0.1605E-01
 -4.898  0.1628E-01
 -4.888  0.1648E-01
 -4.878  0.1668E-01
 -4.868  0.1687E-01
 -4.858  0.1704E-01
 -4.848  0.1720E-01
 -4.838  0.1735E-01
 -4.828  0.1746E-01
 -4.818  0.1755E-01
 -4.808  0.1759E-01
 -4.798  0.1758E-01
 -4.788  0.1752E-01
 -4.778  0.1738E-01
 -4.768  0.1716E-01
 -4.758  0.1687E-01
 -4.748  0.1648E-01
 -4.738  0.1600E-01
 -4.728  0.1543E-01
 -4.718  0.1477E-01
 -4.708  0.1404E-01
 -4.698  0.1324E-01
 -4.688  0.1238E-01
 -4.678  0.1148E-01
 -4.668  0.1055E-01
 -4.658  0.9608E-02
 -4.648  0.8669E-02
 -4.638  0.7749E-02
 -4.628  0.6860E-02
 -4.618  0.6014E-02
 -4.608  0.5220E-02
 -4.598  0.4486E-02
 -4.588  0.3817E-02
 -4.578  0.3214E-02
 -4.568  0.2679E-02
 -4.558  0.2210E-02
 -4.548  0.1804E-02
 -4.538  0.1457E-02
 -4.528  0.1165E-02
 -4.518  0.9218E-03
 -4.508  0.7215E-03
 -4.498  0.5589E-03
 -4.488  0.4283E-03
 -4.478  0.3247E-03
 -4.468  0.2436E-03
 -4.458  0.1808E-03
 -4.448  0.1328E-03
 -4.438  0.9645E-04
 -4.428  0.6932E-04
 -4.418  0.4929E-04
 -4.408  0.3468E-04
 -4.398  0.2413E-04
 -4.388  0.1661E-04
 -4.378  0.1132E-04
 -4.368  0.7626E-05
 -4.358  0.5083E-05
 -4.348  0.3352E-05
 -4.338  0.2187E-05
 -4.328  0.1411E-05
 -4.318  0.9012E-06
 -4.308  0.5692E-06
 -4.298  0.3557E-06
 -4.288  0.2198E-06
 -4.278  0.1344E-06
 -4.268  0.8133E-07
 -4.258  0.4867E-07
 -4.248  0.2881E-07
 -4.238  0.1687E-07
 -4.228  0.9776E-08
 -4.218  0.5603E-08
 -4.208  0.3177E-08
 -4.198  0.1782E-08
 -4.188  0.9887E-09
 -4.178  0.5427E-09
 -4.168  0.2947E-09
 -4.158  0.1583E-09
 -4.148  0.8413E-10
 -4.138  0.4423E-10
 -4.128  0.2300E-10
 -4.118  0.1183E-10
 -4.108  0.6022E-11
 -4.098  0.3032E-11
 -4.088  0.1510E-11
 -4.078  0.7440E-12
 -4.068  0.3626E-12
 -4.058  0.1748E-12
 -4.048  0.8340E-13
 -4.038  0.3935E-13
 -4.028  0.1837E-13
 -4.018  0.8483E-14
 -4.008  0.3875E-14
 -3.998  0.1751E-14
 -3.988  0.7829E-15
 -3.978  0.3462E-15
 -3.968  0.1515E-15
 -3.958  0.6556E-16
 -3.948  0.2807E-16
 -3.938  0.1189E-16
 -3.928  0.4981E-17
 -3.918  0.2065E-17
 -3.908  0.8466E-18
 -3.898  0.3434E-18
 -3.888  0.1378E-18
 -3.878  0.5470E-19
 -3.868  0.2148E-19
 -3.858  0.8345E-20
 -3.848  0.3207E-20
 -3.838  0.1219E-20
 -3.828  0.4585E-21
 -3.818  0.1706E-21
 -3.808  0.6278E-22
 -3.798  0.2286E-22
 -3.788  0.8234E-23
 -3.778  0.2934E-23
 -3.768  0.1034E-23
 -3.758  0.3606E-24
 -3.748  0.1244E-24
 -3.738  0.4244E-25
 -3.728  0.1433E-25
 -3.718  0.4785E-26
 -3.708  0.1581E-26
 -3.698  0.5166E-27
 -3.688  0.1670E-27
 -3.678  0.5341E-28
 -3.668  0.1690E-28
 -3.658  0.5289E-29
 -3.648  0.1638E-29
 -3.638  0.5016E-30
 -3.628  0.1520E-30
 -3.618  0.4556E-31
 -3.608  0.1351E-31
 -3.598  0.3963E-32
 -3.588  0.1150E-32
 -3.578  0.3301E-33
 -3.568  0.9374E-34
 -3.558  0.2634E-34
 -3.548  0.7319E-35
 -3.538  0.2012E-35
 -3.528  0.5473E-36
 -3.518  0.1472E-36
 -3.508  0.3919E-37
 -3.498  0.1032E-37
 -3.488  0.2688E-38
 -3.478  0.6926E-39
 -3.468  0.1765E-39
 -3.458  0.4452E-40
 -3.448  0.1110E-40
 -3.438  0.2740E-41
 -3.428  0.6690E-42
 -3.418  0.1616E-42
 -3.408  0.3860E-43
 -3.398  0.9122E-44
 -3.388  0.2133E-44
 -3.378  0.4932E-45
 -3.368  0.1129E-45
 -3.358  0.2554E-46
 -3.348  0.5719E-47
 -3.338  0.1267E-47
 -3.328  0.2776E-48
 -3.318  0.6017E-49
 -3.308  0.1290E-49
 -3.298  0.2737E-50
 -3.288  0.5744E-51
 -3.278  0.1193E-51
 -3.268  0.2449E-52
 -3.258  0.4976E-53
 -3.248  0.1000E-53
 -3.238  0.1988E-54
 -3.228  0.3910E-55
 -3.218  0.7608E-56
 -3.208  0.1464E-56
 -3.198  0.2788E-57
 -3.188  0.5253E-58
 -3.178  0.9788E-59
 -3.168  0.1804E-59
 -3.158  0.3290E-60
 -3.148  0.5935E-61
 -3.138  0.1059E-61
 -3.128  0.1870E-62
 -3.118  0.3266E-63
 -3.108  0.5642E-64
 -3.098  0.9643E-65
 -3.088  0.1630E-65
 -3.078  0.2727E-66
 -3.068  0.4512E-67
 -3.058  0.7385E-68
 -3.048  0.1196E-68
 -3.038  0.1916E-69
 -3.028  0.3035E-70
 -3.018  0.4758E-71
 -3.008  0.7380E-72
 -2.998  0.1135E-72
 -2.988  0.1930E-73
 -2.978  0.1661E-73
 -2.968  0.9243E-73
 -2.958  0.5973E-72
 -2.948  0.3833E-71
 -2.938  0.2434E-70
 -2.928  0.1529E-69
 -2.918  0.9499E-69
 -2.908  0.5839E-68
 -2.898  0.3550E-67
 -2.888  0.2136E-66
 -2.878  0.1271E-65
 -2.868  0.7482E-65
 -2.858  0.4357E-64
 -2.848  0.2510E-63
 -2.838  0.1431E-62
 -2.828  0.8066E-62
 -2.818  0.4499E-61
 -2.808  0.2482E-60
 -2.798  0.1355E-59
 -2.788  0.7315E-59
 -2.778  0.3907E-58
 -2.768  0.2064E-57
 -2.758  0.1079E-56
 -2.748  0.5580E-56
 -2.738  0.2855E-55
 -2.728  0.1445E-54
 -2.718  0.7232E-54
 -2.708  0.3581E-53
 -2.698  0.1755E-52
 -2.688  0.8504E-52
 -2.678  0.4077E-51
 -2.668  0.1934E-50
 -2.658  0.9073E-50
 -2.648  0.4211E-49
 -2.638  0.1934E-48
 -2.628  0.8783E-48
 -2.618  0.3947E-47
 -2.608  0.1754E-46
 -2.598  0.7714E-46
 -2.588  0.3356E-45
 -2.578  0.1444E-44
 -2.568  0.6148E-44
 -2.558  0.2589E-43
 -2.548  0.1079E-42
 -2.538  0.4446E-42
 -2.528  0.1813E-41
 -2.518  0.7311E-41
 -2.508  0.2917E-40
 -2.498  0.1151E-39
 -2.488  0.4496E-39
 -2.478  0.1737E-38
 -2.468  0.6636E-38
 -2.458  0.2508E-37
 -2.448  0.9380E-37
 -2.438  0.3470E-36
 -2.428  0.1270E-35
 -2.418  0.4597E-35
 -2.408  0.1646E-34
 -2.398  0.5833E-34
 -2.388  0.2044E-33
 -2.378  0.7088E-33
 -2.368  0.2431E-32
 -2.358  0.8249E-32
 -2.348  0.2769E-31
 -2.338  0.9194E-31
 -2.328  0.3020E-30
 -2.318  0.9814E-30
 -2.308  0.3155E-29
 -2.298  0.1003E-28
 -2.288  0.3156E-28
 -2.278  0.9822E-28
 -2.268  0.3024E-27
 -2.258  0.9209E-27
 -2.248  0.2774E-26
 -2.238  0.8269E-26
 -2.228  0.2438E-25
 -2.218  0.7111E-25
 -2.208  0.2052E-24
 -2.198  0.5857E-24
 -2.188  0.1654E-23
 -2.178  0.4620E-23
 -2.168  0.1277E-22
 -2.158  0.3490E-22
 -2.148  0.9437E-22
 -2.138  0.2525E-21
 -2.128  0.6681E-21
 -2.118  0.1749E-20
 -2.108  0.4530E-20
 -2.098  0.1161E-19
 -2.088  0.2942E-19
 -2.078  0.7376E-19
 -2.068  0.1830E-18
 -2.058  0.4489E-18
 -2.048  0.1090E-17
 -2.038  0.2617E-17
 -2.028  0.6216E-17
 -2.018  0.1461E-16
 -2.008  0.3396E-16
 -1.998  0.7810E-16
 -1.988  0.1777E-15
 -1.978  0.3999E-15
 -1.968  0.8903E-15
 -1.958  0.1961E-14
 -1.948  0.4273E-14
 -1.938  0.9210E-14
 -1.928  0.1964E-13
 -1.918  0.4143E-13
 -1.908  0.8645E-13
 -1.898  0.1785E-12
 -1.888  0.3645E-12
 -1.878  0.7363E-12
 -1.868  0.1472E-11
 -1.858  0.2910E-11
 -1.848  0.5691E-11
 -1.838  0.1101E-10
 -1.828  0.2108E-10
 -1.818  0.3992E-10
 -1.808  0.7480E-10
 -1.798  0.1386E-09
 -1.788  0.2542E-09
 -1.778  0.4611E-09
 -1.768  0.8274E-09
 -1.758  0.1469E-08
 -1.748  0.2580E-08
 -1.738  0.4483E-08
 -1.728  0.7706E-08
 -1.718  0.1311E-07
 -1.708  0.2205E-07
 -1.698  0.3671E-07
 -1.688  0.6047E-07
 -1.678  0.9854E-07
 -1.668  0.1589E-06
 -1.658  0.2535E-06
 -1.648  0.4001E-06
 -1.638  0.6248E-06
 -1.628  0.9656E-06
 -1.618  0.1477E-05
 -1.608  0.2235E-05
 -1.598  0.3346E-05
 -1.588  0.4959E-05
 -1.578  0.7273E-05
 -1.568  0.1056E-04
 -1.558  0.1517E-04
 -1.548  0.2157E-04
 -1.538  0.3036E-04
 -1.528  0.4231E-04
 -1.518  0.5838E-04
 -1.508  0.7975E-04
 -1.498  0.1079E-03
 -1.488  0.1445E-03
 -1.478  0.1917E-03
 -1.468  0.2520E-03
 -1.458  0.3280E-03
 -1.448  0.4231E-03
 -1.438  0.5408E-03
 -1.428  0.6849E-03
 -1.418  0.8599E-03
 -1.408  0.1070E-02
 -1.398  0.1321E-02
 -1.388  0.1616E-02
 -1.378  0.1962E-02
 -1.368  0.2361E-02
 -1.358  0.2820E-02
 -1.348  0.3342E-02
 -1.338  0.3929E-02
 -1.328  0.4585E-02
 -1.318  0.5311E-02
 -1.308  0.6105E-02
 -1.298  0.6966E-02
 -1.288  0.7889E-02
 -1.278  0.8870E-02
 -1.268  0.9898E-02
 -1.258  0.1096E-01
 -1.248  0.1205E-01
 -1.238  0.1315E-01
 -1.228  0.1423E-01
 -1.218  0.1529E-01
 -1.208  0.1629E-01
 -1.198  0.1722E-01
 -1.188  0.1805E-01
 -1.178  0.1876E-01
 -1.168  0.1934E-01
 -1.158  0.1976E-01
 -1.148  0.2001E-01
 -1.138  0.2008E-01
 -1.128  0.1997E-01
 -1.118  0.1968E-01
 -1.108  0.1921E-01
 -1.098  0.1857E-01
 -1.088  0.1778E-01
 -1.078  0.1687E-01
 -1.068  0.1584E-01
 -1.058  0.1473E-01
 -1.048  0.1356E-01
 -1.038  0.1236E-01
 -1.028  0.1115E-01
 -1.018  0.9956E-02
 -1.008  0.8802E-02
 -0.998  0.7704E-02
 -0.988  0.6676E-02
 -0.978  0.5728E-02
 -0.968  0.4869E-02
 -0.958  0.4103E-02
 -0.948  0.3432E-02
 -0.938  0.2854E-02
 -0.928  0.2367E-02
 -0.918  0.1969E-02
 -0.908  0.1656E-02
 -0.898  0.1422E-02
 -0.888  0.1264E-02
 -0.878  0.1180E-02
 -0.868  0.1166E-02
 -0.858  0.1222E-02
 -0.848  0.1347E-02
 -0.838  0.1542E-02
 -0.828  0.1808E-02
 -0.818  0.2145E-02
 -0.808  0.2556E-02
 -0.798  0.3041E-02
 -0.788  0.3600E-02
 -0.778  0.4232E-02
 -0.768  0.4933E-02
 -0.758  0.5698E-02
 -0.748  0.6520E-02
 -0.738  0.7390E-02
 -0.728  0.8297E-02
 -0.718  0.9227E-02
 -0.708  0.1017E-01
 -0.698  0.1110E-01
 -0.688  0.1202E-01
 -0.678  0.1291E-01
 -0.668  0.1376E-01
 -0.658  0.1456E-01
 -0.648  0.1531E-01
 -0.638  0.1602E-01
 -0.628  0.1667E-01
 -0.618  0.1730E-01
 -0.608  0.1790E-01
 -0.598  0.1850E-01
 -0.588  0.1911E-01
 -0.578  0.1976E-01
 -0.568  0.2046E-01
 -0.558  0.2122E-01
 -0.548  0.2206E-01
 -0.538  0.2299E-01
 -0.528  0.2401E-01
 -0.518  0.2510E-01
 -0.508  0.2625E-01
 -0.498  0.2744E-01
 -0.488  0.2864E-01
 -0.478  0.2981E-01
 -0.468  0.3093E-01
 -0.458  0.3194E-01
 -0.448  0.3281E-01
 -0.438  0.3350E-01
 -0.428  0.3398E-01
 -0.418  0.3422E-01
 -0.408  0.3421E-01
 -0.398  0.3393E-01
 -0.388  0.3339E-01
 -0.378  0.3260E-01
 -0.368  0.3157E-01
 -0.358  0.3033E-01
 -0.348  0.2892E-01
 -0.338  0.2738E-01
 -0.328  0.2573E-01
 -0.318  0.2404E-01
 -0.308  0.2233E-01
 -0.298  0.2064E-01
 -0.288  0.1901E-01
 -0.278  0.1747E-01
 -0.268  0.1604E-01
 -0.258  0.1472E-01
 -0.248  0.1354E-01
 -0.238  0.1249E-01
 -0.228  0.1157E-01
 -0.218  0.1076E-01
 -0.208  0.1007E-01
 -0.198  0.9467E-02
 -0.188  0.8944E-02
 -0.178  0.8483E-02
 -0.168  0.8069E-02
 -0.158  0.7689E-02
 -0.148  0.7330E-02
 -0.138  0.6986E-02
 -0.128  0.6650E-02
 -0.118  0.6322E-02
 -0.108  0.6003E-02
 -0.098  0.5696E-02
 -0.088  0.5407E-02
 -0.078  0.5146E-02
 -0.068  0.4920E-02
 -0.058  0.4742E-02
 -0.048  0.4620E-02
 -0.038  0.4564E-02
 -0.028  0.4584E-02
 -0.018  0.4686E-02
 -0.008  0.4875E-02
  0.002  0.5156E-02
  0.012  0.5529E-02
  0.022  0.5993E-02
  0.032  0.6543E-02
  0.042  0.7173E-02
  0.052  0.7875E-02
  0.062  0.8638E-02
  0.072  0.9448E-02
  0.082  0.1029E-01
  0.092  0.1115E-01
  0.102  0.1201E-01
  0.112  0.1286E-01
  0.122  0.1367E-01
  0.132  0.1443E-01
  0.142  0.1513E-01
  0.152  0.1575E-01
  0.162  0.1628E-01
  0.172  0.1671E-01
  0.182  0.1704E-01
  0.192  0.1725E-01
  0.202  0.1734E-01
  0.212  0.1733E-01
  0.222  0.1720E-01
  0.232  0.1697E-01
  0.242  0.1666E-01
  0.252  0.1626E-01
  0.262  0.1579E-01
  0.272  0.1527E-01
  0.282  0.1472E-01
  0.292  0.1414E-01
  0.302  0.1356E-01
  0.312  0.1298E-01
  0.322  0.1241E-01
  0.332  0.1186E-01
  0.342  0.1134E-01
  0.352  0.1086E-01
  0.362  0.1040E-01
  0.372  0.9971E-02
  0.382  0.9567E-02
  0.392  0.9181E-02
  0.402  0.8807E-02
  0.412  0.8439E-02
  0.422  0.8071E-02
  0.432  0.7697E-02
  0.442  0.7313E-02
  0.452  0.6915E-02
  0.462  0.6504E-02
  0.472  0.6080E-02
  0.482  0.5644E-02
  0.492  0.5201E-02
  0.502  0.4755E-02
  0.512  0.4310E-02
  0.522  0.3873E-02
  0.532  0.3448E-02
  0.542  0.3041E-02
  0.552  0.2657E-02
  0.562  0.2299E-02
  0.572  0.1969E-02
  0.582  0.1669E-02
  0.592  0.1401E-02
  0.602  0.1164E-02
  0.612  0.9571E-03
  0.622  0.7787E-03
  0.632  0.6270E-03
  0.642  0.4996E-03
  0.652  0.3939E-03
  0.662  0.3073E-03
  0.672  0.2372E-03
  0.682  0.1812E-03
  0.692  0.1369E-03
  0.702  0.1024E-03
  0.712  0.7576E-04
  0.722  0.5546E-04
  0.732  0.4017E-04
  0.742  0.2878E-04
  0.752  0.2040E-04
  0.762  0.1431E-04
  0.772  0.9933E-05
  0.782  0.6820E-05
  0.792  0.4633E-05
  0.802  0.3114E-05
  0.812  0.2070E-05
  0.822  0.1362E-05
  0.832  0.8866E-06
  0.842  0.5710E-06
